Name,Length,EffectiveLength,TPM,NumReads
PNW88964,1327,1147.308,14.916527,118.632
PNW89007,5090,4910.308,0.168050,5.720
PNW89008,3975,3795.308,0.000000,0.000
PNW87871,2041,1861.308,0.000000,0.000
PNW88663,2930,2750.308,3.776579,72.000
PNW87935,3925,3745.308,6.164879,160.053
PNW88719,3075,2895.308,0.000000,0.000
PNW88720,2102,1922.308,0.000000,0.000
PNW89054,1495,1315.308,30.929196,282.000
PNW88445,6061,5881.308,2.231732,90.985
PNW88986,3053,2873.308,3.414453,68.007
PNW87807,9739,9559.308,1.328056,88.003
PNW88379,4494,4314.308,24.430369,730.624
PNW88378,1626,1446.308,0.000000,0.000
PNW88412,1716,1536.308,38.593211,411.000
PNW89087,3057,2877.308,0.100340,2.001
PNW88665,1622,1442.308,9.802017,98.000
PNW88890,2518,2338.308,17.900510,290.148
PNW87944,2485,2305.308,20.024587,319.996
PNW88976,3201,3021.308,10.552588,221.007
PNW88531,1625,1445.308,35.303130,353.693
PNW88118,2291,2111.308,64.979674,951.003
PNW88228,3943,3763.308,3.718343,97.000
PNW88639,2099,1919.308,102.023175,1357.363
PNW88721,1108,928.308,1.709417,11.000
PNW88722,381,204.563,0.000000,0.000
PNW88450,8748,8568.308,0.221737,13.170
PNW88449,5442,5262.308,0.000000,0.000
PNW87746,3203,3023.308,6.210755,130.161
PNW88263,1500,1320.308,5.244612,48.000
PNW88830,3784,3604.308,0.000000,0.000
PNW87919,3200,3020.308,2.865810,60.000
PNW87844,10605,10425.308,2.766978,199.962
PNW87843,10599,10419.308,2.269937,163.948
PNW88086,6004,5824.308,18.381184,742.114
PNW88642,626,446.632,0.000000,0.000
PNW87833,1287,1107.308,0.000000,0.000
PNW87832,2976,2796.308,10.318057,200.003
PNW88471,5077,4897.308,20.937016,710.763
PNW87887,2536,2356.308,22.845391,373.150
PNW89021,2091,1911.308,3.396481,45.000
PNW89093,5615,5435.308,8.892264,335.034
PNW87829,2526,2346.308,0.000000,0.000
PNW88777,691,511.561,131.751060,467.201
PNW88254,2082,1902.308,7.211156,95.091
PNW88534,2183,2003.308,2.376445,33.001
PNW87785,2502,2322.308,0.621195,10.000
PNW88324,2416,2236.308,76.283128,1182.531
PNW88510,1200,1020.308,0.000000,0.000
PNW88509,1921,1741.308,305.528746,3687.910
PNW87979,4252,4072.308,0.000000,0.000
PNW88221,3217,3037.308,8.976776,189.000
PNW88340,3049,2869.308,0.452494,9.000
PNW89032,1285,1105.308,3.132386,24.000
PNW87890,985,805.313,3.940991,22.000
PNW87780,2525,2345.308,4.244208,69.000
PNW87864,1535,1355.308,14.871086,139.712
PNW88904,2758,2578.308,12.070411,215.729
PNW88248,2355,2175.308,3.972097,59.895
PNW88249,2334,2154.308,2.819483,42.105
PNW88667,6336,6156.308,1.663787,71.002
PNW89099,3472,3292.308,0.000000,0.000
PNW88337,5050,4870.308,54.709374,1847.016
PNW88648,1640,1460.308,68.980253,698.268
PNW88734,1260,1080.308,11.095862,83.092
PNW88863,5246,5066.308,0.427117,15.000
PNW89046,2706,2526.308,1.713099,30.000
PNW88562,2259,2079.308,3.399760,49.003
PNW87750,3789,3609.308,2.238265,56.000
PNW88182,4240,4060.308,9.937655,279.702
PNW88834,2719,2539.308,82.857739,1458.482
PNW87892,2450,2270.308,0.000000,0.000
PNW87863,2342,2162.308,51.066949,765.438
PNW88723,1039,859.308,0.000000,0.000
PNW88724,668,488.582,0.000000,0.000
PNW88500,7078,6898.308,0.480986,23.000
PNW87862,653,473.594,0.913823,3.000
PNW88583,2695,2515.308,10.266190,179.000
PNW88312,2252,2072.308,4.878696,70.083
PNW88636,3185,3005.308,17.235134,359.051
PNW88366,6437,6257.308,3.089333,134.000
PNW88532,3155,2975.308,0.242430,5.000
PNW88199,6286,6106.308,5.528211,234.000
PNW88852,1610,1430.308,5.244706,52.000
PNW89003,3179,2999.308,0.096196,2.000
PNW88553,4592,4412.308,0.392340,12.000
PNW88261,2092,1912.308,21.434424,284.133
PNW88931,3412,3232.308,18.803897,421.321
PNW87865,3055,2875.308,124.565134,2482.753
PNW87757,3143,2963.308,0.389458,8.000
PNW88745,1926,1746.308,7.208887,87.265
PNW87855,1525,1345.308,16.157889,150.681
PNW88710,4192,4012.308,5.239778,145.734
PNW88711,3903,3723.308,2.296807,59.280
PNW88138,8196,8016.308,59.990747,3333.582
PNW88226,2906,2726.308,3.968707,75.003
PNW88311,8639,8459.308,2.284336,133.951
PNW88702,1178,998.308,26.116661,180.732
PNW88853,2144,1964.308,0.954731,13.000
PNW88715,1546,1366.308,0.211168,2.000
PNW88758,4378,4198.308,3.091332,89.965
PNW87782,531,351.908,0.000000,0.000
PNW87781,2452,2272.308,19.668054,309.800
PNW88230,1496,1316.308,127.369180,1162.183
PNW87752,4376,4196.308,3.403491,99.002
PNW88916,8520,8340.308,2.450860,141.695
PNW88917,5952,5772.308,0.137350,5.496
PNW87954,6669,6489.308,0.404375,18.190
PNW88287,1215,1035.308,1.114725,8.000
PNW88286,1203,1023.308,0.000000,0.000
PNW88436,2741,2561.308,33.009301,586.072
PNW87861,1896,1716.308,92.926568,1105.574
PNW88680,3646,3466.308,3.121361,75.000
PNW88028,1388,1208.308,6.447086,54.000
PNW88176,2289,2109.308,15.462649,226.087
PNW88177,2112,1932.308,6.292991,84.292
PNW88147,2007,1827.308,96.526756,1222.678
PNW88951,6002,5822.308,0.311612,12.577
PNW88950,5025,4845.308,9.493241,318.851
PNW89029,1995,1815.308,12.794450,161.000
PNW88504,3172,2992.308,9.497736,197.006
PNW88598,1055,875.308,2.307355,14.000
PNW89070,1864,1684.308,12.424263,145.059
PNW87990,5262,5082.308,0.369003,13.000
PNW88685,3358,3178.308,1.906342,42.000
PNW88714,3211,3031.308,8.462693,177.824
PNW88467,2592,2412.308,2.272471,38.000
PNW88784,5838,5658.308,5.099069,200.000
PNW88157,1809,1629.308,0.000000,0.000
PNW88095,2268,2088.308,0.000000,0.000
PNW88096,3494,3314.308,4.135025,95.000
PNW88770,1280,1100.308,0.000000,0.000
PNW88771,399,221.843,0.000000,0.000
PNW88137,3456,3276.308,0.660471,15.000
PNW88473,4298,4118.308,8.403937,239.913
PNW88472,4554,4374.308,0.896887,27.196
PNW87795,2615,2435.308,9.123037,154.009
PNW88753,2855,2675.308,18.280093,339.004
PNW88088,1679,1499.308,703.683220,7313.423
PNW88089,1749,1569.308,0.000000,0.000
PNW88355,7175,6995.308,13.655286,662.156
PNW88615,1257,1077.308,39.238992,293.029
PNW88797,1831,1651.308,0.087361,1.000
PNW87988,6932,6752.308,1.738662,81.380
PNW88264,2172,1992.308,0.144817,2.000
PNW88358,5884,5704.308,8.523445,337.032
PNW88267,22598,22418.308,0.534100,83.000
PNW88508,2242,2062.308,57.776032,825.950
PNW87754,1326,1146.308,0.000000,0.000
PNW87753,1338,1158.308,7.846281,63.000
PNW88442,5968,5788.308,40.168684,1611.728
PNW88889,3866,3686.308,6.101027,155.900
PNW88494,8300,8120.308,0.515197,29.000
PNW88854,2101,1921.308,24.592497,327.531
PNW87854,12099,11919.308,7.902420,652.926
PNW88390,6288,6108.308,0.501603,21.239
PNW88388,7467,7287.308,1.103853,55.761
PNW88389,6285,6105.308,0.000000,0.000
PNW88626,5613,5433.308,0.345165,13.000
PNW88231,1378,1198.308,229.080860,1902.873
PNW88241,10492,10312.308,1.135077,81.140
PNW88578,1790,1610.308,21.938825,244.892
PNW89018,2722,2542.308,2.837196,50.000
PNW87737,2900,2720.308,2.015176,38.000
PNW88993,1804,1624.308,7.371521,83.000
PNW87850,1319,1139.308,15.596586,123.175
PNW88003,2490,2310.308,5.432463,87.000
PNW88031,7175,6995.308,2.956551,143.366
PNW88030,6765,6585.308,0.211057,9.634
PNW88035,4587,4407.308,7.266627,222.003
PNW88427,1574,1394.308,5.484904,53.013
PNW88376,5436,5256.308,0.646937,23.572
PNW87784,4412,4232.308,1.670191,49.000
PNW87851,1543,1363.308,141.496552,1337.188
PNW88622,3742,3562.308,0.080993,2.000
PNW88308,6227,6047.308,1.693728,71.000
PNW88067,2202,2022.308,0.416139,5.834
PNW88068,1991,1811.308,20.894712,262.350
PNW88996,2857,2677.308,2.586436,48.001
PNW88645,2969,2789.308,1.189539,23.000
PNW88856,2031,1851.308,83.786889,1075.245
PNW88265,7767,7587.308,1.082663,56.942
PNW87819,3938,3758.308,0.714146,18.605
PNW87820,3935,3755.308,2.129164,55.425
PNW88403,1185,1005.308,2.726477,19.000
PNW88848,4438,4258.308,0.203265,6.000
PNW88354,4224,4044.308,1.248450,35.000
PNW88808,2540,2360.308,0.235168,3.848
PNW88807,2028,1848.308,0.000000,0.000
PNW88809,809,629.467,0.000000,0.000
PNW88104,3768,3588.308,0.000000,0.000
PNW88103,5791,5611.308,1.912158,74.377
PNW88527,3902,3722.308,5.232922,135.023
PNW87987,1972,1792.308,8.773265,109.000
PNW88314,1261,1081.308,8.529356,63.932
PNW88039,2227,2047.308,1.325866,18.816
PNW88038,2917,2737.308,0.167784,3.184
PNW88002,1968,1788.308,4.517447,56.000
PNW88505,4315,4135.308,2.721382,78.010
PNW89059,4469,4289.308,0.512559,15.240
PNW88071,5392,5212.308,0.193738,7.000
PNW88072,5422,5242.308,0.000000,0.000
PNW88339,1806,1626.308,5.677074,64.000
PNW88837,1351,1171.308,5.788608,47.000
PNW88913,3607,3427.308,1.725751,41.000
PNW88124,4773,4593.308,3.643177,116.000
PNW87931,4409,4229.308,1.263830,37.052
PNW87930,4878,4698.308,0.000000,0.000
PNW88169,3129,2949.308,3.222838,65.889
PNW88170,2175,1995.308,4.490815,62.114
PNW88709,4378,4198.308,21.196593,616.869
PNW87950,6475,6295.308,0.527058,23.000
PNW88783,4764,4584.308,0.126982,4.035
PNW88796,3824,3644.308,0.000000,0.000
PNW88208,3219,3039.308,6.664414,140.407
PNW88183,3361,3181.308,0.176519,3.893
PNW89038,1489,1309.308,1.322168,12.000
PNW88963,3485,3305.308,2.705996,62.000
PNW88173,3958,3778.308,0.385909,10.107
PNW88133,1283,1103.308,8.891182,68.000
PNW88597,1497,1317.308,44.572219,407.009
PNW88930,1848,1668.308,16.434356,190.056
PNW88706,2958,2778.308,1.974049,38.018
PNW88705,2967,2787.308,0.413111,7.982
PNW88225,10299,10119.308,0.057024,4.000
PNW88880,2417,2237.308,107.797910,1671.817
PNW88284,1937,1757.308,59.525903,725.114
PNW88090,1425,1245.308,1.853491,16.000
PNW88414,1802,1622.308,5.779995,65.000
PNW87838,3605,3425.308,16.642157,395.150
PNW88511,1547,1367.308,29.541620,279.997
PNW87842,2460,2280.308,0.570595,9.019
PNW88801,1126,946.308,0.914673,6.000
PNW89097,1326,1146.308,0.000000,0.000
PNW87971,815,635.460,0.000000,0.000
PNW88773,472,293.330,0.000000,0.000
PNW87808,1262,1082.308,46.537363,349.145
PNW88413,2215,2035.308,39.196059,553.000
PNW88056,1858,1678.308,1.467306,17.070
PNW88246,1471,1291.308,7.820159,70.000
PNW88921,6139,5959.308,9.012561,372.303
PNW88862,6066,5886.308,2.205703,90.000
PNW88977,1920,1740.308,0.000000,0.000
PNW88635,9515,9335.308,3.677870,238.000
PNW88569,669,489.582,0.000000,0.000
PNW88570,1796,1616.308,0.000000,0.000
PNW87939,3404,3224.308,6.891016,154.018
PNW88415,4917,4737.308,3.685408,121.024
PNW88361,1615,1435.308,5.869759,58.401
PNW88362,432,253.936,3.749210,6.600
PNW88394,1026,846.308,8.863846,52.000
PNW88887,5521,5341.308,3.295032,122.000
PNW88602,2746,2566.308,3.260368,58.000
PNW88892,1423,1243.308,17.157196,147.869
PNW89011,3116,2936.308,2.212593,45.036
PNW88612,1596,1416.308,21.186207,208.000
PNW88539,937,757.328,1.904863,10.000
PNW89014,2313,2133.308,2.569671,38.000
PNW88825,8218,8038.308,4.020265,224.012
PNW87773,1599,1419.308,0.000000,0.000
PNW88383,1179,999.308,46.775871,324.022
PNW88983,1362,1182.308,0.000000,0.000
PNW88984,1806,1626.308,4.969425,56.022
PNW88816,2577,2397.308,4.241806,70.490
PNW89069,1338,1158.308,45.966802,369.080
PNW88210,14240,14060.308,2.370089,231.000
PNW88818,3078,2898.308,7.275109,146.163
PNW88167,1426,1246.308,788.335888,6810.662
PNW88513,3372,3192.308,5.603564,124.000
PNW88180,5267,5087.308,0.000000,0.000
PNW88179,1644,1464.308,0.000000,0.000
PNW88426,1429,1249.308,21.132393,183.008
PNW88934,8424,8244.308,0.244975,14.000
PNW88410,2547,2367.308,53.679004,880.870
PNW88411,2253,2073.308,17.354551,249.419
PNW88634,8125,7945.308,1.652259,91.000
PNW88958,1422,1242.308,7.896361,68.000
PNW87823,2458,2278.308,5.382127,85.000
PNW87804,2329,2149.308,0.398311,5.934
PNW87803,2350,2170.308,0.137303,2.066
PNW87951,3208,3028.308,0.619290,13.000
PNW87952,1119,939.308,0.000000,0.000
PNW88655,2973,2793.308,0.000000,0.000
PNW88409,953,773.323,17.721891,95.000
PNW88590,3531,3351.308,0.947013,22.000
PNW87874,1147,967.308,74.143294,497.152
PNW88350,8756,8576.308,2.825954,168.003
PNW87778,2289,2109.308,56.882182,831.704
PNW88474,1721,1541.308,199.284937,2129.200
PNW88673,4655,4475.308,5.447675,169.000
PNW88922,2162,1982.308,0.375163,5.155
PNW88923,2165,1985.308,1.659997,22.845
PNW89009,5771,5591.308,490.802248,19022.715
PNW88116,3408,3228.308,0.918759,20.560
PNW88117,3003,2823.308,11.289148,220.939
PNW87755,1360,1180.308,77.449212,633.673
PNW88599,1260,1080.308,0.000000,0.000
PNW88600,1721,1541.308,1.029558,11.000
PNW88455,2305,2125.308,5.385964,79.348
PNW88454,2254,2074.308,5.052655,72.652
PNW88742,9858,9678.308,6.402874,429.563
PNW87908,3020,2840.308,0.378829,7.459
PNW87822,2648,2468.308,0.350671,6.000
PNW87848,2554,2374.308,256.619306,4223.563
PNW88233,886,706.367,0.000000,0.000
PNW88294,3790,3610.308,5.234491,131.000
PNW88644,2993,2813.308,0.000000,0.000
PNW88406,2677,2497.308,3.003853,52.000
PNW88357,5698,5518.308,2.954064,113.000
PNW87818,3192,3012.308,1.436711,30.000
PNW88633,3909,3729.308,0.502878,13.000
PNW88374,5221,5041.308,1.623172,56.723
PNW87749,2496,2316.308,11.577115,185.887
PNW88595,4966,4786.308,0.934348,31.000
PNW88567,3249,3069.308,15.417379,328.022
PNW87771,1857,1677.308,22.171850,257.791
PNW87866,2185,2005.308,6.331034,88.005
PNW88345,1867,1687.308,70.751667,827.530
PNW88363,4520,4340.308,0.530258,15.954
PNW88960,4311,4131.308,11.593418,332.010
PNW88658,1531,1351.308,57.963075,542.948
PNW88832,3783,3603.308,0.000000,0.000
PNW88573,1562,1382.308,0.834896,8.000
PNW88743,13751,13571.308,0.055373,5.209
PNW87948,7449,7269.308,3.555604,179.167
PNW87883,1763,1583.308,0.000000,0.000
PNW87809,2415,2235.308,8.082075,125.231
PNW88218,6664,6484.308,0.756420,34.000
PNW87835,10952,10772.308,2.184176,163.098
PNW88694,4668,4488.308,2.265616,70.489
PNW88695,4298,4118.308,0.000000,0.000
PNW88696,3603,3423.308,0.000000,0.000
PNW88833,6997,6817.308,0.728884,34.445
PNW88868,2191,2011.308,0.215174,3.000
PNW88006,1544,1364.308,20.824715,196.945
PNW88811,1776,1596.308,18.889628,209.022
PNW88690,2596,2416.308,0.240356,4.026
PNW88552,2998,2818.308,1.074925,21.000
PNW88971,13179,12999.308,1.679419,151.332
PNW89067,1737,1557.308,0.185269,2.000
PNW87745,2288,2108.308,6.226654,91.000
PNW88558,1144,964.308,60.887195,407.000
PNW89050,5302,5122.308,1.748009,62.067
PNW88755,1168,988.308,20.183699,138.276
PNW88768,2975,2795.308,10.579658,205.000
PNW87756,2478,2298.308,69.093305,1100.770
PNW87937,4059,3879.308,14.355793,386.042
PNW88391,1375,1195.308,21.965390,182.000
PNW88620,2211,2031.308,3.906019,55.000
PNW88499,3302,3122.308,23.056091,499.015
PNW88507,6609,6429.308,0.403883,18.000
PNW87980,1939,1759.308,4.017923,49.000
PNW88214,2673,2493.308,3.702993,64.000
PNW88684,4286,4106.308,3.126698,89.000
PNW88348,2235,2055.308,10.177439,145.000
PNW87825,1357,1177.308,3.303777,26.962
PNW88247,6435,6255.308,0.553490,24.000
PNW88462,3049,2869.308,4.424763,88.008
PNW88093,2334,2154.308,8.437772,126.005
PNW88524,8499,8319.308,10.723283,618.397
PNW88522,6909,6729.308,0.376562,17.565
PNW88523,6906,6726.308,0.086590,4.037
PNW89053,6638,6458.308,0.357395,16.000
PNW87896,4058,3878.308,0.000000,0.000
PNW88554,2482,2302.308,4.323476,69.000
PNW87775,6191,6011.308,0.000000,0.000
PNW87774,6119,5939.308,10.613587,436.969
PNW88708,7574,7394.308,3.965331,203.250
PNW88313,1406,1226.308,6.185597,52.582
PNW88643,2032,1852.308,528.578691,6786.962
PNW89004,5945,5765.308,5.432475,217.106
PNW88769,2683,2503.308,12.367972,214.618
PNW88260,2507,2327.308,31.777686,512.659
PNW88575,1708,1528.308,0.000000,0.000
PNW88433,1804,1624.308,275.048042,3096.917
PNW88521,450,271.616,0.000000,0.000
PNW88446,3290,3110.308,61.768767,1331.757
PNW88844,2162,1982.308,6.265041,86.089
PNW88106,2168,1988.308,5.659243,78.000
PNW88032,6385,6205.308,9.301514,400.101
PNW88676,3406,3226.308,5.235095,117.080
PNW87859,3269,3089.308,31.110095,666.216
PNW88646,3728,3548.308,10.416878,256.219
PNW88804,4934,4754.308,1.881273,62.000
PNW88657,1779,1599.308,0.000000,0.000
PNW87751,3718,3538.308,0.407710,10.000
PNW88022,3965,3785.308,7.567639,198.570
PNW88023,2325,2145.308,1.373793,20.430
PNW88969,2831,2651.308,1.305978,24.002
PNW87920,2227,2047.308,16.035228,227.568
PNW88333,4351,4171.308,6.017655,174.001
PNW87881,2840,2660.308,0.867632,16.000
PNW87766,2724,2544.308,1.814379,32.000
PNW88785,1441,1261.308,34.084738,298.012
PNW88328,2141,1961.308,0.077623,1.055
PNW87788,3259,3079.308,0.327958,7.000
PNW87789,3262,3082.308,0.000000,0.000
PNW87872,2060,1880.308,0.000000,0.000
PNW88452,2618,2438.308,141.408654,2390.106
PNW88463,7727,7547.308,3.294847,172.377
PNW88202,3897,3717.308,4.540572,117.002
PNW87797,1361,1181.308,13.815672,113.133
PNW88627,1194,1014.308,13.092907,92.057
PNW88790,2149,1969.308,3.149940,43.000
PNW88421,3720,3540.308,25.631392,629.022
PNW88910,1907,1727.308,42.351115,507.093
PNW88911,594,414.708,0.000000,0.000
PNW87975,5539,5359.308,3.364719,125.000
PNW88243,4080,3900.308,41.040506,1109.594
PNW88459,5386,5206.308,33.086085,1194.064
PNW88561,2499,2319.308,1.554995,25.000
PNW88752,1603,1423.308,17.659528,174.233
PNW87911,3009,2829.308,0.000000,0.000
PNW88395,1905,1725.308,33.696580,403.000
PNW88660,1529,1349.308,3175.670677,29702.922
PNW88661,1768,1588.308,0.000000,0.000
PNW88437,5848,5668.308,3.461250,136.000
PNW88537,2820,2640.308,3.332903,61.000
PNW87912,2223,2043.308,9.319390,132.000
PNW88229,2905,2725.308,6.198093,117.092
PNW88691,652,472.595,0.000000,0.000
PNW87792,3060,2880.308,2.103574,42.000
PNW87791,3078,2898.308,0.000000,0.000
PNW88417,1988,1808.308,4.307931,54.000
PNW87738,5955,5775.308,1.498731,60.000
PNW88884,4419,4239.308,19.267416,566.201
PNW88885,4724,4544.308,12.951881,407.993
PNW88274,1307,1127.308,2.047504,16.000
PNW87786,1182,1002.308,57.502601,399.523
PNW87849,3793,3613.308,18.162878,454.928
PNW88900,4527,4347.308,119.585697,3603.730
PNW88748,3639,3459.308,768.605323,18430.842
PNW88440,3313,3133.308,18.830747,409.000
PNW88053,6891,6711.308,0.000000,0.000
PNW88054,6894,6714.308,8.373074,389.707
PNW88368,1960,1780.308,2.025780,25.000
PNW88037,3187,3007.308,26.976672,562.366
PNW88036,3232,3052.308,5.182697,109.657
PNW88571,3346,3166.308,94.900576,2082.929
PNW88617,1002,822.308,0.000000,0.000
PNW88618,2579,2399.308,0.758734,12.619
PNW88619,2162,1982.308,0.000000,0.000
PNW88775,4981,4801.308,1.832811,61.000
PNW88774,3333,3153.308,0.000000,0.000
PNW88881,1264,1084.308,121.665790,914.479
PNW87968,2327,2147.308,1.027581,15.295
PNW87967,1803,1623.308,15.169350,170.695
PNW88262,8500,8320.308,6.401959,369.237
PNW88516,5692,5512.308,3.748139,143.219
PNW88517,5734,5554.308,0.000000,0.000
PNW88987,2942,2762.308,3.135771,60.044
PNW87813,2654,2474.308,0.000000,0.000
PNW87812,2615,2435.308,0.059237,1.000
PNW88418,2129,1949.308,13.785695,186.278
PNW89040,2082,1902.308,1.289186,17.000
PNW88207,2707,2527.308,5.993473,105.000
PNW87884,2582,2402.308,6.845790,114.000
PNW87858,1263,1083.308,1.023650,7.687
PNW87857,2537,2357.308,2.345069,38.320
PNW87941,395,217.990,0.000000,0.000
PNW87942,3845,3665.308,11.316453,287.524
PNW87943,3864,3684.308,8.790666,224.507
PNW88291,7036,6856.308,0.504973,24.000
PNW89033,1399,1219.308,22.523227,190.369
PNW88731,3707,3527.308,1.226946,30.000
PNW87783,3260,3080.308,3.559319,76.000
PNW89048,7419,7239.308,0.059782,3.000
PNW87910,1283,1103.308,0.000000,0.000
PNW88163,3587,3407.308,2.159266,51.000
PNW89061,3318,3138.308,5.194346,113.000
PNW87790,1973,1793.308,4.343965,54.000
PNW89086,1504,1324.308,0.108933,1.000
PNW88990,4389,4209.308,4.112665,120.001
PNW88392,3527,3347.308,0.000000,0.000
PNW88393,3837,3657.308,0.473333,12.000
PNW88672,2085,1905.308,27.722850,366.147
PNW88872,2843,2663.308,7.632395,140.908
PNW88883,6501,6321.308,1.369294,60.001
PNW88907,2790,2610.308,11.832908,214.109
PNW88115,3692,3512.308,9.777469,238.052
PNW88320,1650,1470.308,4.807675,49.000
PNW88008,2941,2761.308,0.000000,0.000
PNW88007,2902,2722.308,0.582912,11.000
PNW88069,6836,6656.308,0.390110,18.000
PNW87768,2539,2359.308,25.132704,411.033
PNW88193,1964,1784.308,4.608424,57.000
PNW88424,1829,1649.308,36.643370,418.938
PNW89052,8402,8222.308,0.263175,15.000
PNW88242,2389,2209.308,1.828307,28.000
PNW88185,4583,4403.308,4.894628,149.400
PNW88849,1473,1293.308,6.026538,54.028
PNW88735,9846,9666.308,0.000000,0.000
PNW88912,5370,5190.308,2.035914,73.250
PNW88428,1488,1308.308,31.437098,285.105
PNW89095,2025,1845.308,35.963801,460.031
PNW88586,4110,3930.308,9.286272,253.000
PNW89056,4202,4022.308,0.176211,4.913
PNW89055,3495,3315.308,0.317207,7.290
PNW88114,2153,1973.308,10.523924,143.954
PNW88533,2508,2328.308,0.991350,16.000
PNW87867,447,268.659,0.000000,0.000
PNW88307,8999,8819.308,0.229003,14.000
PNW89083,2077,1897.308,8.439808,111.000
PNW89073,1248,1068.308,6.617148,49.003
PNW89077,4939,4759.308,17.511254,577.715
PNW89076,4870,4690.308,0.000000,0.000
PNW89013,1487,1307.308,17.005418,154.105
PNW87801,2571,2391.308,0.000000,0.000
PNW88955,1633,1453.308,361.818593,3645.030
PNW88326,10171,9991.308,2.297654,159.133
PNW88968,5744,5564.308,7.260707,280.055
PNW88457,2880,2700.308,0.587661,11.000
PNW88506,2378,2198.308,18.177865,277.003
PNW88551,3140,2960.308,0.341121,7.000
PNW87969,1461,1281.308,3.873247,34.402
PNW88580,2500,2320.308,0.186519,3.000
PNW88382,980,800.313,59.484162,330.000
PNW88212,1275,1095.308,0.000000,0.000
PNW88213,1254,1074.308,1.879951,14.000
PNW87846,4078,3898.308,5.320561,143.776
PNW89023,1982,1802.308,4.562399,57.000
PNW88203,1751,1571.308,14.781279,161.000
PNW89075,3200,3020.308,1.673044,35.028
PNW88536,2017,1837.308,143.957930,1833.455
PNW89024,2157,1977.308,3.626808,49.711
PNW88997,4810,4630.308,0.685425,22.000
PNW88224,3612,3432.308,0.882634,21.000
PNW88140,1816,1636.308,12.871679,146.000
PNW88073,4855,4675.308,1.820494,59.000
PNW87877,682,502.568,0.000000,0.000
PNW88557,14292,14112.308,2.116038,207.002
PNW87888,4454,4274.308,4.105978,121.656
PNW87949,3506,3326.308,1.431195,33.000
PNW88741,1541,1361.308,0.000000,0.000
PNW89006,1230,1050.308,34.198533,248.987
PNW88122,2313,2133.308,8.114960,120.003
PNW88310,2608,2428.308,33.850676,569.802
PNW88674,2979,2799.308,16.594333,322.005
PNW88153,5895,5715.308,2.599831,103.000
PNW88266,2372,2192.308,1.776682,27.000
PNW88717,5800,5620.308,2.053418,80.000
PNW88747,2370,2190.308,14.106939,214.186
PNW88171,2752,2572.308,1.121642,20.000
PNW87802,4338,4158.308,2.567217,74.000
PNW88947,1373,1193.308,2.417825,20.000
PNW88605,1364,1184.308,18.758516,153.998
PNW88107,6794,6614.308,6.969902,319.568
PNW87999,4931,4751.308,1.457389,48.000
PNW88013,2507,2327.308,0.619860,10.000
PNW89066,3390,3210.308,24.273478,540.171
PNW88332,1293,1113.308,11.014149,85.000
PNW88891,1975,1795.308,27.884536,347.020
PNW88236,4606,4426.308,5.866496,180.000
PNW89005,912,732.344,31.320550,159.000
PNW88315,4243,4063.308,4.047368,114.000
PNW87957,3530,3350.308,9.937900,230.798
PNW88582,3253,3073.308,0.891856,19.000
PNW88652,5446,5266.308,13.011958,475.009
PNW87963,13119,12939.308,3.835328,344.006
PNW88898,10143,9963.308,5.128145,354.174
PNW87893,1824,1644.308,0.462013,5.266
PNW88200,2455,2275.308,563.866186,8893.420
PNW88470,2092,1912.308,0.665975,8.828
PNW88831,3786,3606.308,0.000000,0.000
PNW88141,5069,4889.308,0.708127,24.000
PNW87821,3561,3381.308,4.351739,102.000
PNW88973,5569,5389.308,0.107072,4.000
PNW88972,5572,5392.308,0.000000,0.000
PNW87879,1923,1743.308,3.145291,38.009
PNW88502,1803,1623.308,1536.630012,17291.109
PNW88305,5736,5556.308,3.297349,127.000
PNW88744,3372,3192.308,43.300239,958.181
PNW87868,2348,2168.308,113.107194,1700.058
PNW88488,1522,1342.308,0.000000,0.000
PNW88044,5884,5704.308,0.632828,25.023
PNW88102,4916,4736.308,12.263160,402.620
PNW88360,4186,4006.308,4.104951,114.000
PNW88759,1472,1292.308,7.573910,67.848
PNW88058,4885,4705.308,5.457322,178.000
PNW88451,3381,3201.308,2.884040,64.000
PNW89015,4981,4801.308,6.970692,232.000
PNW88047,2904,2724.308,0.000000,0.000
PNW88762,877,697.379,48.008889,232.083
PNW88458,6229,6049.308,6.416393,269.060
PNW87964,1619,1439.308,3.711309,37.028
PNW88009,6841,6661.308,0.909572,42.000
PNW88909,2682,2502.308,3.862688,67.001
PNW88498,2047,1867.308,2.085144,26.990
PNW88810,581,401.742,0.822835,2.291
PNW88926,3995,3815.308,60.618846,1603.208
PNW88927,4010,3830.308,2.595562,68.916
PNW89041,1734,1554.308,0.742507,8.000
PNW88441,1342,1162.308,30.803231,248.182
PNW88121,12875,12695.308,2.717705,239.165
PNW88492,754,574.507,0.546843,2.178
PNW88698,3672,3492.308,5.137961,124.382
PNW89022,1513,1333.308,0.865579,8.000
PNW87929,2533,2353.308,0.000000,0.000
PNW88487,1620,1440.308,2.469797,24.659
PNW88486,1104,924.308,0.000000,0.000
PNW88485,1320,1140.308,2.320367,18.341
PNW88692,1649,1469.308,4.614582,47.000
PNW88019,6282,6102.308,1.087455,46.000
PNW88538,2669,2489.308,0.173856,3.000
PNW88896,8762,8582.308,3.127004,186.031
PNW88297,3559,3379.308,7.046253,165.059
PNW88704,1950,1770.308,25.506032,313.000
PNW88946,5693,5513.308,4.186748,160.008
PNW88693,6384,6204.308,7.231638,311.016
PNW88559,6346,6166.308,1.824828,78.001
PNW88974,7895,7715.308,0.000000,0.000
PNW88105,1204,1024.308,112.138655,796.230
PNW88779,3033,2853.308,3.491409,69.056
PNW88279,1672,1492.308,1.160033,12.000
PNW88398,6496,6316.308,0.068518,3.000
PNW88046,10739,10559.308,1.598446,117.000
PNW88238,2001,1821.308,8.237536,104.000
PNW87923,2558,2378.308,5.034512,83.000
PNW87806,2367,2187.308,0.197860,3.000
PNW88100,2334,2154.308,3.080331,46.000
PNW88681,3742,3562.308,49.202016,1214.974
PNW87889,5362,5182.308,8.213310,295.049
PNW88321,7065,6885.308,2.975175,142.000
PNW88842,3608,3428.308,0.294554,7.000
PNW88838,1005,825.308,0.000000,0.000
PNW88686,1008,828.308,27.344056,157.003
PNW88650,1656,1476.308,33.321519,341.000
PNW88282,2482,2302.308,17.356094,276.992
PNW88283,2714,2534.308,0.000000,0.000
PNW88015,1780,1600.308,6.670763,74.000
PNW88899,2279,2099.308,44.320614,644.963
PNW88895,2347,2167.308,47.425610,712.502
PNW87759,2973,2793.308,53.287981,1031.812
PNW89078,8748,8568.308,3.673161,218.166
PNW87970,1849,1669.308,11.832144,136.915
PNW88861,1781,1601.308,4.507370,50.032
PNW88276,6021,5841.308,1.259583,51.002
PNW88843,1660,1480.308,0.097453,1.000
PNW87996,9554,9374.308,1.431170,93.000
PNW88942,507,328.041,0.000000,0.000
PNW88941,1748,1568.308,16.099562,175.024
PNW88048,3540,3360.308,0.000000,0.000
PNW88791,2752,2572.308,6.648914,118.557
PNW89020,1160,980.308,7.505075,51.000
PNW89064,3404,3224.308,7.657824,171.157
PNW88051,1472,1292.308,113.834030,1019.743
PNW88468,1001,821.308,16.480413,93.827
PNW87909,3397,3217.308,0.532755,11.882
PNW89079,7761,7581.308,0.825153,43.364
PNW87900,838,658.429,19.499731,89.000
PNW88244,2062,1882.308,25.796775,336.596
PNW88280,3389,3209.308,8.984672,199.879
PNW88864,1359,1179.308,116.806414,954.875
PNW88077,1538,1358.308,22.197057,209.000
PNW88444,2774,2594.308,13.187542,237.158
PNW88189,617,437.651,0.659249,2.000
PNW88336,1982,1802.308,1.301006,16.254
PNW88496,1803,1623.308,12.603594,141.823
PNW88584,3886,3706.308,12.650037,325.002
PNW88216,1499,1319.308,38.817974,355.003
PNW87875,3585,3405.308,11.052822,260.905
PNW89091,1003,823.308,12.612728,71.982
PNW88059,2020,1840.308,4.233475,54.006
PNW88205,4285,4105.308,1.581300,45.000
PNW88237,1526,1346.308,0.430928,4.022
PNW88349,1768,1588.308,0.000000,0.000
PNW88518,1078,898.308,34.370071,214.022
PNW88666,5079,4899.308,9.716876,330.000
PNW87993,2968,2788.308,86.818769,1678.058
PNW87966,2156,1976.308,0.218994,3.000
PNW88641,2249,2069.308,1.952002,28.000
PNW87740,3850,3670.308,2.358284,60.000
PNW87747,3345,3165.308,6.105243,133.959
PNW88429,1157,977.308,6.642451,45.000
PNW88920,2698,2518.308,0.695925,12.149
PNW88064,8059,7879.308,0.091544,5.000
PNW88535,609,429.675,0.000000,0.000
PNW87997,2912,2732.308,8.658878,164.000
PNW88119,7199,7019.308,4.118400,200.390
PNW88662,2811,2631.308,858.018372,15650.234
PNW87947,7356,7176.308,7.459037,371.053
PNW88045,7054,6874.308,1.028288,49.000
PNW88109,1267,1087.308,26.402672,199.000
PNW88272,1929,1749.308,10.924741,132.474
PNW88632,1435,1255.308,3.677452,32.000
PNW88740,16380,16200.308,0.674902,75.791
PNW87916,8793,8613.308,1.128321,67.368
PNW87915,6546,6366.308,1.373915,60.632
PNW88075,2721,2541.308,26.451218,465.967
PNW88135,1908,1728.308,56.992818,682.801
PNW87840,7542,7362.308,0.000000,0.000
PNW87839,9283,9103.308,0.701126,44.243
PNW88555,1828,1648.308,257.987166,2947.739
PNW88928,1743,1563.308,4.706229,51.000
PNW88764,7174,6994.308,1.838923,89.158
PNW88134,1814,1634.308,26.392752,299.000
PNW88316,3274,3094.308,1.044108,22.396
PNW88637,5459,5279.308,1.041732,38.123
PNW87814,3467,3287.308,1.623711,37.000
PNW89096,7972,7792.308,6.516644,352.000
PNW88576,1718,1538.308,20.160880,214.984
PNW87826,3978,3798.308,8.812847,232.038
PNW88197,8995,8815.308,24.396748,1490.809
PNW88669,2862,2682.308,0.683937,12.717
PNW87886,2127,1947.308,6.000643,81.000
PNW88456,1893,1713.308,3.115399,37.000
PNW88929,2727,2547.308,345.430262,6099.502
PNW88040,3290,3110.308,1.901638,41.000
PNW88656,8693,8513.308,1.152280,68.000
PNW88749,2120,1940.308,98.048728,1318.758
PNW88484,3415,3235.308,4.285750,96.116
PNW87816,2270,2090.308,0.000000,0.000
PNW87958,5324,5144.308,2.075163,74.000
PNW88478,4028,3848.308,0.524814,14.000
PNW88110,1690,1510.308,15.378279,161.000
PNW88145,3756,3576.308,9.319581,231.038
PNW89001,3509,3329.308,60.658204,1399.897
PNW88999,2008,1828.308,82.411313,1044.453
PNW88194,2834,2654.308,14.674384,270.000
PNW87870,1584,1404.308,0.000000,0.000
PNW88435,9381,9201.308,2.242660,143.043
PNW87837,2427,2247.308,7.189569,112.000
PNW88372,1334,1154.308,184.436340,1475.777
PNW88756,1667,1487.308,36.964357,381.098
PNW88822,6246,6066.308,0.751482,31.601
PNW88144,3113,2933.308,1.573423,31.993
PNW88159,1187,1007.308,73.613948,514.014
PNW88730,1155,975.308,4.881120,33.000
PNW87769,2865,2685.308,10.929137,203.438
PNW88099,1743,1563.308,0.276837,3.000
PNW88799,1365,1185.308,39.920446,328.004
PNW88905,2063,1883.308,0.000000,0.000
PNW88165,2275,2095.308,6.196437,90.000
PNW88542,6214,6034.308,0.788922,33.000
PNW88541,3366,3186.308,0.000000,0.000
PNW88611,2058,1878.308,0.000000,0.000
PNW88610,2298,2118.308,30.315308,445.147
PNW87878,1330,1150.308,9.154952,73.000
PNW88475,3038,2858.308,43.434139,860.583
PNW87962,5560,5380.308,4.285104,159.816
PNW89072,1150,970.308,19.030390,128.000
PNW88139,2150,1970.308,0.073217,1.000
PNW88616,2011,1831.308,86.100604,1093.000
PNW88083,2446,2266.308,2.331024,36.620
PNW88084,1646,1466.308,6.038779,61.380
PNW88877,1312,1132.308,10.829372,85.000
PNW88062,4711,4531.308,1.910184,60.000
PNW88380,5432,5252.308,2.746612,100.000
PNW88608,5312,5132.308,4.501075,160.133
PNW88670,870,690.389,0.000000,0.000
PNW88563,2391,2211.308,42.788359,655.885
PNW87800,2565,2385.308,0.241915,4.000
PNW88289,8304,8124.308,4.133834,232.805
PNW88729,2034,1854.308,3.189697,41.000
PNW88840,3788,3608.308,0.000000,0.000
PNW88935,3382,3202.308,0.000000,0.000
PNW88766,3965,3785.308,5.876220,154.188
PNW88136,2345,2165.308,53.806582,807.621
PNW88191,3274,3094.308,14.685856,315.003
PNW88065,5706,5526.308,0.208835,8.000
PNW88821,1289,1109.308,3.121091,24.000
PNW87977,2084,1904.308,0.378774,5.000
PNW88792,3407,3227.308,1580.465998,35357.222
PNW88746,1967,1787.308,0.000000,0.000
PNW87936,2526,2346.308,87.711224,1426.569
PNW88292,6797,6617.308,0.458242,21.020
PNW87986,7428,7248.308,2.205447,110.812
PNW88897,1834,1654.308,12.385678,142.033
PNW88981,4489,4309.308,0.769959,23.000
PNW88001,1578,1398.308,1.238015,12.000
PNW88142,1482,1302.308,0.221546,2.000
PNW87932,2350,2170.308,3.589383,54.000
PNW89088,3124,2944.308,14.983176,305.802
PNW88638,1662,1482.308,30.792842,316.403
PNW88211,1062,882.308,0.000000,0.000
PNW88322,4024,3844.308,3.302265,88.000
PNW88794,3294,3114.308,0.000000,0.000
PNW88795,3399,3219.308,2.509418,56.000
PNW89043,2104,1924.308,1.786326,23.828
PNW89044,1665,1485.308,0.308081,3.172
PNW88425,1701,1521.308,13.690442,144.373
PNW87961,3209,3029.308,0.333351,7.000
PNW87981,4129,3949.308,14.870082,407.087
PNW88678,2794,2614.308,1.765797,32.000
PNW88195,7683,7503.308,4.345141,226.000
PNW89068,2366,2186.308,371.212996,5625.836
PNW88894,2093,1913.308,14.401254,191.002
PNW88258,2943,2763.308,27.293587,522.808
PNW88826,2638,2458.308,16.142016,275.072
PNW87743,2664,2484.308,18.671913,321.549
PNW88130,1683,1503.308,2.399051,25.000
PNW88847,4443,4263.308,0.304539,9.000
PNW88094,1581,1401.308,7.103344,69.000
PNW88624,734,554.523,0.000000,0.000
PNW88217,2738,2558.308,9.924469,176.000
PNW87994,1217,1037.308,27.814469,200.001
PNW88915,2410,2230.308,11.254646,174.000
PNW88540,2762,2582.308,9.891084,177.053
PNW87760,10067,9887.308,1.429928,98.004
PNW88924,3376,3196.308,0.677053,15.001
PNW88155,928,748.330,0.000000,0.000
PNW88344,15320,15140.308,10.200899,1070.596
PNW88461,6914,6734.308,7.443620,347.480
PNW88727,3378,3198.308,0.127373,2.824
PNW88728,2618,2438.308,6.163367,104.174
PNW88164,9109,8929.308,0.129247,8.000
PNW88273,1916,1736.308,13.633867,164.096
PNW88329,8961,8781.308,9.862122,600.319
PNW88042,6557,6377.308,1.022287,45.192
PNW88043,6037,5857.308,4.020226,163.230
PNW88431,7350,7170.308,0.643813,32.000
PNW88223,6375,6195.308,0.000000,0.000
PNW88434,4058,3878.308,15.481829,416.214
PNW88659,1281,1101.308,76.687121,585.442
PNW88018,2648,2468.308,2938.862797,50284.164
PNW89000,2801,2621.308,12.107433,220.000
PNW88966,5145,4965.308,6.943926,239.003
PNW87841,1790,1610.308,38.344812,428.024
PNW88192,2508,2328.308,20.014733,323.030
PNW88957,2689,2509.308,29.559315,514.163
PNW88465,2746,2566.308,24.865774,442.347
PNW88738,5042,4862.308,0.712059,24.000
PNW88925,3729,3549.308,0.243885,6.000
PNW88933,440,261.780,0.000000,0.000
PNW88384,4722,4542.308,10.885075,342.737
PNW88014,3880,3700.308,6.436604,165.100
PNW88385,2300,2120.308,99.305234,1459.566
PNW88215,5568,5388.308,0.267729,10.000
PNW88851,1655,1475.308,35.113873,359.099
PNW88162,2397,2217.308,24.853401,382.001
PNW88250,1789,1609.308,1.523902,17.000
PNW88097,1312,1132.308,52.748928,414.029
PNW88288,7627,7447.308,1.491554,77.000
PNW89058,876,696.381,0.000000,0.000
PNW88113,3611,3431.308,5.528268,131.493
PNW89047,4250,4070.308,3.648603,102.945
PNW88158,3277,3097.308,1.071250,23.000
PNW88371,2228,2048.308,65.299870,927.172
PNW88754,2321,2141.308,30.632905,454.695
PNW88961,1529,1349.308,13.365425,125.010
PNW88526,2684,2504.308,1.670543,29.000
PNW88548,7809,7629.308,11.519593,609.221
PNW88786,2192,2012.308,3.082630,43.000
PNW87763,17121,16941.308,1.021866,120.003
PNW88939,1818,1638.308,44.753662,508.249
PNW88940,462,283.443,0.000000,0.000
PNW88227,3729,3549.308,6.463525,159.025
PNW88257,3914,3734.308,3.542340,91.697
PNW88255,3297,3117.308,0.000000,0.000
PNW88256,3719,3539.308,5.800366,142.307
PNW88422,3872,3692.308,34.538741,884.010
PNW88778,5320,5140.308,39.345810,1401.975
PNW87976,5277,5097.308,11.405581,403.005
PNW88824,1755,1575.308,6.960371,76.006
PNW88739,6960,6780.308,5.923035,278.385
PNW88021,1314,1134.308,15.770231,124.000
PNW88448,1465,1285.308,484.698097,4318.482
PNW88697,1789,1609.308,3.616274,40.342
PNW88219,2792,2612.308,2.208936,40.000
PNW88596,4844,4664.308,0.618572,20.000
PNW88347,7016,6836.308,1.139514,54.000
PNW87960,1643,1463.308,9.662605,98.013
PNW88188,2909,2729.308,13.731837,259.797
PNW88055,579,399.745,0.000000,0.000
PNW87895,3550,3370.308,0.496678,11.604
PNW88859,1108,928.308,68.237739,439.106
PNW88550,1314,1134.308,5.214350,41.000
PNW88965,1972,1792.308,8.773263,109.000
PNW87876,1166,986.308,26.181095,179.000
PNW87995,2025,1845.308,24.000487,307.002
PNW88041,5456,5276.308,1.246142,45.577
PNW88621,2971,2791.308,7.028758,136.000
PNW88370,2678,2498.308,4.273003,74.000
PNW89016,1608,1428.308,197.474941,1955.179
PNW88290,2599,2419.308,2.564040,43.000
PNW88625,10604,10424.308,0.359810,26.000
PNW88765,2040,1860.308,4.808054,62.002
PNW88781,6763,6583.308,1.862611,85.000
PNW88932,2729,2549.308,19.127625,338.015
PNW87927,2159,1979.308,6.195166,85.000
PNW88587,4950,4770.308,0.000000,0.000
PNW88726,4059,3879.308,0.659050,17.723
PNW88319,1983,1803.308,45.097401,563.734
PNW88479,702,522.549,0.000000,0.000
PNW87741,2958,2778.308,5.452006,105.000
PNW87885,1472,1292.308,76.683329,686.941
PNW88132,1983,1803.308,5.599839,70.000
PNW88052,1217,1037.308,1.112576,8.000
PNW87817,2348,2168.308,0.000000,0.000
PNW88846,1425,1245.308,2.432707,21.000
PNW88902,1618,1438.308,18.961664,189.052
PNW88278,1241,1061.308,0.543708,4.000
PNW88430,1820,1640.308,23.306007,265.000
PNW88688,1137,957.308,0.156109,1.036
PNW88945,1047,867.308,2223.493366,13367.860
PNW87903,1798,1618.308,0.000000,0.000
PNW88299,2259,2079.308,5.342386,77.003
PNW88033,1803,1623.308,70.098866,788.796
PNW88839,3610,3430.308,0.000000,0.000
PNW88306,3747,3567.308,0.000000,0.000
PNW88579,4754,4574.308,4.764567,151.078
PNW88594,8201,8021.308,1.618620,90.000
PNW88335,1576,1396.308,2.892859,28.000
PNW88814,2513,2333.308,10.677036,172.693
PNW88869,4990,4810.308,3.028977,101.000
PNW88259,4316,4136.308,3.676129,105.404
PNW87989,4989,4809.308,0.119984,4.000
PNW88346,2580,2400.308,2.464134,41.000
PNW87765,4978,4798.308,3.156811,105.000
PNW87918,1916,1736.308,152.352675,1833.705
PNW87917,2064,1884.308,2.504126,32.709
PNW88998,2744,2564.308,6.694593,119.000
PNW89028,7489,7309.308,0.592096,30.000
PNW88687,2668,2488.308,19.802928,341.575
PNW88819,2596,2416.308,0.000000,0.000
PNW88295,1655,1475.308,13.005179,133.000
PNW88447,4055,3875.308,1.972955,53.000
PNW88480,2994,2814.308,0.358818,7.000
PNW88675,3321,3141.308,4.821989,105.000
PNW88405,2750,2570.308,59.584198,1061.619
PNW88108,4487,4307.308,3.449680,103.000
PNW88356,2125,1945.308,4.375332,59.000
PNW88882,1553,1373.308,25.912475,246.677
PNW89025,1535,1355.308,0.957970,9.000
PNW88469,2481,2301.308,0.745173,11.887
PNW88353,9223,9043.308,0.239283,15.000
PNW88483,1474,1294.308,27.308744,245.015
PNW88148,3002,2822.308,86.876435,1699.648
PNW87905,1952,1772.308,0.000000,0.000
PNW87904,2062,1882.308,0.000000,0.000
PNW88577,5073,4893.308,5.302902,179.874
PNW88712,2168,1988.308,2.104078,29.000
PNW87779,3809,3629.308,7.597748,191.144
PNW88381,739,559.520,3574.841865,13865.154
PNW88252,1295,1115.308,0.000000,0.000
PNW89085,1007,827.308,20004.039548,114719.600
PNW88201,1818,1638.308,2.201364,25.000
PNW88682,2654,2474.308,8.687533,149.006
PNW88606,3289,3109.308,12.108477,260.979
PNW88420,1511,1331.308,10.185836,94.000
PNW88317,2410,2230.308,22.704115,351.012
PNW88129,1769,1589.308,44.537822,490.670
PNW87739,8417,8237.308,1.681390,96.008
PNW88952,2380,2200.308,7.605457,116.001
PNW88092,2491,2311.308,2.434188,39.000
PNW88131,8615,8435.308,11.683098,683.143
PNW88512,1118,938.308,11.223408,73.000
PNW87869,5078,4898.308,4.063294,137.968
PNW88027,2109,1929.308,16.749190,224.000
PNW88196,1019,839.308,35.573272,206.965
PNW88364,1446,1266.308,0.797455,7.000
PNW88530,2847,2667.308,14.062017,260.000
PNW88716,3378,3198.308,20.378135,451.791
PNW87736,1322,1142.308,2.904629,23.000
PNW88061,1717,1537.308,27.214913,290.015
PNW88298,1675,1495.308,17.462053,181.000
PNW88222,2942,2762.308,0.522246,10.000
PNW87991,2530,2350.308,16.265541,265.000
PNW89002,1512,1332.308,40.329429,372.460
PNW89017,5959,5779.308,0.499231,20.000
PNW88835,2525,2345.308,13.448583,218.640
PNW87845,10345,10165.308,11.559957,814.572
PNW89039,2633,2453.308,0.000000,0.000
PNW88300,3166,2986.308,3.918649,81.119
PNW88829,3542,3362.308,2.340701,54.555
PNW88544,4399,4219.308,55.989502,1637.572
PNW89089,2457,2277.308,10.452290,165.001
PNW88187,2289,2109.308,3.624794,53.000
PNW88251,2430,2250.308,64.141636,1000.540
PNW88866,1343,1163.308,2.356168,19.000
PNW88767,2470,2290.308,1.448748,23.001
PNW88151,1041,861.308,0.000000,0.000
PNW88150,1821,1641.308,0.000000,0.000
PNW88049,2753,2573.308,9.697142,172.977
PNW88050,2773,2593.308,0.000000,0.000
PNW88763,2176,1996.308,5.130811,71.001
PNW87983,6162,5982.308,0.607402,25.188
PNW88285,909,729.348,0.791175,4.000
PNW88464,6850,6670.308,4.859204,224.680
PNW88296,1232,1052.308,4.798136,35.000
PNW87777,10212,10032.308,3.304572,229.810
PNW88309,1102,922.308,19.707970,126.000
PNW88330,9260,9080.308,5.507671,346.674
PNW87830,3548,3368.308,7.922993,184.992
PNW87925,7216,7036.308,3.174542,154.838
PNW88460,2266,2086.308,18.190410,263.071
PNW88860,5769,5589.308,1.058213,41.000
PNW88206,1635,1455.308,11.003110,111.000
PNW88545,2251,2071.308,6.059293,87.000
PNW89074,2344,2164.308,9.230669,138.486
PNW87794,1091,911.308,1677.228959,10595.226
PNW88936,1503,1323.308,74.489642,683.297
PNW89010,3638,3458.308,4.009820,96.126
PNW87787,3984,3804.308,0.341283,9.000
PNW88175,3117,2937.308,0.000000,0.000
PNW88174,3904,3724.308,18.836686,486.298
PNW88556,1598,1418.308,26.343689,259.000
PNW87924,3633,3453.308,8.982648,215.027
PNW88733,8283,8103.308,0.106816,6.000
PNW89030,1167,987.308,3.360644,23.000
PNW88992,8141,7961.308,0.072481,4.000
PNW88082,1792,1612.308,0.357898,4.000
PNW88112,1570,1390.308,0.212247,2.046
PNW88401,3237,3057.308,1.557120,33.000
PNW88172,1714,1534.308,12.417324,132.067
PNW88528,1792,1612.308,1.163169,13.000
PNW88529,1942,1762.308,0.000000,0.000
PNW88802,2986,2806.308,20.619761,401.117
PNW87933,1337,1157.308,51.745482,415.120
PNW87934,1474,1294.308,9.662647,86.693
PNW88549,7361,7181.308,8.846763,440.393
PNW88143,2194,2014.308,100.879001,1408.573
PNW89094,1603,1423.308,17.434716,172.015
PNW88080,1399,1219.308,132.629892,1121.005
PNW88654,903,723.354,27.322287,137.000
PNW89012,2932,2752.308,2.830378,54.000
PNW88477,5960,5780.308,5.501516,220.438
PNW88876,1336,1156.308,22.094953,177.100
PNW88995,4205,4025.308,0.394222,11.000
PNW88572,1611,1431.308,3.930781,39.000
PNW88497,1814,1634.308,5.472745,62.000
PNW88820,2478,2298.308,7.030031,112.000
PNW88423,912,732.344,3.545723,18.000
PNW88245,2508,2328.308,0.681553,11.000
PNW88010,1900,1720.308,9.559739,114.000
PNW88085,3013,2833.308,6.209908,121.964
PNW88127,2523,2343.308,20.638982,335.251
PNW88152,2077,1897.308,56.035791,736.980
PNW88903,1848,1668.308,221.421928,2560.646
PNW88988,10164,9984.308,7.449817,515.604
PNW87899,3536,3356.308,0.046689,1.086
PNW88407,3148,2968.308,0.000000,0.000
PNW88503,2004,1824.308,8.789579,111.152
PNW88879,4575,4395.308,1.280039,39.000
PNW87946,1959,1779.308,3.491818,43.068
PNW88943,1440,1260.308,0.000000,0.000
PNW88338,2310,2130.308,9.823830,145.069
PNW87772,2394,2214.308,3.192313,49.000
PNW87914,1353,1173.308,0.000000,0.000
PNW88334,3150,2970.308,6.993908,144.004
PNW88564,5629,5449.308,25.652511,969.000
PNW87853,4690,4510.308,12.397617,387.612
PNW87894,3225,3045.308,4.942437,104.334
PNW88760,3428,3248.308,61.576738,1386.521
PNW88793,20429,20249.308,1.033012,145.000
PNW88466,1878,1698.308,53.993322,635.637
PNW88491,2091,1911.308,2.024472,26.822
PNW87834,5690,5510.308,0.130901,5.000
PNW88893,1397,1217.308,590.130496,4979.677
PNW88253,1226,1046.308,33.008501,239.408
PNW88519,6079,5899.308,4.475046,183.000
PNW89049,2669,2489.308,7.707622,133.000
PNW88178,7609,7429.308,0.106629,5.491
PNW88520,2119,1939.308,4.909582,66.000
PNW87810,2764,2584.308,0.502395,9.000
PNW88707,2328,2148.308,10.062390,149.848
PNW88501,2383,2203.308,17.417039,266.013
PNW89065,3621,3441.308,13.921615,332.098
PNW88190,9699,9519.308,4.647883,306.700
PNW88647,2205,2025.308,101.959579,1431.435
PNW88989,1918,1738.308,22.234012,267.915
PNW88079,2886,2706.308,21.269365,399.010
PNW88161,2216,2036.308,11.830972,167.000
PNW88732,3615,3435.308,4.157354,99.000
PNW87965,1975,1795.308,0.000000,0.000
PNW88871,1870,1690.308,2.146820,25.154
PNW87891,3324,3144.308,12.407075,270.425
PNW88235,1358,1178.308,0.367291,3.000
PNW88591,7293,7113.308,0.770654,38.000
PNW89037,6439,6259.308,10.442034,453.069
PNW88489,2375,2195.308,7.957553,121.095
PNW88653,1590,1410.308,6.546563,64.000
PNW88087,5028,4848.308,1.904326,64.001
PNW87926,2477,2297.308,3.704932,59.000
PNW88387,1780,1600.308,11.990312,133.011
PNW87945,2094,1914.308,3.617236,48.000
PNW88198,2636,2456.308,11.847532,201.727
PNW88978,4299,4119.308,1.930480,55.124
PNW89081,2906,2726.308,0.899542,17.000
PNW89090,4808,4628.308,33.316101,1068.880
PNW87852,2249,2069.308,231.466913,3320.218
PNW88270,7095,6915.308,4.547707,218.000
PNW88404,715,535.539,4.040617,15.000
PNW87770,2167,1987.308,0.871091,12.000
PNW88870,3353,3173.308,6.456239,142.018
PNW88327,3667,3487.308,9.484012,229.264
PNW87985,1076,896.308,0.705684,4.385
PNW87984,1028,848.308,1.125009,6.615
PNW87748,4021,3841.308,0.075110,2.000
PNW87922,6116,5936.308,1.166467,48.000
PNW88874,3092,2912.308,44.481415,897.984
PNW88700,6984,6804.308,10.822365,510.456
PNW88701,6069,5889.308,0.000000,0.000
PNW87767,4025,3845.308,0.637772,17.000
PNW88066,7604,7424.308,1.651621,85.000
PNW88365,2523,2343.308,5.602211,91.000
PNW88443,3142,2962.308,11.638985,239.000
PNW89019,2706,2526.308,17.252813,302.133
PNW87902,4257,4077.308,0.733327,20.726
PNW88302,2701,2521.308,34.927671,610.447
PNW89098,3146,2966.308,41.018939,843.438
PNW88813,2567,2387.308,525.349326,8693.791
PNW88568,2237,2057.308,20.621251,294.081
PNW89031,3254,3074.308,233.533009,4976.777
PNW88268,2841,2661.308,0.379446,7.000
PNW88343,1372,1192.308,19.600805,162.000
PNW88377,6311,6131.308,0.447042,19.000
PNW88400,977,797.314,0.000000,0.000
PNW87897,1749,1569.308,0.000000,0.000
PNW87898,2988,2808.308,0.000000,0.000
PNW88016,2825,2645.308,1.308828,24.000
PNW87973,1084,904.308,1.116681,7.000
PNW88269,739,559.520,0.000000,0.000
PNW87940,1192,1012.308,229.498518,1610.442
PNW88845,6743,6563.308,13.049552,593.705
PNW89060,1255,1075.308,1.574198,11.734
PNW88592,4226,4046.308,14.421357,404.499
PNW88828,7997,7817.308,2.399021,130.000
PNW88827,6795,6615.308,0.000000,0.000
PNW88959,1244,1064.308,533.739520,3937.761
PNW88318,1366,1186.308,7.782693,64.000
PNW88751,2020,1840.308,11.849468,151.162
PNW88850,3765,3585.308,2.533150,62.956
PNW88160,1134,954.308,146.481454,969.000
PNW88352,1953,1773.308,0.488106,6.000
PNW88788,5676,5496.308,27.257462,1038.506
PNW87992,4779,4599.308,11.181855,356.499
PNW88901,1438,1258.308,31.390383,273.802
PNW88873,4911,4731.308,9.408521,308.571
PNW87815,2437,2257.308,6.163522,96.443
PNW88098,2301,2121.308,23.463053,345.017
PNW88369,2094,1914.308,54.220423,719.494
PNW88432,2364,2184.308,12.812541,194.000
PNW88476,1210,1030.308,27.082816,193.425
PNW88679,1833,1653.308,11.929868,136.723
PNW87913,1635,1455.308,10.607684,107.011
PNW87928,3112,2932.308,5.313267,108.000
PNW87938,3288,3108.308,10.986421,236.719
PNW88629,2930,2750.308,0.419620,8.000
PNW88386,2752,2572.308,7.178512,128.000
PNW87744,1468,1288.308,68.206517,609.113
PNW88341,1875,1695.308,28.763631,338.022
PNW89026,1753,1573.308,0.000000,0.000
PNW89027,2493,2313.308,0.480321,7.702
PNW87796,1801,1621.308,8.364383,94.005
PNW88402,1998,1818.308,85.497722,1077.642
PNW88011,6160,5980.308,12.006719,497.738
PNW88024,7191,7011.308,0.041151,2.000
PNW88757,824,644.446,203.825483,910.537
PNW88574,1947,1767.308,0.244882,3.000
PNW88547,4596,4416.308,0.000000,0.000
PNW88546,4449,4269.308,1.250235,37.000
PNW89084,2311,2131.308,319.105427,4714.471
PNW89092,2751,2571.308,9.217121,164.287
PNW89062,1881,1701.308,32.726688,385.956
PNW89045,1069,889.308,0.000000,0.000
PNW88125,3366,3186.308,0.679127,15.000
PNW88057,1820,1640.308,42.473307,482.941
PNW88323,2682,2502.308,16.984585,294.611
PNW88396,555,375.819,21.112072,55.000
PNW88123,5461,5281.308,1.010666,37.000
PNW88609,2949,2769.308,72.744346,1396.443
PNW88120,2223,2043.308,1.685282,23.870
PNW88699,2222,2042.308,3.468301,49.101
PNW88857,1454,1274.308,6.905622,61.000
PNW88589,3624,3444.308,2.345489,56.000
PNW88581,2244,2064.308,0.000000,0.000
PNW89042,2482,2302.308,78.516430,1253.074
PNW87953,3835,3655.308,3.117817,79.000
PNW88565,1234,1054.308,0.000000,0.000
PNW88938,2404,2224.308,5.741609,88.528
PNW87847,1125,945.308,91.685330,600.794
PNW89080,812,632.464,0.000000,0.000
PNW87956,2532,2352.308,6.591687,107.484
PNW88239,2621,2441.308,0.000000,0.000
PNW88453,2121,1941.308,14.416329,194.000
PNW88761,2892,2712.308,3.086222,58.025
PNW87955,3186,3006.308,1.295620,27.000
PNW88630,1694,1514.308,29.246341,307.000
PNW87824,10084,9904.308,1.937209,133.000
PNW88091,618,438.648,7.893014,24.000
PNW88301,2908,2728.308,22.419282,424.002
PNW88026,2690,2510.308,0.000000,0.000
PNW88234,881,701.370,0.000000,0.000
PNW88593,2640,2460.308,19.301758,329.184
PNW88277,2428,2248.308,0.577476,9.000
PNW88937,3678,3498.308,10.927864,265.000
PNW87764,3203,3023.308,0.858890,18.000
PNW88725,866,686.394,0.000000,0.000
PNW88985,2758,2578.308,1.622597,29.000
PNW88063,3287,3107.308,6.321248,136.157
PNW88495,1369,1189.308,19.837964,163.548
PNW88081,2688,2508.308,6.212861,108.025
PNW88168,2266,2086.308,5.047680,73.000
PNW88823,2197,2017.308,2.864517,40.057
PNW87798,1783,1603.308,560.748224,6232.144
PNW88149,2654,2474.308,21.105523,361.995
PNW88888,3486,3306.308,1.212178,27.782
PNW88359,2936,2756.308,10.850019,207.305
PNW87742,1761,1581.308,25.602311,280.639
PNW88956,2748,2568.308,26.570145,473.035
PNW88271,3374,3194.308,3.351737,74.216
PNW87828,6462,6282.308,2.560621,111.511
PNW88683,1742,1562.308,8.587439,93.000
PNW88812,7059,6879.308,3.292341,157.001
PNW87972,3512,3332.308,0.735955,17.000
PNW88588,4861,4681.308,4.067791,132.001
PNW88623,843,663.421,0.000000,0.000
PNW87860,6408,6228.308,1.922452,83.000
PNW88493,3820,3640.308,1.822918,46.000
PNW87758,3954,3774.308,0.496882,13.000
PNW88906,807,627.469,7.357067,32.000
PNW87856,1229,1049.308,19.797340,144.000
PNW88944,1009,829.308,0.179946,1.034
PNW88303,3699,3519.308,0.245947,6.000
PNW88154,1860,1680.308,0.000000,0.000
PNW88204,1139,959.308,4.060252,27.000
PNW88020,1653,1473.308,2099.913795,21446.066
PNW88367,5630,5450.308,0.134199,5.070
PNW88878,4706,4526.308,8.894144,279.062
PNW88397,4251,4071.308,0.814969,23.000
PNW88651,2041,1861.308,11.083201,143.000
PNW88220,3577,3397.308,22.336908,526.030
PNW88886,1296,1116.308,0.000000,0.000
PNW88166,1474,1294.308,4.346847,39.000
PNW88750,1309,1129.308,10.984979,85.993
PNW89036,2839,2659.308,17.282574,318.588
PNW88677,1104,924.308,3122.579450,20007.042
PNW87799,3750,3570.308,12.047686,298.169
PNW88078,2179,1999.308,7.144275,99.013
PNW88614,4906,4726.308,5.799883,190.018
PNW88815,6107,5927.308,1.971403,81.000
PNW88012,2587,2407.308,1.438226,24.000
PNW88482,2794,2614.308,3.056486,55.390
PNW87762,9913,9733.308,0.400176,27.000
PNW89071,581,401.742,1.436351,4.000
PNW87998,4855,4675.308,0.956531,31.000
PNW88514,7348,7168.308,0.684242,34.000
PNW88601,1296,1116.308,16.541439,128.000
PNW88566,4024,3844.308,1.388452,37.000
PNW87811,5366,5186.308,1.279520,46.000
PNW88156,2337,2157.308,14.447006,216.044
PNW89051,2142,1962.308,15.151233,206.095
PNW88281,2063,1883.308,1.838389,24.000
PNW88111,2107,1927.308,20.209708,270.000
PNW88631,1470,1290.308,399.915246,3576.959
PNW88949,4214,4034.308,0.535174,14.966
PNW88948,3929,3749.308,4.775701,124.120
PNW88005,1134,954.308,21.163466,140.000
PNW88914,966,786.316,309.670883,1687.912
PNW89034,2613,2433.308,209.160800,3528.011
PNW88798,2387,2207.308,0.000000,0.000
PNW88817,2538,2358.308,96.493979,1577.442
PNW88782,2651,2471.308,0.000000,0.000
PNW88029,1563,1383.308,0.000000,0.000
PNW88490,4658,4478.308,0.386558,12.000
PNW88186,1586,1406.308,16.893670,164.686
PNW88034,4518,4338.308,0.232769,7.000
PNW88004,1380,1200.308,457.466796,3806.317
PNW88982,7451,7271.308,3.528287,177.840
PNW88399,1952,1772.308,1.139557,14.000
PNW88736,2627,2447.308,7.496861,127.181
PNW87776,3802,3622.308,36.310899,911.748
PNW88525,2187,2007.308,6.899294,96.000
PNW88855,1077,897.308,3403.357765,21169.072
PNW88304,5056,4876.308,1.585832,53.604
PNW89057,3679,3499.308,1.360443,33.000
PNW87831,1521,1341.308,3.027193,28.146
PNW88232,2151,1971.308,17.195946,234.981
PNW88607,2640,2460.308,49.380942,842.173
PNW88800,3570,3390.308,2.723313,64.001
PNW89035,2293,2113.308,1.092206,16.000
PNW87901,3993,3813.308,0.000000,0.000
PNW88772,8509,8329.308,4.295268,248.000
PNW88787,935,755.328,18.526077,97.000
PNW88074,3520,3340.308,13.907220,322.017
PNW88603,3458,3278.308,0.264027,6.000
PNW88664,3450,3270.308,6.440382,146.000
PNW88980,3249,3069.308,0.000000,0.000
PNW88979,3225,3045.308,2.647297,55.884
PNW88331,9244,9064.308,1.674315,105.202
PNW88703,2290,2110.308,2.939501,43.000
PNW88962,1297,1117.308,143.508216,1111.482
PNW87907,676,496.573,0.000000,0.000
PNW88060,17401,17221.308,3.593674,429.000
PNW88875,3996,3816.308,0.151204,4.000
PNW88858,2024,1844.308,17.286466,221.000
PNW88970,8145,7965.308,1.575756,87.005
PNW88017,3718,3538.308,2.323949,57.000
PNW88101,3542,3362.308,0.386147,9.000
PNW88438,6003,5823.308,9.394025,379.205
PNW88209,1630,1450.308,181.352079,1823.205
PNW88181,2873,2693.308,0.000000,0.000
PNW89082,5217,5037.308,42.924909,1498.858
PNW87959,8996,8816.308,10.079380,615.989
PNW88954,1013,833.308,0.692471,4.000
PNW88803,2739,2559.308,0.450936,8.000
PNW88789,3712,3532.308,30.691403,751.498
PNW87827,4518,4338.308,13.871523,417.155
PNW88416,2367,2187.308,2.308371,35.000
PNW87836,8670,8490.308,2.125544,125.097
PNW88689,2954,2774.308,19.144917,368.180
PNW88805,1544,1364.308,53.403022,505.046
PNW87921,1163,983.308,1977.273574,13477.489
PNW88240,2195,2015.308,17.466012,243.999
PNW88865,6441,6261.308,0.115200,5.000
PNW87793,2466,2286.308,9.449145,149.754
PNW88076,1053,873.308,40.966754,248.000
PNW88128,4121,3941.308,0.402624,11.000
PNW88375,6414,6234.308,0.755160,32.635
PNW88604,3545,3365.308,11.435159,266.759
PNW88481,3383,3203.308,1.080836,24.000
PNW88836,760,580.503,0.000000,0.000
PNW87880,2729,2549.308,0.000000,0.000
PNW88919,3718,3538.308,0.000000,0.000
PNW88918,3652,3472.308,0.285554,6.873
PNW88671,3571,3391.308,39.622971,931.466
PNW88146,3631,3451.308,1.421159,34.000
PNW87974,1852,1672.308,3.709365,43.000
PNW88967,3884,3704.308,2.963474,76.096
PNW88351,2790,2610.308,0.000000,0.000
PNW88776,761,581.503,43.662466,176.000
PNW88560,3533,3353.308,0.946448,22.000
PNW87805,14834,14654.308,0.196886,20.000
PNW88640,1273,1093.308,22.035418,167.000
PNW88293,2621,2441.308,0.945464,16.000
PNW88975,5047,4867.308,0.385303,13.000
PNW87978,2359,2179.308,2.052062,31.000
PNW88668,6505,6325.308,0.729820,32.000
PNW88867,3456,3276.308,0.616578,14.003
PNW88780,1511,1331.308,2.600639,24.000
PNW88439,2177,1997.308,3.252363,45.029
PNW88373,1413,1233.308,14.990029,128.152
PNW88408,2099,1919.308,21.950506,292.040
PNW87761,9280,9100.308,8.560377,540.010
PNW88543,2807,2627.308,0.658897,12.000
PNW88070,3955,3775.308,4.356121,114.000
PNW88953,4511,4331.308,0.299758,9.000
PNW88000,7926,7746.308,2.823639,151.620
PNW88991,1777,1597.308,7.315516,81.000
PNW88628,2513,2333.308,42.940281,694.528
PNW88806,1908,1728.308,32.855374,393.623
PNW88419,1693,1513.308,16.070801,168.584
PNW88325,5324,5144.308,3.560778,126.977
PNW88737,930,750.330,908.367924,4724.615
PNW88025,1340,1160.308,13.800571,111.000
PNW88342,1608,1428.308,1.919018,19.000
PNW88649,4223,4043.308,5.891486,165.126
PNW87906,1086,906.308,0.000000,0.000
PNW88994,2391,2211.308,2.423582,37.150
PNW88184,1507,1327.308,16.654448,153.234
PNW88718,5623,5443.308,5.035483,190.001
PNW87873,1663,1483.308,0.389024,4.000
PNW88585,3285,3105.308,0.511017,11.000
PNW89063,3373,3193.308,26.678195,590.541
PNW88613,2934,2754.308,1.257032,24.000
PNW87982,3852,3672.308,3.692633,94.000
PNW88126,2787,2607.308,239.777465,4333.644
PNW88713,1531,1351.308,6.405371,60.000
PNW86973,5697,5517.308,4.473649,171.097
PNW87573,3300,3120.308,0.000000,0.000
PNW86630,1098,918.308,0.000000,0.000
PNW87687,2311,2131.308,0.000000,0.000
PNW87227,4865,4685.308,1.200809,39.000
PNW86804,2828,2648.308,4.630180,85.000
PNW86760,5351,5171.308,0.195274,7.000
PNW87287,1446,1266.308,35.429776,311.000
PNW86864,2187,2007.308,4.302161,59.862
PNW86622,4546,4366.308,1.949329,59.000
PNW86955,1645,1465.308,30.596138,310.776
PNW87686,1358,1178.308,0.000000,0.000
PNW87069,1985,1805.308,4.769098,59.682
PNW86187,2781,2601.308,173.537729,3129.236
PNW86866,5452,5272.308,0.519877,19.000
PNW87394,4423,4243.308,2.481794,73.000
PNW86928,1174,994.308,9.443758,65.091
PNW86364,2376,2196.308,2.772809,42.215
PNW86838,1867,1687.308,41.558105,486.074
PNW87220,5083,4903.308,1.029737,35.000
PNW86379,2096,1916.308,63.243946,840.111
PNW87004,2042,1862.308,20.606922,266.022
PNW86843,2314,2134.308,0.067591,1.000
PNW86710,3147,2967.308,0.048617,1.000
PNW87578,3184,3004.308,0.000000,0.000
PNW87579,8618,8438.308,0.000000,0.000
PNW87580,8669,8489.308,0.000000,0.000
PNW87581,2283,2103.308,3.949998,57.591
PNW86801,2223,2043.308,0.282406,4.000
PNW86755,5777,5597.308,19.639130,761.998
PNW86754,5831,5651.308,0.000000,0.000
PNW86918,3219,3039.308,5.031288,106.000
PNW87535,855,675.414,0.000000,0.000
PNW86862,2814,2634.308,72.468524,1323.331
PNW87141,10621,10441.308,0.469756,34.000
PNW86552,1735,1555.308,4.033814,43.490
PNW86553,1786,1606.308,2.622099,29.196
PNW87002,3563,3383.308,7.163582,168.006
PNW86932,1342,1162.308,39.961645,321.971
PNW86597,1419,1239.308,0.000000,0.000
PNW86596,1556,1376.308,0.000000,0.000
PNW87325,2448,2268.308,19.148624,301.087
PNW87092,3481,3301.308,0.000000,0.000
PNW86360,2799,2619.308,1.101516,20.000
PNW87088,5917,5737.308,1.215526,48.342
PNW87414,3902,3722.308,21.927620,565.791
PNW86333,3251,3071.308,2.395601,51.002
PNW86684,3587,3407.308,14.303387,337.834
PNW86931,1155,975.308,6.064422,41.000
PNW87622,3785,3605.308,1.021323,25.525
PNW87057,1447,1267.308,183.801627,1614.671
PNW86850,2448,2268.308,0.190795,3.000
PNW86852,1923,1743.308,1.634405,19.751
PNW86853,1600,1420.308,26.457038,260.481
PNW87120,2972,2792.308,0.878280,17.000
PNW87032,3251,3071.308,4.696906,99.997
PNW87617,2497,2317.308,7.905820,126.994
PNW87616,2527,2347.308,0.000000,0.000
PNW86586,6948,6768.308,3.325012,156.000
PNW86170,2163,1983.308,19.943135,274.180
PNW86177,2423,2243.308,60.094645,934.496
PNW86325,2833,2653.308,1.250511,23.000
PNW86267,1243,1063.308,37.709897,277.950
PNW86337,708,528.544,0.000000,0.000
PNW87589,1993,1813.308,0.000000,0.000
PNW86132,3307,3127.308,99.502043,2157.025
PNW87527,6237,6057.308,0.000000,0.000
PNW87528,5977,5797.308,0.348377,14.000
PNW86601,2986,2806.308,19.483716,379.018
PNW87646,1906,1726.308,202.019680,2417.489
PNW86413,2711,2531.308,1.709763,30.001
PNW86148,1502,1322.308,1.077699,9.878
PNW86147,1428,1248.308,1.937176,16.763
PNW86151,339,165.133,0.000000,0.000
PNW86150,1258,1078.308,0.000000,0.000
PNW86149,796,616.478,3.594122,15.359
PNW87553,3190,3010.308,0.000000,0.000
PNW86469,1857,1677.308,0.000000,0.000
PNW87107,3593,3413.308,5.451500,128.986
PNW87398,10087,9907.308,0.829978,57.000
PNW86627,2268,2088.308,24.547578,355.350
PNW87490,3069,2889.308,0.000000,0.000
PNW87489,2629,2449.308,35.616062,604.703
PNW86169,7308,7128.308,1.214262,60.000
PNW87129,1655,1475.308,88.563901,905.716
PNW86255,1532,1352.308,2.026867,19.000
PNW86199,1798,1618.308,13.212333,148.215
PNW86647,2358,2178.308,0.360401,5.442
PNW86127,6096,5916.308,1.926299,79.000
PNW86961,1873,1693.308,12.773840,149.937
PNW87140,4413,4233.308,19.522663,572.890
PNW86175,903,723.354,0.000000,0.000
PNW86176,2141,1961.308,23.993724,326.209
PNW86570,1968,1788.308,3.710760,46.000
PNW87191,8699,8519.308,5.384653,317.991
PNW87409,7019,6839.308,2.728720,129.367
PNW86450,1654,1474.308,14.481744,148.000
PNW86194,2668,2488.308,32.892845,567.359
PNW87346,1736,1556.308,35.223977,380.003
PNW87189,2252,2072.308,0.069613,1.000
PNW87188,390,213.182,0.000000,0.000
PNW86966,2905,2725.308,0.529336,10.000
PNW87647,9597,9417.308,2.152973,140.546
PNW87648,10148,9968.308,24.564806,1697.412
PNW87074,2700,2520.308,25.317559,442.311
PNW87122,3225,3045.308,0.209617,4.425
PNW87123,4288,4108.308,1.757121,50.040
PNW86988,7735,7555.308,2.332215,122.144
PNW86563,1913,1733.308,11.974289,143.873
PNW86565,3177,2997.308,3.519849,73.132
PNW86564,2379,2199.308,0.000000,0.000
PNW86619,760,580.503,1.687108,6.789
PNW86621,6836,6656.308,5.747943,265.215
PNW86620,6860,6680.308,0.000000,0.000
PNW87413,9136,8956.308,7.224886,448.552
PNW86389,4796,4616.308,4.937530,158.000
PNW87350,607,427.680,0.000000,0.000
PNW87728,3330,3150.308,7.174423,156.672
PNW87727,762,582.502,15.427847,62.295
PNW87018,2948,2768.308,16.833067,323.021
PNW87639,2483,2303.308,0.062632,1.000
PNW87721,2634,2454.308,9.624721,163.746
PNW86676,5253,5073.308,0.288493,10.146
PNW87494,1657,1477.308,2.734226,28.000
PNW86498,332,158.726,17.755349,19.536
PNW86322,3007,2827.308,0.510240,10.000
PNW86793,5427,5247.308,32.455638,1180.536
PNW86163,1446,1266.308,0.000000,0.000
PNW86164,2038,1858.308,3.141806,40.472
PNW86162,2851,2671.308,0.460569,8.528
PNW86967,5956,5776.308,2.197758,88.000
PNW87564,3830,3650.308,9.806849,248.148
PNW86314,1867,1687.308,2.735918,32.000
PNW86351,1262,1082.308,0.000000,0.000
PNW86976,2499,2319.308,1.679395,27.000
PNW87054,13052,12872.308,9.706095,866.071
PNW87526,5018,4838.308,3.220779,108.021
PNW86548,2573,2393.308,33.355323,553.371
PNW86326,2048,1868.308,20.514442,265.681
PNW86480,2889,2709.308,345.776732,6493.917
PNW86748,2792,2612.308,3.037286,55.000
PNW86904,1876,1696.308,2.005258,23.579
PNW87429,3221,3041.308,1.713043,36.114
PNW86146,3505,3325.308,5.307511,122.342
PNW86305,1747,1567.308,0.552261,6.000
PNW86652,2456,2276.308,0.000000,0.000
PNW86726,3161,2981.308,14.778690,305.418
PNW86471,4428,4248.308,2.038040,60.018
PNW87160,3272,3092.308,1.399542,30.000
PNW86306,1610,1430.308,2.633951,26.115
PNW86307,1613,1433.308,0.900848,8.950
PNW86248,4046,3866.308,3.619410,97.003
PNW87487,3875,3695.308,1.132183,29.001
PNW87079,1152,972.308,8.753777,59.000
PNW86261,4376,4196.308,4.830901,140.523
PNW86334,3250,3070.308,3.242012,69.000
PNW87703,3544,3364.308,1.545705,36.047
PNW87708,1968,1788.308,0.000000,0.000
PNW86744,2391,2211.308,16.439883,252.000
PNW86938,1504,1324.308,30.942779,284.054
PNW86479,3092,2912.308,37.429752,755.626
PNW87009,718,538.537,0.287886,1.075
PNW87247,1449,1269.308,2.386710,21.000
PNW87471,898,718.357,0.000000,0.000
PNW87470,827,647.441,15.151511,68.000
PNW86184,6067,5887.308,4.067605,166.000
PNW86878,8504,8324.308,9.700006,559.722
PNW87087,1409,1229.308,202.299171,1723.882
PNW86672,6402,6222.308,0.355442,15.331
PNW86313,1641,1461.308,16.883651,171.025
PNW86879,11373,11193.308,1.005752,78.037
PNW86134,2164,1984.308,7.339381,100.953
PNW87239,1703,1523.308,25.205195,266.152
PNW87240,1063,883.308,890.947731,5455.280
PNW86381,542,362.863,0.000000,0.000
PNW86258,2277,2097.308,5.924493,86.132
PNW86798,3887,3707.308,16.024254,411.803
PNW87654,3919,3739.308,3.489118,90.440
PNW86245,2024,1844.308,47.955247,613.087
PNW87280,1574,1394.308,0.000000,0.000
PNW86562,2739,2559.308,189.993372,3370.649
PNW87418,1999,1819.308,8.168390,103.014
PNW86208,1333,1153.308,3.752523,30.000
PNW87062,4771,4591.308,8.245690,262.432
PNW87064,3954,3774.308,0.000000,0.000
PNW87063,4774,4594.308,0.646113,20.577
PNW87310,1542,1362.308,4.600888,43.448
PNW87008,6172,5992.308,2.961137,123.000
PNW87331,1869,1689.308,31.526370,369.178
PNW86301,2965,2785.308,4.946925,95.513
PNW86214,1591,1411.308,11.858280,116.010
PNW86734,706,526.546,0.000000,0.000
PNW86833,1410,1230.308,2729.356503,23276.986
PNW87048,2412,2232.308,6.075448,94.012
PNW87411,2137,1957.308,8.477127,115.017
PNW86373,5655,5475.308,5.489075,208.334
PNW86374,5400,5220.308,1.428289,51.685
PNW86259,2288,2108.308,0.000000,0.000
PNW86819,5403,5223.308,0.441898,16.000
PNW87357,2801,2621.308,3.306122,60.074
PNW86657,3515,3335.308,3.644826,84.269
PNW87003,1952,1772.308,6.408522,78.732
PNW87164,6009,5829.308,0.000000,0.000
PNW87165,8281,8101.308,4.576445,257.002
PNW86658,1527,1347.308,441.988770,4127.915
PNW87339,5056,4876.308,3.757171,127.000
PNW86525,884,704.367,33.172189,161.967
PNW86571,14342,14162.308,0.193538,19.000
PNW87200,1274,1094.308,46.178317,350.292
PNW87627,8087,7907.308,1.900020,104.145
PNW87478,3069,2889.308,7.639325,153.004
PNW87169,3562,3382.308,3.753332,88.000
PNW86758,1789,1609.308,82.536498,920.742
PNW86687,4742,4562.308,4.996786,158.026
PNW86185,2962,2782.308,589.072824,11361.267
PNW87269,1104,924.308,38.861845,248.996
PNW86814,1631,1451.308,7.555041,76.006
PNW87313,1283,1103.308,7.583655,58.000
PNW87083,3782,3602.308,7.969485,199.005
PNW86265,2180,2000.308,0.865430,12.000
PNW86264,444,265.711,0.000000,0.000
PNW87652,1282,1102.308,112.596038,860.357
PNW86696,3705,3525.308,23.515746,574.657
PNW86609,2119,1939.308,8.392266,112.818
PNW87483,2058,1878.308,0.000000,0.000
PNW87484,2587,2407.308,2.636747,44.000
PNW86435,962,782.319,0.000000,0.000
PNW87396,3103,2923.308,3.503787,71.001
PNW87072,1764,1584.308,21.829465,239.737
PNW87560,2593,2413.308,84.096704,1406.839
PNW86671,4962,4782.308,8.256303,273.701
PNW87065,2209,2029.308,23.565969,331.502
PNW86209,2355,2175.308,1.326345,20.000
PNW86350,2077,1897.308,1.596720,21.000
PNW86409,1628,1448.308,23.133629,232.251
PNW86845,2103,1923.308,1.050090,14.000
PNW86304,2336,2156.308,13.179619,197.000
PNW86437,2489,2309.308,8.987478,143.871
PNW86588,1428,1248.308,81.054951,701.381
PNW86447,2475,2295.308,1.487960,23.675
PNW86448,2478,2298.308,2.405606,38.325
PNW86567,4125,3945.308,18.757072,512.978
PNW87450,4250,4070.308,4.323943,122.000
PNW86699,1435,1255.308,1.990330,17.319
PNW87525,1773,1593.308,116.875409,1290.849
PNW87726,8951,8771.308,2.541410,154.522
PNW87488,811,631.465,0.000000,0.000
PNW87110,1863,1683.308,5.220680,60.918
PNW86491,4662,4482.308,16.080947,499.650
PNW86378,1663,1483.308,7.997449,82.231
PNW87212,1616,1436.308,11.451723,114.017
PNW87131,1461,1281.308,0.000000,0.000
PNW87132,1411,1231.308,0.000000,0.000
PNW87130,440,261.780,0.000000,0.000
PNW86205,1959,1779.308,2.189072,27.000
PNW86906,3384,3204.308,0.455344,10.114
PNW87314,2146,1966.308,0.000000,0.000
PNW87497,9228,9048.308,0.462358,29.000
PNW87684,4472,4292.308,0.037069,1.103
PNW86439,1875,1695.308,3.269228,38.419
PNW86441,573,393.759,2.930942,8.000
PNW86440,2309,2129.308,0.000000,0.000
PNW87661,4040,3860.308,0.242733,6.495
PNW86336,3846,3666.308,5.980867,152.001
PNW86568,7657,7477.308,3.258025,168.870
PNW86341,1039,859.308,3558.644709,21197.575
PNW86741,5094,4914.308,0.205486,7.000
PNW86539,3964,3784.308,48.458919,1271.197
PNW87104,2456,2276.308,24.251163,382.663
PNW87378,1116,936.308,0.672416,4.364
PNW87711,522,342.961,0.000000,0.000
PNW87709,4143,3963.308,0.000000,0.000
PNW86949,4148,3968.308,0.072706,2.000
PNW87306,1478,1298.308,9.782342,88.039
PNW86995,1748,1568.308,6.078574,66.082
PNW86342,1472,1292.308,0.000000,0.000
PNW86408,2047,1867.308,0.077256,1.000
PNW87340,15829,15649.308,1.548866,168.020
PNW87254,357,181.852,0.793284,1.000
PNW87482,4192,4012.308,2.013452,56.000
PNW87214,3407,3227.308,5.140494,115.000
PNW87327,1536,1356.308,0.212725,2.000
PNW87036,2097,1917.308,11.136060,148.005
PNW87204,2446,2266.308,405.429541,6369.230
PNW87250,2648,2468.308,3.214480,55.000
PNW87693,9834,9654.308,0.000000,0.000
PNW87093,4395,4215.308,0.034223,1.000
PNW86792,1902,1722.308,7.122101,85.030
PNW86097,3543,3363.308,5.571542,129.896
PNW86138,2490,2310.308,2.373166,38.006
PNW87146,2817,2637.308,0.273500,5.000
PNW87402,2176,1996.308,5.784822,80.052
PNW86183,3319,3139.308,9.386685,204.267
PNW86383,3232,3052.308,0.000000,0.000
PNW86384,3116,2936.308,20.932613,426.067
PNW86713,1104,924.308,35.747909,229.045
PNW86624,5059,4879.308,6.267944,212.000
PNW87587,3102,2922.308,0.000000,0.000
PNW86689,3102,2922.308,34.767116,704.283
PNW87445,1807,1627.308,85.731804,967.084
PNW86366,5885,5705.308,0.657418,26.000
PNW87312,3186,3006.308,9.532481,198.652
PNW87423,3274,3094.308,3.132142,67.183
PNW87055,9646,9466.308,2.956552,194.008
PNW87351,1335,1155.308,0.874073,7.000
PNW87262,2341,2161.308,6.408210,96.008
PNW86589,2690,2510.308,71.886346,1250.910
PNW87643,1728,1548.308,47.641396,511.322
PNW86284,3680,3500.308,4.327434,105.000
PNW86693,2888,2708.308,18.940335,355.581
PNW86778,30878,30698.308,0.188021,40.011
PNW87459,3067,2887.308,111.827103,2238.168
PNW87259,12008,11828.308,0.963500,79.000
PNW86319,2149,1969.308,6.885914,94.000
PNW86240,4313,4133.308,0.824743,23.630
PNW87116,1233,1053.308,0.000000,0.000
PNW87598,3026,2846.308,0.841204,16.597
PNW87673,5703,5523.308,0.000000,0.000
PNW87671,6774,6594.308,0.000000,0.000
PNW87672,6801,6621.308,4.986814,228.886
PNW86788,2752,2572.308,5.807869,103.560
PNW86728,3054,2874.308,4.667637,93.000
PNW86432,2384,2204.308,13.769472,210.398
PNW86980,3848,3668.308,1.533721,39.000
PNW87562,7933,7753.308,2.158354,116.001
PNW86103,4412,4232.308,2.249646,66.000
PNW86156,2349,2169.308,0.000000,0.000
PNW86157,2619,2439.308,9.759079,165.017
PNW86772,1066,886.308,12.370783,76.004
PNW86653,2085,1905.308,10.390856,137.236
PNW86165,2225,2045.308,29.342455,416.014
PNW86166,2228,2048.308,0.000000,0.000
PNW86694,5311,5131.308,3.570451,127.000
PNW86695,4893,4713.308,0.000000,0.000
PNW86340,2546,2366.308,5.669687,93.000
PNW87563,1978,1798.308,85.731126,1068.699
PNW87695,1211,1031.308,0.000000,0.000
PNW87696,981,801.313,0.000000,0.000
PNW86126,11353,11173.308,1.794653,139.000
PNW86105,1608,1428.308,281.783347,2789.908
PNW86547,596,416.705,45.005182,130.000
PNW87014,1910,1730.308,92.865901,1113.864
PNW87366,7235,7055.308,2.739910,134.000
PNW86577,1768,1588.308,7.470465,82.250
PNW86576,1221,1041.308,0.519542,3.750
PNW86830,1256,1076.308,2.680654,20.000
PNW86829,1157,977.308,0.000000,0.000
PNW86739,1292,1112.308,44.093899,339.982
PNW86761,4949,4769.308,0.241981,8.000
PNW87625,1692,1512.308,0.000000,0.000
PNW87626,1842,1662.308,0.000000,0.000
PNW86496,1744,1564.308,500.586333,5428.175
PNW87523,1920,1740.308,19.609537,236.563
PNW86167,4091,3911.308,19.494728,528.557
PNW86705,4685,4505.308,4.931121,154.001
PNW86989,3206,3026.308,19.405745,407.095
PNW87061,15525,15345.308,3.178259,338.078
PNW86269,2427,2247.308,52.547808,818.596
PNW86135,953,773.323,0.000000,0.000
PNW87343,613,433.664,362.104011,1088.528
PNW87046,7348,7168.308,8.274136,411.142
PNW87028,4754,4574.308,1.135453,36.004
PNW86594,4154,3974.308,0.481599,13.268
PNW86335,1436,1256.308,1560.869191,13592.998
PNW87546,1325,1145.308,20.657188,164.001
PNW87187,1843,1663.308,8.250359,95.126
PNW86231,1932,1752.308,14.290695,173.587
PNW86232,2172,1992.308,0.000000,0.000
PNW86941,1320,1140.308,0.000000,0.000
PNW86942,659,479.589,0.000000,0.000
PNW86783,1101,921.308,0.000000,0.000
PNW86782,1787,1607.308,30.518441,340.028
PNW86233,1158,978.308,5.869605,39.805
PNW86235,2565,2385.308,1.989528,32.896
PNW86234,3125,2945.308,4.992173,101.923
PNW87691,2891,2711.308,0.206412,3.879
PNW86434,6446,6266.308,54.207338,2354.628
PNW86433,3255,3075.308,1.183995,25.240
PNW87251,2096,1916.308,53.477699,710.380
PNW87252,2099,1919.308,15.459816,205.685
PNW86330,1961,1781.308,18.307728,226.061
PNW87248,1790,1610.308,10.217242,114.050
PNW86515,5412,5232.308,0.909846,33.000
PNW86310,3057,2877.308,30.371994,605.776
PNW87166,2652,2472.308,0.000000,0.000
PNW87474,1897,1717.308,2.436523,29.005
PNW87198,2930,2750.308,7.185991,137.000
PNW87266,1223,1043.308,4.839629,35.001
PNW87551,3478,3298.308,6.954811,159.012
PNW87021,2173,1993.308,84.724659,1170.676
PNW87385,3335,3155.308,8.143376,178.114
PNW87576,105139,104959.308,0.034332,24.979
PNW87577,105546,105366.308,0.011933,8.716
PNW86815,1621,1441.308,11.414484,114.042
PNW87195,6329,6149.308,12.854322,547.934
PNW87656,3446,3266.308,6.526909,147.781
PNW86226,4468,4288.308,0.033640,1.000
PNW86189,979,799.313,0.000000,0.000
PNW87197,1648,1468.308,6.091467,62.000
PNW87068,1983,1803.308,19.682061,246.033
PNW87067,1873,1693.308,0.000000,0.000
PNW86289,3709,3529.308,11.118104,272.002
PNW87547,2204,2024.308,6.912618,97.000
PNW86287,1601,1421.308,150.302292,1480.834
PNW87297,6603,6423.308,13.797692,614.353
PNW87298,6645,6465.308,3.487467,156.297
PNW87299,6591,6411.308,4.865135,216.219
PNW87508,1220,1040.308,6.667868,48.084
PNW87690,1806,1626.308,0.384949,4.340
PNW86806,1162,982.308,0.323439,2.202
PNW86219,5705,5525.308,3.263630,125.000
PNW86807,1492,1312.308,0.659573,6.000
PNW86174,1963,1783.308,13.498507,166.865
PNW86117,7545,7365.308,0.000000,0.000
PNW86118,7872,7692.308,0.693893,37.000
PNW86561,2599,2419.308,0.536659,9.000
PNW86343,58199,58019.308,0.168383,67.721
PNW86773,3282,3102.308,3.738211,80.390
PNW86774,3265,3085.308,0.000000,0.000
PNW86369,2139,1959.308,5.725383,77.761
PNW86370,2020,1840.308,33.189238,423.390
PNW87031,1337,1157.308,79.353398,636.601
PNW86363,1997,1817.308,91.396174,1151.355
PNW86362,2177,1997.308,15.233826,210.915
PNW87185,5043,4863.308,0.000000,0.000
PNW87044,2156,1976.308,16.790964,230.029
PNW86592,2653,2473.308,26.602681,456.096
PNW86765,1861,1681.308,6.606795,77.000
PNW86825,2826,2646.308,1.689930,31.000
PNW87632,7112,6932.308,6.294967,302.499
PNW87631,1342,1162.308,4.282120,34.501
PNW87633,6487,6307.308,0.000000,0.000
PNW86122,6659,6479.308,12.731384,571.817
PNW86121,6467,6287.308,24.659163,1074.721
PNW87237,4488,4308.308,10.621519,317.209
PNW87365,9174,8994.308,0.417016,26.000
PNW87719,1195,1015.308,11.508919,81.000
PNW86885,2957,2777.308,31.865851,613.482
PNW86376,1888,1708.308,630.019052,7460.578
PNW87722,2686,2506.308,7.612558,132.257
PNW87567,1222,1042.308,110.367969,797.429
PNW87264,546,366.849,0.000000,0.000
PNW87516,7822,7642.308,2.076508,110.005
PNW87692,2544,2364.308,0.000000,0.000
PNW86487,2316,2136.308,2.025838,30.000
PNW86674,1311,1131.308,0.916964,7.191
PNW87549,1835,1655.308,0.784352,9.000
PNW87707,3252,3072.308,3.377716,71.935
PNW87213,4040,3860.308,34.425354,921.198
PNW87683,3680,3500.308,0.000000,0.000
PNW87682,3271,3091.308,0.108255,2.320
PNW87134,1323,1143.308,74.329666,589.085
PNW87233,2340,2160.308,1.403223,21.013
PNW87458,1618,1438.308,1.263906,12.601
PNW86455,4112,3932.308,0.110058,3.000
PNW87689,7290,7110.308,0.000000,0.000
PNW86669,1880,1700.308,0.000000,0.000
PNW87277,944,764.324,17.741796,94.000
PNW86442,2062,1882.308,8.891090,116.011
PNW86246,1936,1756.308,32.390262,394.337
PNW86399,2409,2229.308,3.688521,57.000
PNW87073,3706,3526.308,10.645703,260.224
PNW87399,951,771.323,103.807660,555.032
PNW87026,2215,2035.308,0.680969,9.607
PNW86536,2867,2687.308,0.161046,3.000
PNW87575,3380,3200.308,0.000000,0.000
PNW86875,1522,1342.308,0.328912,3.060
PNW86392,5291,5111.308,4.600516,163.001
PNW86263,3050,2870.308,0.000000,0.000
PNW86130,2488,2308.308,4.398134,70.374
PNW87644,755,575.506,0.000000,0.000
PNW86545,949,769.323,3127.523102,16678.691
PNW86708,2456,2276.308,0.000000,0.000
PNW87025,1416,1236.308,40.267647,345.093
PNW87268,2443,2263.308,5.116052,80.266
PNW87449,4467,4287.308,7.946419,236.161
PNW86936,4972,4792.308,1.565331,52.000
PNW86572,1104,924.308,25.095870,160.795
PNW87154,5128,4948.308,0.637533,21.868
PNW87156,4978,4798.308,2.506837,83.381
PNW87155,5002,4822.308,0.860098,28.751
PNW86583,1540,1360.308,18.853482,177.779
PNW87565,7719,7539.308,1.473428,77.004
PNW86946,1116,936.308,27.739816,180.042
PNW86595,1616,1436.308,0.000000,0.000
PNW86477,2106,1926.308,1.572682,21.000
PNW87029,1363,1183.308,1.111766,9.119
PNW87486,1848,1668.308,13.575968,157.000
PNW87715,1104,924.308,287.226759,1840.324
PNW86821,3012,2832.308,14.197377,278.741
PNW87042,2721,2541.308,2.467733,43.472
PNW87041,3083,2903.308,12.746453,256.528
PNW87533,14547,14367.308,0.000000,0.000
PNW87534,14484,14304.308,0.044361,4.399
PNW87407,1310,1130.308,275.349162,2157.413
PNW87517,9094,8914.308,0.275112,17.000
PNW86324,3419,3239.308,0.712550,16.000
PNW87180,3240,3060.308,27.388896,581.022
PNW86998,4091,3911.308,8.010614,217.190
PNW86999,3558,3378.308,4.006072,93.815
PNW87550,6870,6690.308,2.479700,115.000
PNW86574,3371,3191.308,3.525546,77.992
PNW86220,4477,4297.308,19.472761,580.065
PNW87422,1902,1722.308,22.306510,266.315
PNW87355,3968,3788.308,8.454699,222.022
PNW86920,3664,3484.308,3.537027,85.429
PNW87512,2347,2167.308,0.000000,0.000
PNW86905,1285,1105.308,1.490608,11.421
PNW86100,1033,853.308,8.871715,52.477
PNW86142,10755,10575.308,3.901432,286.002
PNW86143,11046,10866.308,0.287897,21.686
PNW86327,1391,1211.308,4.644697,39.000
PNW87444,1719,1539.308,19.510733,208.186
PNW87509,5952,5772.308,5.792113,231.760
PNW87706,1456,1276.308,2.968790,26.266
PNW87705,3906,3726.308,0.000000,0.000
PNW86512,2780,2600.308,0.332869,6.000
PNW87620,1716,1536.308,5.165161,55.007
PNW86272,3916,3736.308,19.625105,508.285
PNW86956,4833,4653.308,3.419474,110.300
PNW86957,6303,6123.308,0.447626,19.000
PNW86228,4529,4349.308,4.676774,141.000
PNW86824,1815,1635.308,0.264648,3.000
PNW87323,2915,2735.308,20.506624,388.824
PNW87190,4888,4708.308,2.179379,71.130
PNW87545,2449,2269.308,0.892981,14.047
PNW86352,6626,6446.308,0.156651,7.000
PNW86979,1642,1462.308,67.378500,682.988
PNW87290,3089,2909.308,23.895771,481.907
PNW87289,2718,2538.308,1003.420342,17655.491
PNW87408,5948,5768.308,10.529641,421.031
PNW86516,5869,5689.308,0.912831,36.000
PNW86420,3001,2821.308,1.176047,23.000
PNW86436,3887,3707.308,2.571657,66.088
PNW86634,9281,9101.308,5.095448,321.469
PNW87658,4058,3878.308,5.768301,155.075
PNW86922,5891,5711.308,46.325135,1834.023
PNW87050,1546,1366.308,47.924289,453.897
PNW87296,12101,11921.308,2.529164,209.003
PNW87544,2403,2223.308,4.941113,76.151
PNW86152,1232,1052.308,0.000000,0.000
PNW87108,2648,2468.308,0.000000,0.000
PNW86393,2026,1846.308,0.000000,0.000
PNW87623,6454,6274.308,0.000000,0.000
PNW86584,1324,1144.308,14.382776,114.088
PNW87292,2463,2283.308,4.296273,68.000
PNW87451,5520,5340.308,57.408268,2125.168
PNW86230,9430,9250.308,1.325593,85.000
PNW87016,2096,1916.308,1.505609,20.000
PNW87452,1699,1519.308,29.736004,313.171
PNW87112,1768,1588.308,31.707178,349.096
PNW86257,3111,2931.308,7.685111,156.158
PNW87502,3553,3373.308,2.770539,64.785
PNW87503,2810,2630.308,5.935116,108.215
PNW87111,2208,2028.308,0.292129,4.107
PNW86202,6402,6222.308,10.998992,474.413
PNW87071,4112,3932.308,1.870984,51.000
PNW86513,5797,5617.308,0.462266,18.000
PNW86281,6778,6598.308,0.046068,2.107
PNW87151,3406,3226.308,38.727635,866.123
PNW86636,3813,3633.308,0.476460,12.000
PNW86380,11133,10953.308,3.924878,298.005
PNW87347,3089,2909.308,7.241385,146.037
PNW87602,2594,2414.308,0.000000,0.000
PNW87143,7603,7423.308,0.971673,50.000
PNW86346,3022,2842.308,9.239365,182.040
PNW87432,4464,4284.308,0.976483,29.000
PNW86854,3152,2972.308,8.933922,184.072
PNW87295,1785,1605.308,12.850762,143.001
PNW87137,2163,1983.308,9.589035,131.831
PNW87681,1117,937.308,0.000000,0.000
PNW87426,666,486.582,0.000000,0.000
PNW86193,1329,1149.308,10.181358,81.114
PNW87223,2545,2365.308,5.672084,93.000
PNW87436,675,495.574,0.000000,0.000
PNW86913,1416,1236.308,10.618473,91.000
PNW86173,6925,6745.308,0.791475,37.008
PNW87628,3256,3076.308,0.159117,3.393
PNW87597,1716,1536.308,179.398794,1910.515
PNW86886,2951,2771.308,5.325977,102.314
PNW86701,4429,4249.308,42.182473,1242.518
PNW86154,6119,5939.308,24.245747,998.215
PNW86155,6388,6208.308,0.289695,12.467
PNW86811,1460,1280.308,1.947932,17.288
PNW86933,5066,4886.308,0.915226,31.000
PNW87457,3043,2863.308,17.028227,337.979
PNW86901,1676,1496.308,1.182450,12.265
PNW87430,2402,2222.308,13.105876,201.894
PNW87650,1785,1605.308,169.647754,1887.814
PNW86555,1741,1561.308,5.548011,60.045
PNW86733,3266,3086.308,9.786062,209.363
PNW86732,4121,3941.308,0.255306,6.975
PNW86948,2304,2124.308,5.364843,79.000
PNW86678,3647,3467.308,1.335468,32.098
PNW87206,5277,5097.308,1.018847,36.000
PNW87007,4935,4755.308,1.516859,50.001
PNW87303,3898,3718.308,5.005124,129.007
PNW86749,4450,4270.308,3.040427,90.001
PNW87443,3527,3347.308,3.275408,76.000
PNW87405,6919,6739.308,0.021406,1.000
PNW86921,1706,1526.308,2821.514072,29852.246
PNW86115,2198,2018.308,26.396715,369.309
PNW86899,16008,15828.308,0.239525,26.281
PNW86900,16233,16053.308,0.000000,0.000
PNW87416,10353,10173.308,1.663925,117.341
PNW87415,8868,8688.308,0.052926,3.188
PNW86357,3166,2986.308,3.130366,64.801
PNW86358,2856,2676.308,0.606763,11.257
PNW86775,1060,880.308,29.115054,177.666
PNW87341,2442,2262.308,8.034637,126.000
PNW86192,1736,1556.308,3.800456,41.000
PNW86505,2238,2058.308,10.092518,144.000
PNW87492,2309,2129.308,0.000000,0.000
PNW86353,4432,4252.308,0.305327,9.000
PNW87307,2828,2648.308,0.501692,9.210
PNW87374,2265,2085.308,8.874553,128.283
PNW87375,3696,3516.308,40.452439,986.016
PNW87427,2394,2214.308,38.960697,598.022
PNW87403,3940,3760.308,2.889710,75.323
PNW87273,947,767.324,4.701803,25.009
PNW87081,2887,2707.308,1.545298,29.000
PNW87519,843,663.421,0.434899,2.000
PNW87704,2298,2118.308,0.137873,2.025
PNW86125,5731,5551.308,2.520716,97.000
PNW87613,2499,2319.308,0.000000,0.000
PNW87614,3843,3663.308,0.708837,18.000
PNW87716,2899,2719.308,2.175908,41.016
PNW86421,6693,6513.308,1.218286,55.005
PNW86119,1783,1603.308,2.789280,31.000
PNW86293,4826,4646.308,0.777264,25.034
PNW86799,1458,1278.308,473.899025,4199.271
PNW87387,3833,3653.308,1.934919,49.001
PNW87019,4081,3901.308,11.262340,304.573
PNW86832,1160,980.308,6.474966,44.000
PNW86831,760,580.503,0.000000,0.000
PNW87485,3037,2857.308,0.000000,0.000
PNW86742,6777,6597.308,2.230390,102.000
PNW87301,2422,2242.308,0.643357,10.000
PNW86625,2910,2730.308,1.109571,21.000
PNW86217,6208,6028.308,9.193976,384.195
PNW87554,1707,1527.308,35.003649,370.589
PNW86315,1275,1095.308,38.857282,295.027
PNW86820,2250,2070.308,8.779767,126.000
PNW86388,2543,2363.308,115.143872,1886.313
PNW87133,1737,1557.308,30.249078,326.542
PNW87499,5117,4937.308,0.000000,0.000
PNW87501,3003,2823.308,0.000000,0.000
PNW87498,6859,6679.308,0.043196,2.000
PNW87500,7818,7638.308,0.000000,0.000
PNW86874,3748,3568.308,3.032120,75.000
PNW86527,2890,2710.308,3.620084,68.013
PNW86702,4007,3827.308,1.019154,27.039
PNW87066,4788,4608.308,4.226100,135.000
PNW86987,4204,4024.308,2.330377,65.008
PNW86519,1416,1236.308,1.290714,11.061
PNW86518,2976,2796.308,1.389753,26.939
PNW86534,1879,1699.308,5.178514,61.000
PNW87265,5360,5180.308,1.847062,66.327
PNW86575,1894,1714.308,4.214723,50.085
PNW86426,2485,2305.308,5.984751,95.637
PNW87590,646,466.601,0.000000,0.000
PNW86481,3238,3058.308,0.990571,21.000
PNW86683,1581,1401.308,15.659158,152.109
PNW86280,4680,4500.308,1.570729,49.000
PNW87348,2300,2120.308,1.508371,22.170
PNW86309,5021,4841.308,76.064402,2552.682
PNW86238,3882,3702.308,2.766516,71.000
PNW86355,2612,2432.308,21.687735,365.667
PNW87011,1838,1658.308,2.870809,33.001
PNW86842,4615,4435.308,9.172369,282.006
PNW87322,4133,3953.308,11.094110,304.022
PNW87234,2612,2432.308,1.627485,27.440
PNW86402,5629,5449.308,2.064908,78.000
PNW87657,4824,4644.308,3.713594,119.555
PNW87601,3797,3617.308,0.048507,1.216
PNW87149,5461,5281.308,1.256510,46.000
PNW87712,1482,1302.308,0.000000,0.000
PNW86644,1413,1233.308,0.000000,0.000
PNW86215,3932,3752.308,39.782023,1034.756
PNW87367,2023,1843.308,55.745799,712.300
PNW86631,3518,3338.308,53.850230,1246.139
PNW86227,3167,2987.308,3.789578,78.474
PNW86137,1871,1691.308,30.027268,352.039
PNW86391,1406,1226.308,15.413495,131.025
PNW87090,4403,4223.308,0.546564,16.001
PNW87666,4085,3905.308,0.037883,1.026
PNW86752,2734,2554.308,1.411933,25.000
PNW87276,4789,4609.308,0.669481,21.391
PNW86268,3217,3037.308,1.709862,36.000
PNW86985,3715,3535.308,0.326445,8.000
PNW87393,3646,3466.308,17.980574,432.039
PNW86499,4894,4714.308,1.132221,37.000
PNW87714,3322,3142.308,0.229545,5.000
PNW86222,3604,3424.308,176.092482,4179.903
PNW86962,1916,1736.308,10.551747,127.000
PNW87263,2325,2145.308,3.227743,48.000
PNW86452,8311,8131.308,0.000000,0.000
PNW86451,4365,4185.308,5.666327,164.392
PNW86453,4818,4638.308,3.366327,108.235
PNW86599,2827,2647.308,0.000000,0.000
PNW87670,9132,8952.308,0.080815,5.015
PNW87039,1587,1407.308,18.629661,181.738
PNW87584,3227,3047.308,0.175165,3.700
PNW86489,2897,2717.308,31.138940,586.537
PNW86963,11895,11715.308,9.235844,750.037
PNW87272,2520,2340.308,27.460028,445.478
PNW87552,4286,4106.308,0.000000,0.000
PNW87724,5524,5344.308,12.909506,478.249
PNW86945,1477,1297.308,35.250358,317.000
PNW86865,1817,1637.308,35.993784,408.517
PNW86461,1798,1618.308,0.178286,2.000
PNW87168,1142,962.308,0.000000,0.000
PNW86349,2103,1923.308,3.675316,49.000
PNW87127,5576,5396.308,36.933105,1381.545
PNW86612,5406,5226.308,5.354859,193.997
PNW86611,4960,4780.308,2.958773,98.044
PNW86472,4488,4308.308,2.946620,88.000
PNW87027,3193,3013.308,1.340485,28.000
PNW86812,6132,5952.308,0.024236,1.000
PNW86844,2897,2717.308,0.424716,8.000
PNW86983,1007,827.308,0.000000,0.000
PNW87288,3959,3779.308,2.717277,71.187
PNW87321,5147,4967.308,4.234313,145.800
PNW87518,700,520.550,3881.134276,14004.699
PNW87678,2617,2437.308,0.000000,0.000
PNW87730,1233,1053.308,8.224756,60.052
PNW86543,4299,4119.308,2.206549,63.007
PNW86827,3189,3009.308,11.217630,234.002
PNW87370,1927,1747.308,8.256157,100.000
PNW86953,2738,2558.308,3.214175,57.000
PNW87600,7794,7614.308,0.000000,0.000
PNW86112,1566,1386.308,23.161768,222.579
PNW86943,1478,1298.308,0.000000,0.000
PNW86944,1212,1032.308,0.279491,2.000
PNW87300,2948,2768.308,0.000000,0.000
PNW87353,1563,1383.308,8.450764,81.034
PNW86111,2878,2698.308,37.500176,701.419
PNW86937,2317,2137.308,5.399708,80.000
PNW86292,3242,3062.308,26.622581,565.134
PNW86856,4371,4191.308,0.414237,12.035
PNW86857,6432,6252.308,1.291286,55.965
PNW86367,5676,5496.308,0.000000,0.000
PNW86368,8443,8263.308,2.252127,129.003
PNW87638,6024,5844.308,1.184829,48.000
PNW86719,1627,1447.308,35.626066,357.422
PNW86763,1734,1554.308,2.784400,30.000
PNW87076,2191,2011.308,7.674544,107.000
PNW87531,10285,10105.308,3.749913,262.678
PNW86934,2982,2802.308,15.062743,292.599
PNW87510,1612,1432.308,0.805725,8.000
PNW87591,1274,1094.308,0.000000,0.000
PNW86456,3123,2943.308,33.349673,680.424
PNW87101,6752,6572.308,6.635372,302.298
PNW86484,2563,2383.308,0.000000,0.000
PNW86485,2566,2386.308,13.025973,215.471
PNW87477,5933,5753.308,2.808353,112.001
PNW87022,3768,3588.308,1.165885,29.000
PNW87493,2106,1926.308,1.198234,16.000
PNW86348,2656,2476.308,0.174769,3.000
PNW87496,1559,1379.308,1.882602,18.000
PNW86291,8197,8017.308,0.341879,19.000
PNW87098,2958,2778.308,3.375051,65.000
PNW87099,2955,2775.308,0.000000,0.000
PNW86613,2833,2653.308,14.268100,262.426
PNW86509,2158,1978.308,0.072921,1.000
PNW86300,1391,1211.308,73.051721,613.391
PNW86566,2389,2209.308,19.972746,305.877
PNW87175,1554,1374.308,0.000000,0.000
PNW87174,1411,1231.308,0.000000,0.000
PNW86795,2768,2588.308,0.000000,0.000
PNW86796,2777,2597.308,15.566144,280.257
PNW86197,3311,3131.308,8.430886,183.000
PNW87304,3415,3235.308,10.301376,231.027
PNW87305,1584,1404.308,0.000000,0.000
PNW86991,1431,1251.308,11.621908,100.808
PNW86990,2008,1828.308,55.214196,699.766
PNW86724,192,47.678,70.379193,23.260
PNW86725,1174,994.308,293.499843,2022.933
PNW87267,1417,1237.308,11.307900,96.987
PNW87128,4262,4082.308,14.368502,406.602
PNW86787,2480,2300.308,1.066130,17.000
PNW86412,2019,1839.308,0.000000,0.000
PNW86411,2039,1859.308,13.575313,174.966
PNW86750,1693,1513.308,11.480901,120.436
PNW86312,2845,2665.308,3.194585,59.022
PNW87217,2007,1827.308,9.553264,121.009
PNW87236,1233,1053.308,51.181469,373.698
PNW86544,1992,1812.308,291.973121,3667.984
PNW86141,6933,6753.308,1.124925,52.661
PNW86140,6769,6589.308,0.605146,27.641
PNW86971,1236,1056.308,404.725415,2963.492
PNW86475,3830,3650.308,45.353132,1147.597
PNW86930,1816,1636.308,0.176324,2.000
PNW87109,1990,1810.308,13.709274,172.036
PNW86954,6862,6682.308,0.215884,10.000
PNW86501,3020,2840.308,3.047427,60.000
PNW86610,1410,1230.308,451.667423,3851.991
PNW86736,3626,3446.308,0.000000,0.000
PNW86737,3444,3264.308,0.795479,18.000
PNW86224,1447,1267.308,2.162812,19.000
PNW86917,2742,2562.308,0.112602,2.000
PNW86916,4668,4488.308,0.257131,8.000
PNW87468,3608,3428.308,17.552761,417.136
PNW87476,2933,2753.308,6.042226,115.320
PNW86529,1637,1457.308,2.580544,26.068
PNW87677,949,769.323,521.719799,2782.267
PNW87676,1197,1017.308,35.840837,252.745
PNW86872,1263,1083.308,19.575494,147.000
PNW87636,7043,6863.308,0.000000,0.000
PNW87637,7046,6866.308,0.357563,17.019
PNW87634,7028,6848.308,1.994052,94.661
PNW87635,7040,6860.308,0.000000,0.000
PNW87557,3042,2862.308,1189.629623,23603.733
PNW87731,4403,4223.308,0.990612,29.001
PNW86848,1511,1331.308,74.403042,686.629
PNW86935,921,741.336,22.767743,117.001
PNW87571,3885,3705.308,0.413837,10.629
PNW87319,1778,1598.308,0.000000,0.000
PNW86645,3466,3286.308,0.597645,13.615
PNW87275,10774,10594.308,2.748501,201.846
PNW86460,2319,2139.308,13.260469,196.646
PNW86794,10959,10779.308,0.615622,46.000
PNW86179,1722,1542.308,0.000000,0.000
PNW86382,1347,1167.308,14.212254,115.001
PNW86605,1946,1766.308,27.496137,336.659
PNW87380,3770,3590.308,32.974344,820.655
PNW86738,2325,2145.308,3.160499,47.000
PNW87495,669,489.582,1.178642,4.000
PNW87015,5300,5120.308,2.197586,78.000
PNW86354,3883,3703.308,0.000000,0.000
PNW86681,8164,7984.308,0.198748,11.000
PNW87718,3577,3397.308,0.624214,14.700
PNW87717,3618,3438.308,10.515965,250.638
PNW86638,3675,3495.308,0.964429,23.367
PNW86637,3565,3385.308,2.242910,52.634
PNW86643,2057,1877.308,0.000000,0.000
PNW87732,2366,2186.308,0.065984,1.000
PNW87147,2276,2096.308,36.676354,532.959
PNW86443,2241,2061.308,3.359277,48.000
PNW86751,2661,2481.308,0.813944,14.000
PNW86926,1635,1455.308,0.198254,2.000
PNW87124,4901,4721.308,0.284204,9.301
PNW87125,4664,4484.308,1.921904,59.742
PNW86924,2797,2617.308,1.747812,31.710
PNW87532,3222,3042.308,2.167400,45.708
PNW87161,1737,1557.308,6.113879,66.000
PNW87181,10667,10487.308,8.601265,625.286
PNW87150,1537,1357.308,1.186921,11.167
PNW86180,2575,2395.308,3.131767,52.000
PNW87640,587,407.727,0.353817,1.000
PNW87574,1995,1815.308,0.079469,1.000
PNW86556,13342,13162.308,0.274003,25.000
PNW87679,2300,2120.308,0.000000,0.000
PNW86665,489,310.173,0.000000,0.000
PNW86663,3855,3675.308,0.544735,13.878
PNW86664,3410,3230.308,1.517872,33.988
PNW86847,3212,3032.308,1.712689,36.000
PNW86969,3229,3049.308,7.758797,164.002
PNW86296,4202,4022.308,145.887272,4067.666
PNW86371,1871,1691.308,6.252296,73.302
PNW86372,1991,1811.308,0.000000,0.000
PNW86158,4394,4214.308,0.445005,13.000
PNW86365,1414,1234.308,148.950752,1274.438
PNW87012,1785,1605.308,1384.557139,15407.134
PNW86377,966,786.316,693.702568,3781.140
PNW87193,1120,940.308,58.123761,378.858
PNW86129,2135,1955.308,7.755073,105.112
PNW87391,1988,1808.308,3.770372,47.262
PNW87075,2081,1901.308,19.569545,257.920
PNW86320,8301,8121.308,3.019746,170.000
PNW86546,4080,3900.308,13.575840,367.044
PNW86859,5594,5414.308,1.252283,47.000
PNW87258,14428,14248.308,0.020249,2.000
PNW87373,3028,2848.308,0.610856,12.061
PNW86161,1813,1633.308,0.264972,3.000
PNW87270,2774,2594.308,4.549045,81.808
PNW87291,3437,3257.308,2.170180,49.001
PNW87113,1429,1249.308,12.932898,112.000
PNW86802,5220,5040.308,28.178081,984.512
PNW86803,2100,1920.308,0.986175,13.127
PNW87456,1512,1332.308,21.115328,195.009
PNW86507,3652,3472.308,1.454116,35.000
PNW86868,6368,6188.308,0.209806,9.000
PNW86972,3342,3162.308,2.052856,45.000
PNW87334,2425,2245.308,0.128500,2.000
PNW86578,2958,2778.308,40.366319,777.414
PNW87216,963,783.318,0.000000,0.000
PNW87215,1800,1620.308,5.696578,63.983
PNW87089,2851,2671.308,0.432030,8.000
PNW87311,2055,1875.308,7.501487,97.515
PNW87243,4259,4079.308,7.316570,206.893
PNW87680,3105,2925.308,0.000000,0.000
PNW87320,4269,4089.308,2.963309,84.000
PNW86526,770,590.498,8.062001,33.000
PNW87056,925,745.332,604.768426,3124.579
PNW86569,2901,2721.308,0.159034,3.000
PNW87588,3656,3476.308,0.000000,0.000
PNW87607,1297,1117.308,0.000000,0.000
PNW86457,3354,3174.308,90.958370,2001.448
PNW87329,1764,1584.308,0.000000,0.000
PNW87328,1684,1504.308,0.191805,2.000
PNW87201,1560,1380.308,16.513094,158.000
PNW86651,780,600.489,0.000000,0.000
PNW87222,3109,2929.308,0.196989,4.000
PNW87645,1928,1748.308,90.298619,1094.338
PNW87653,2955,2775.308,63.910099,1229.513
PNW86692,3788,3608.308,3.478399,87.003
PNW87660,650,470.597,0.000000,0.000
PNW86468,2675,2495.308,0.173438,3.000
PNW87152,2841,2661.308,16.846043,310.775
PNW86302,1374,1194.308,15.664088,129.680
PNW86329,1836,1656.308,63.802949,732.545
PNW87536,2588,2408.308,0.000000,0.000
PNW86478,2314,2134.308,5.871381,86.866
PNW87558,2110,1930.308,44.973037,601.771
PNW86428,1659,1479.308,0.637910,6.541
PNW86427,2044,1864.308,6.071141,78.459
PNW86978,6513,6333.308,2.848556,125.057
PNW86464,1946,1766.308,20.419229,250.011
PNW86628,3219,3039.308,18.774508,395.545
PNW87540,3335,3155.308,20.395742,446.102
PNW86670,1498,1318.308,10.342702,94.516
PNW87352,1071,891.308,5.341134,33.000
PNW87542,1424,1244.308,18.076081,155.914
PNW87293,992,812.311,0.000000,0.000
PNW87294,1052,872.308,0.330756,2.000
PNW87024,4791,4611.308,43.216119,1381.409
PNW87023,5028,4848.308,0.000000,0.000
PNW86614,2442,2262.308,3.569694,55.980
PNW86877,3829,3649.308,25.251222,638.771
PNW87481,1366,1186.308,9.701178,79.776
PNW86560,318,146.062,0.000000,0.000
PNW87330,1381,1201.308,19.333873,161.000
PNW86500,2012,1832.308,68.748438,873.200
PNW86271,1347,1167.308,106.402444,860.973
PNW87592,2653,2473.308,0.000000,0.000
PNW87593,3004,2824.308,0.000000,0.000
PNW87594,4542,4362.308,0.132287,4.000
PNW87100,3586,3406.308,1.821095,43.000
PNW86109,2017,1837.308,73.589814,937.243
PNW86110,2137,1957.308,7.249827,98.365
PNW86308,1752,1572.308,13.855847,151.016
PNW86298,3148,2968.308,1.603808,33.000
PNW86717,2773,2593.308,0.055628,1.000
PNW86211,1978,1798.308,76.607721,954.969
PNW86490,3414,3234.308,0.669048,15.000
PNW86321,2170,1990.308,0.942259,13.000
PNW87372,760,580.503,14268.443084,57416.119
PNW86160,1239,1059.308,4.630245,34.000
PNW86159,255,92.634,0.000000,0.000
PNW86870,7455,7275.308,4.607392,232.359
PNW87662,3123,2943.308,0.000000,0.000
PNW86660,1202,1022.308,5.644501,40.000
PNW86283,3172,2992.308,0.000000,0.000
PNW86855,4631,4451.308,4.375156,135.000
PNW87466,1488,1308.308,0.000000,0.000
PNW87465,928,748.330,0.000000,0.000
PNW86144,4370,4190.308,5.198595,151.003
PNW87285,2234,2054.308,9.280037,132.150
PNW87286,2648,2468.308,4.007280,68.565
PNW86294,3122,2942.308,3.016159,61.517
PNW86716,3399,3219.308,7.617989,170.003
PNW87388,2954,2774.308,7.123859,137.001
PNW86295,3186,3006.308,75.482570,1573.014
PNW86600,3087,2907.308,0.351848,7.091
PNW86894,843,663.421,0.000000,0.000
PNW86893,1943,1763.308,13.090055,160.001
PNW86629,2820,2640.308,4.805568,87.953
PNW86549,1046,866.308,0.199827,1.200
PNW86274,3310,3130.308,43.324041,940.088
PNW86153,2489,2309.308,76.155674,1219.093
PNW87386,2581,2401.308,10.393113,173.000
PNW86210,2056,1876.308,405.472263,5273.730
PNW87159,3006,2826.308,69.779377,1367.096
PNW87158,900,720.356,40.964749,204.555
PNW86465,1264,1084.308,4.523490,34.000
PNW86735,4969,4789.308,4.699147,156.007
PNW86405,6313,6133.308,1.790591,76.128
PNW86404,6665,6485.308,0.708970,31.872
PNW86910,766,586.500,0.000000,0.000
PNW87559,843,663.421,0.000000,0.000
PNW86616,8146,7966.308,9.635998,532.116
PNW86800,2017,1837.308,18.611600,237.038
PNW86239,4931,4751.308,0.497021,16.370
PNW86299,1095,915.308,1.260869,8.000
PNW86488,2990,2810.308,4.727481,92.095
PNW86898,10325,10145.308,1.446637,101.737
PNW87663,807,627.469,0.000000,0.000
PNW86423,1826,1646.308,32.255666,368.103
PNW87207,7938,7758.308,5.080183,273.211
PNW87479,2779,2599.308,9.435032,170.002
PNW87480,2791,2611.308,0.000000,0.000
PNW86688,2455,2275.308,15.866368,250.248
PNW87435,7251,7071.308,1.067092,52.306
PNW87434,7242,7062.308,1.201603,58.825
PNW87000,5711,5531.308,18.180070,697.069
PNW87051,5419,5239.308,12.529828,455.063
PNW86503,7891,7711.308,1.851155,98.952
PNW87308,1505,1325.308,4.462872,41.000
PNW87085,5996,5816.308,30.314357,1222.217
PNW87371,4669,4489.308,1039.867840,32360.118
PNW87208,1522,1342.308,0.000000,0.000
PNW86145,5954,5774.308,16.287377,651.934
PNW86476,1457,1277.308,160.210131,1418.529
PNW87395,2885,2705.308,14.356788,269.232
PNW86533,4485,4305.308,0.871197,26.000
PNW87245,3598,3418.308,2.321127,55.000
PNW87114,4346,4166.308,11.193640,323.277
PNW86846,1987,1807.308,9.789151,122.639
PNW86897,1307,1127.308,75.667941,591.299
PNW86282,1063,883.308,0.000000,0.000
PNW87053,3384,3204.308,0.675312,15.000
PNW86347,2260,2080.308,6.657195,96.000
PNW87548,1304,1124.308,11.040815,86.048
PNW87572,5610,5430.308,0.658748,24.797
PNW86128,6084,5904.308,3.360670,137.546
PNW86996,2026,1846.308,9.694241,124.071
PNW86911,3904,3724.308,1.007106,26.000
PNW86542,12944,12764.308,0.655521,58.001
PNW87621,5400,5220.308,0.469786,17.000
PNW86871,1579,1399.308,2.474260,24.000
PNW86190,1692,1512.308,236.165846,2475.768
PNW86454,7163,6983.308,4.947268,239.485
PNW86466,7238,7058.308,3.249706,159.000
PNW87566,1193,1013.308,0.854195,6.000
PNW86659,6625,6445.308,4.531014,202.438
PNW86345,2943,2763.308,9.940312,190.407
PNW87283,2801,2621.308,44.355793,805.974
PNW86106,1395,1215.308,15.669219,132.004
PNW86623,1817,1637.308,34.005835,385.955
PNW86902,1127,947.308,0.000000,0.000
PNW87281,1370,1190.308,29.451428,243.007
PNW87641,2189,2009.308,0.000000,0.000
PNW87438,4136,3956.308,10.665895,292.509
PNW86098,3636,3456.308,43.775388,1048.806
PNW86530,3462,3282.308,0.527411,12.000
PNW86997,1238,1058.308,1.499436,11.000
PNW87144,2286,2106.308,0.547918,8.000
PNW86682,1191,1011.308,16.861026,118.201
PNW87094,6456,6276.308,2.643295,115.001
PNW87316,1450,1270.308,0.000000,0.000
PNW86400,1781,1601.308,14.954800,166.000
PNW86494,1918,1738.308,8.421321,101.475
PNW87611,6484,6304.308,2.958905,129.307
PNW87058,2141,1961.308,3.689352,50.159
PNW87082,2266,2086.308,1.313780,19.000
PNW87606,824,644.446,0.223852,1.000
PNW86873,5386,5206.308,1.995033,72.000
PNW86108,1879,1699.308,38.505576,453.574
PNW86107,1992,1812.308,76.118240,956.254
PNW86617,1511,1331.308,0.000000,0.000
PNW86951,7962,7782.308,1.427391,77.002
PNW86602,1826,1646.308,10.548136,120.376
PNW86603,1853,1673.308,1.347000,15.624
PNW86927,1826,1646.308,1.752533,20.000
PNW86863,8082,7902.308,1.369176,75.001
PNW87202,1378,1198.308,56.470923,469.079
PNW86242,3353,3173.308,0.045461,1.000
PNW86753,2364,2184.308,3.834663,58.062
PNW87361,2222,2042.308,7.413741,104.957
PNW86639,12261,12081.308,0.238816,20.000
PNW86172,1142,962.308,3314.699566,22111.130
PNW86278,7686,7506.308,1.961302,102.052
PNW86394,2857,2677.308,15.057953,279.458
PNW86395,2409,2229.308,3.775450,58.343
PNW87336,3348,3168.308,56.552592,1242.031
PNW86593,1921,1741.308,12.384317,149.486
PNW86590,1202,1022.308,0.000000,0.000
PNW87126,5142,4962.308,12.041650,414.212
PNW87121,849,669.417,244.421546,1134.198
PNW87630,1410,1230.308,1.257100,10.721
PNW87629,3894,3714.308,7.115002,183.192
PNW86810,4854,4674.308,0.586386,19.000
PNW86723,1014,834.308,8.910455,51.532
PNW86493,15514,15334.308,3.556612,378.053
PNW86522,10112,9932.308,2.775582,191.098
PNW86888,1955,1775.308,9.813463,120.767
PNW87333,4368,4188.308,7.060943,205.000
PNW87118,2619,2439.308,3.430116,58.000
PNW87561,1882,1702.308,20.847420,246.005
PNW86727,1063,883.308,14.066224,86.128
PNW86390,1554,1374.308,5.668355,54.000
PNW86828,4459,4279.308,11.027908,327.129
PNW86506,6932,6752.308,5.213254,244.013
PNW86654,3266,3086.308,0.182977,3.915
PNW87210,5978,5798.308,3.060210,123.000
PNW86767,1901,1721.308,41.643758,496.891
PNW87524,1252,1072.308,0.000000,0.000
PNW87543,1068,888.308,9.906348,61.000
PNW86633,7189,7009.308,0.082325,4.000
PNW86401,5043,4863.308,7.976459,268.902
PNW86510,3273,3093.308,0.000000,0.000
PNW86511,2937,2757.308,0.000000,0.000
PNW87257,3652,3472.308,11.093021,267.006
PNW86882,11785,11605.308,3.418351,274.996
PNW86925,4775,4595.308,0.156965,5.000
PNW86558,2182,2002.308,0.288188,4.000
PNW86459,1590,1410.308,67.476927,659.663
PNW87271,1418,1238.308,18.070536,155.114
PNW87583,1751,1571.308,3.213321,35.000
PNW87582,1875,1695.308,0.000000,0.000
PNW86446,2886,2706.308,7.090846,133.023
PNW86229,6150,5970.308,27.670088,1145.143
PNW86892,1496,1316.308,175.344089,1599.931
PNW86554,4628,4448.308,0.908052,28.000
PNW86965,2721,2541.308,0.229979,4.051
PNW87521,1586,1406.308,5.436793,53.000
PNW86114,899,719.357,30.452500,151.852
PNW87511,5959,5779.308,12.729610,509.969
PNW86131,1053,873.308,0.000000,0.000
PNW87070,4968,4788.308,0.150638,5.000
PNW87360,1843,1663.308,0.000000,0.000
PNW86992,4608,4428.308,0.390923,12.000
PNW86260,2350,2170.308,15.144756,227.843
PNW86463,2609,2429.308,1.068901,18.000
PNW87720,1405,1225.308,0.000000,0.000
PNW86270,12140,11960.308,1.980540,164.202
PNW87145,3428,3248.308,18.387720,414.036
PNW87702,4279,4099.308,0.000000,0.000
PNW86123,2407,2227.308,29.348166,453.121
PNW86834,1711,1531.308,8.974838,95.267
PNW86968,2205,2025.308,0.213704,3.000
PNW86279,1445,1265.308,447.995296,3929.365
PNW86171,926,746.331,0.966465,5.000
PNW86221,4092,3912.308,739.724712,20061.145
PNW87244,1663,1483.308,6.811151,70.033
PNW86311,4349,4169.308,5.363230,155.004
PNW87047,5277,5097.308,4.442571,156.974
PNW86768,5680,5500.308,0.072085,2.748
PNW86504,3287,3107.308,0.417836,9.000
PNW86213,2572,2392.308,6.355200,105.390
PNW87013,2568,2388.308,9.303404,154.023
PNW87400,1095,915.308,54.569180,346.232
PNW86316,1893,1713.308,18.517845,219.927
PNW87205,2332,2152.308,5.697206,85.000
PNW86869,1744,1564.308,31.069737,336.909
PNW87406,3268,3088.308,2.522439,54.000
PNW86649,3024,2844.308,0.000000,0.000
PNW86650,2916,2736.308,0.000000,0.000
PNW87356,1954,1774.308,0.739925,9.101
PNW86328,1855,1675.308,6.158290,71.517
PNW86528,4078,3898.308,0.518083,14.000
PNW87176,7414,7234.308,6.653533,333.658
PNW87537,3185,3005.308,0.108194,2.254
PNW87642,2924,2744.308,21.977892,418.092
PNW86339,1368,1188.308,0.000000,0.000
PNW87513,1517,1337.308,0.000000,0.000
PNW86410,751,571.511,0.252420,1.000
PNW87282,1459,1279.308,62.208537,551.668
PNW87514,2095,1915.308,169.647527,2252.365
PNW87199,1259,1079.308,5.346406,40.000
PNW86776,4736,4556.308,47.290144,1493.607
PNW86201,4332,4152.308,86.428558,2487.708
PNW86646,1862,1682.308,0.000000,0.000
PNW86896,2784,2604.308,0.830895,15.000
PNW87586,3340,3160.308,0.000000,0.000
PNW86784,1631,1451.308,2.485008,25.000
PNW87538,1490,1310.308,23.482891,213.293
PNW86424,1055,875.308,103.692239,629.158
PNW86789,1966,1786.308,0.000000,0.000
PNW86822,2340,2160.308,0.734555,11.000
PNW87335,3259,3079.308,2.998295,64.000
PNW87605,2622,2442.308,13.703999,232.007
PNW87253,1047,867.308,3959.426334,23804.459
PNW87401,1672,1492.308,7.926889,82.000
PNW87446,1703,1523.308,9.558280,100.930
PNW87439,3032,2852.308,0.000000,0.000
PNW86486,6977,6797.308,4.666210,219.864
PNW86331,741,561.518,4.580872,17.831
PNW86332,1425,1245.308,44.487172,384.029
PNW87649,3374,3194.308,5.439191,120.438
PNW87096,1217,1037.308,76.729547,551.725
PNW87530,3411,3231.308,47.923816,1073.451
PNW86720,1853,1673.308,45.372846,526.289
PNW86196,685,505.564,1.377572,4.828
PNW86266,2261,2081.308,2.257575,32.571
PNW86977,2580,2400.308,3.365646,56.000
PNW87472,1463,1283.308,27.428973,244.002
PNW87473,1283,1103.308,0.000000,0.000
PNW87729,2524,2344.308,3.815263,62.000
PNW86541,1223,1043.308,5.254343,38.000
PNW86540,1104,924.308,0.000000,0.000
PNW86551,966,786.316,7.592619,41.385
PNW87734,2996,2816.308,0.102447,2.000
PNW87196,3217,3037.308,1.282397,27.000
PNW86887,2477,2297.308,21.005949,334.514
PNW86303,2607,2427.308,1256.479994,21141.366
PNW87034,5989,5809.308,0.844310,34.000
PNW87379,2456,2276.308,0.221071,3.488
PNW86923,2841,2661.308,13.994474,258.169
PNW86974,2612,2432.308,43.077584,726.311
PNW87440,3174,2994.308,0.433604,9.000
PNW87659,857,677.412,0.000000,0.000
PNW86891,1170,990.308,3.496136,24.000
PNW86429,826,646.443,59.440163,266.356
PNW86538,3351,3171.308,2.820448,62.002
PNW86223,4139,3959.308,3.024170,83.000
PNW87506,1920,1740.308,8.620940,104.000
PNW86715,6895,6715.308,12.860439,598.652
PNW87345,853,673.416,722.982752,3374.921
PNW86841,2276,2096.308,134.114299,1948.870
PNW87049,2218,2038.308,7.431639,105.004
PNW86993,1836,1656.308,1.045218,12.001
PNW86994,3925,3745.308,4.810960,124.903
PNW86582,3132,2952.308,6.938653,142.000
PNW86431,2117,1937.308,16.632735,223.365
PNW87192,2179,1999.308,33.841808,469.014
PNW87735,2486,2306.308,9.294173,148.587
PNW86797,2238,2058.308,0.420522,6.000
PNW87389,2090,1910.308,2.189989,29.000
PNW87467,4285,4105.308,0.000000,0.000
PNW86237,2092,1912.308,5.506986,73.000
PNW87060,2766,2586.308,130.933361,2347.379
PNW87674,877,697.379,1.654887,8.000
PNW86698,797,617.478,14.289895,61.165
PNW86757,1875,1695.308,0.000000,0.000
PNW86416,2388,2208.308,14.679316,224.708
PNW86104,2368,2188.308,17.913553,271.733
PNW86746,5007,4827.308,6.099617,204.108
PNW86254,4206,4026.308,4.479766,125.030
PNW86959,2974,2794.308,8.682139,168.172
PNW87665,1054,874.308,0.000000,0.000
PNW87725,6882,6702.308,6.134500,285.007
PNW86344,6087,5907.308,1.900583,77.827
PNW86523,3679,3499.308,82.279797,1995.850
PNW87324,3353,3173.308,1.000133,22.000
PNW86907,2038,1858.308,1.552600,20.000
PNW86598,805,625.473,0.000000,0.000
PNW87249,1545,1365.308,13.793307,130.542
PNW87221,1032,852.308,0.338517,2.000
PNW87615,1838,1658.308,8.786583,101.004
PNW87667,1646,1466.308,0.000000,0.000
PNW86449,3406,3226.308,1.564983,35.000
PNW86495,1127,947.308,335.304628,2201.828
PNW86188,999,819.308,21.481269,122.000
PNW86982,1253,1073.308,13.550429,100.816
PNW86817,1602,1422.308,5.578487,55.000
PNW87142,1709,1529.308,11.791320,125.000
PNW86276,2823,2643.308,27.695612,507.471
PNW86247,2500,2320.308,8.642046,139.000
PNW87229,8697,8517.308,1.100980,65.003
PNW86883,2660,2480.308,7.919699,136.165
PNW86777,3702,3522.308,13.647442,333.220
PNW87688,1165,985.308,0.000000,0.000
PNW86195,1443,1263.308,5.595447,49.000
PNW87274,8685,8505.308,2.154134,127.003
PNW86396,2180,2000.308,5.481055,76.000
PNW86508,1895,1715.308,33.561133,399.054
PNW86524,1725,1545.308,1.962434,21.021
PNW86418,1684,1504.308,1.246677,13.000
PNW86680,3718,3538.308,0.612667,15.027
PNW86808,2762,2582.308,0.000000,0.000
PNW86809,2616,2436.308,5.039080,85.101
PNW86648,2252,2072.308,0.176185,2.531
PNW86823,1871,1691.308,10.491312,123.000
PNW86186,1339,1159.308,141.593064,1137.872
PNW86691,3348,3168.308,2.640728,57.997
PNW87431,8162,7982.308,3.451853,191.000
PNW87570,11969,11789.308,0.619962,50.665
PNW86218,1346,1166.308,17.448964,141.070
PNW87442,1326,1146.308,13.272298,105.463
PNW87219,1866,1686.308,1.798843,21.027
PNW87354,1755,1575.308,5.219837,57.000
PNW87608,1194,1014.308,0.000000,0.000
PNW87491,1612,1432.308,0.000000,0.000
PNW86587,1752,1572.308,23.458842,255.680
PNW86764,1463,1283.308,81.359565,723.756
PNW86607,3907,3727.308,0.000000,0.000
PNW86606,4392,4212.308,0.000000,0.000
PNW86656,9047,8867.308,4.576503,281.305
PNW86986,8271,8091.308,1.051915,59.000
PNW87455,2377,2197.308,6.350446,96.727
PNW86482,2025,1845.308,5.003357,64.000
PNW86762,5212,5032.308,10.020592,349.553
PNW87006,1801,1621.308,285.194579,3205.231
PNW86517,3091,2911.308,3.617280,73.000
PNW86273,4306,4126.308,0.000000,0.000
PNW87177,2678,2498.308,6.468586,112.023
PNW87733,1528,1348.308,0.000000,0.000
PNW86711,630,450.623,0.000000,0.000
PNW86712,1453,1273.308,15.982082,141.065
PNW86256,2643,2463.308,2.049730,35.000
PNW86532,833,653.436,0.000000,0.000
PNW87162,727,547.528,0.000000,0.000
PNW86124,726,546.529,0.263958,1.000
PNW87246,3632,3452.308,2.005761,48.000
PNW86721,1872,1692.308,7.900854,92.684
PNW86947,1949,1769.308,12.068544,148.017
PNW87194,3481,3301.308,0.349584,8.000
PNW87619,2130,1950.308,0.073968,1.000
PNW87504,2652,2472.308,30.028771,514.627
PNW86895,4867,4687.308,141.923594,4611.377
PNW87224,1618,1438.308,7.823302,78.000
PNW86415,1622,1442.308,0.300017,3.000
PNW87454,4113,3933.308,10.232781,279.000
PNW86290,2532,2352.308,2.085138,34.000
PNW86640,4754,4574.308,1.324559,42.000
PNW86909,3161,2981.308,1.645203,34.000
PNW87507,6952,6772.308,3.515663,165.043
PNW87381,2650,2470.308,97.240643,1665.143
PNW87384,1821,1641.308,12.749271,145.053
PNW87383,1806,1626.308,0.000000,0.000
PNW87382,2761,2581.308,32.338808,578.651
PNW87604,1932,1752.308,0.335809,4.079
PNW87001,5111,4931.308,0.614334,21.000
PNW86241,3685,3505.308,5.873958,142.728
PNW86425,3913,3733.308,1.970715,51.000
PNW86116,2265,2085.308,0.163379,2.362
PNW87102,1063,883.308,0.000000,0.000
PNW87136,1510,1330.308,8.133106,75.000
PNW87284,2921,2741.308,0.000000,0.000
PNW86604,2632,2452.308,2.353057,40.000
PNW87170,1475,1295.308,189.680287,1703.130
PNW87410,2841,2661.308,25.919570,478.162
PNW86984,1823,1643.308,5.003838,57.000
PNW87624,1925,1745.308,0.000000,0.000
PNW86747,3364,3184.308,32.509327,717.589
PNW86780,6698,6518.308,0.243745,11.013
PNW87095,1610,1430.308,667.819055,6621.265
PNW86359,3160,2980.308,1.161709,24.000
PNW86952,4213,4033.308,2.717837,75.987
PNW86101,2994,2814.308,8.452739,164.900
PNW87315,2156,1976.308,0.145990,2.000
PNW87421,5437,5257.308,7.147576,260.480
PNW87103,1392,1212.308,0.951400,7.995
PNW86200,1854,1674.308,16.801519,195.001
PNW86212,2631,2451.308,12.182036,207.000
PNW87404,4307,4127.308,3.495621,100.010
PNW86718,2381,2201.308,4.718447,72.000
PNW86730,2726,2546.308,3.796580,67.013
PNW87424,2189,2009.308,13.556468,188.819
PNW87555,831,651.437,113.688908,513.385
PNW86940,1042,862.308,2542.962975,15200.404
PNW87541,8893,8713.308,0.496690,30.000
PNW86714,6222,6042.308,0.787877,33.000
PNW86960,1495,1315.308,5.703641,52.003
PNW87464,1296,1116.308,0.000000,0.000
PNW86445,4385,4205.308,3.156048,92.001
PNW87453,1444,1264.308,5.933408,52.001
PNW86323,7252,7072.308,3.426854,168.000
PNW87153,2894,2714.308,4.904929,92.288
PNW87097,3425,3245.308,4.515133,101.573
PNW87115,2938,2758.308,3.505365,67.024
PNW87460,627,447.630,0.000000,0.000
PNW86198,1436,1256.308,15.841851,137.960
PNW86492,2183,2003.308,15.989068,222.036
PNW87186,1084,904.308,0.000000,0.000
PNW86203,2499,2319.308,0.435399,7.000
PNW86677,1183,1003.308,0.000000,0.000
PNW86975,3145,2965.308,1.362485,28.006
PNW87260,1975,1795.308,0.482159,6.000
PNW86709,4747,4567.308,31.309110,991.251
PNW87699,1618,1438.308,4.006513,39.946
PNW87698,2268,2088.308,0.000000,0.000
PNW86483,5216,5036.308,8.499945,296.743
PNW86642,8342,8162.308,0.000000,0.000
PNW86860,11036,10856.308,1.316303,99.058
PNW86779,1953,1773.308,0.081448,1.001
PNW87209,1937,1757.308,134.017761,1632.536
PNW86470,1835,1655.308,145.399891,1668.382
PNW86585,2308,2128.308,90.334832,1332.730
PNW86375,2472,2292.308,0.755189,12.000
PNW86666,6623,6443.308,4.381052,195.677
PNW86667,6303,6123.308,0.000000,0.000
PNW86531,4590,4410.308,0.686907,21.000
PNW86813,4543,4363.308,4.763088,144.065
PNW87184,2154,1974.308,19.585666,268.044
PNW87685,2736,2556.308,0.000000,0.000
PNW87173,5426,5246.308,2.199802,80.000
PNW87178,3722,3542.308,1.751203,43.001
PNW87569,3657,3477.308,13.134790,316.606
PNW86786,33085,32905.308,0.390243,89.013
PNW86120,830,650.438,89.383451,403.010
PNW87338,2803,2623.308,13.912932,253.000
PNW86685,1295,1115.308,74.463460,575.693
PNW86881,1454,1274.308,14.377278,127.000
PNW87038,2118,1938.308,31.223871,419.529
PNW86458,7064,6884.308,5.951522,284.015
PNW86655,2111,1931.308,36.387639,487.145
PNW87241,1769,1589.308,14.276025,157.278
PNW87119,1974,1794.308,6.110321,76.000
PNW86703,1711,1531.308,29.500066,313.140
PNW86816,2968,2788.308,1.345179,26.000
PNW86697,2487,2307.308,0.125047,2.000
PNW87261,3670,3490.308,4.670487,113.000
PNW87603,3741,3561.308,0.000000,0.000
PNW87364,2759,2579.308,0.111860,2.000
PNW87520,2308,2128.308,119.720275,1766.261
PNW87609,1692,1512.308,0.095391,1.000
PNW87105,2654,2474.308,8.979522,154.014
PNW86462,3555,3375.308,4.921140,115.141
PNW86207,1940,1760.308,10.899608,133.000
PNW87515,4787,4607.308,69.017801,2204.250
PNW87231,2335,2155.308,13.386532,200.000
PNW86903,3440,3260.308,7.251564,163.886
PNW87522,4314,4134.308,1.395747,40.000
PNW86397,2649,2469.308,3.155974,54.021
PNW86884,2854,2674.308,203.824528,3778.509
PNW86626,2677,2497.308,441.512826,7643.073
PNW87045,1133,953.308,3442.525779,22749.042
PNW87179,2971,2791.308,21.728076,420.418
PNW87218,2227,2047.308,1.337820,18.986
PNW87417,2078,1898.308,31.408615,413.303
PNW87228,3385,3205.308,1.800270,40.000
PNW87505,7329,7149.308,2.118716,105.000
PNW87392,2200,2020.308,5.428335,76.022
PNW86387,2750,2570.308,125.316745,2232.785
PNW86759,3601,3421.308,0.886751,21.030
PNW86297,7633,7453.308,8.889369,459.275
PNW86632,1390,1210.308,22.646707,190.000
PNW87017,1449,1269.308,35.697531,314.093
PNW87412,5584,5404.308,6.296906,235.896
PNW87697,2739,2559.308,1.732673,30.739
PNW87462,4103,3923.308,0.124094,3.375
PNW86785,3205,3025.308,0.762953,16.000
PNW86704,4020,3840.308,7.872329,209.567
PNW86840,4428,4248.308,0.645186,19.000
PNW87668,1040,860.308,1.212878,7.233
PNW86403,4292,4112.308,7.175866,204.556
PNW86535,8491,8311.308,2.839829,163.612
PNW86191,2998,2818.308,4.263769,83.298
PNW87040,3559,3379.308,15.069347,353.000
PNW86673,8149,7969.308,0.028654,1.583
PNW86133,1126,946.308,21.666018,142.123
PNW86580,1304,1124.308,7.447175,58.040
PNW87256,4879,4699.308,3.407505,111.000
PNW86385,1710,1530.308,22.065410,234.069
PNW86419,4192,4012.308,5.177046,143.989
PNW87317,1619,1439.308,13.430694,134.000
PNW87342,2777,2597.308,0.111085,2.000
PNW87713,3402,3222.308,0.044769,1.000
PNW87106,1512,1332.308,0.000000,0.000
PNW87675,3156,2976.308,19.902715,410.623
PNW86668,6337,6157.308,12.215650,521.387
PNW86225,6861,6681.308,2.159391,100.010
PNW86690,3001,2821.308,28.730039,561.874
PNW87091,2561,2381.308,4.543474,74.999
PNW86939,1505,1325.308,17.484472,160.628
PNW86102,3084,2904.308,10.705192,215.521
PNW87441,2085,1905.308,43.093505,569.154
PNW86675,3647,3467.308,1.108853,26.651
PNW86826,1599,1419.308,0.914773,9.000
PNW87363,3504,3324.308,6.379394,147.005
PNW87694,2294,2114.308,0.000000,0.000
PNW87235,2158,1978.308,9.704859,133.087
PNW86618,2638,2458.308,38.858832,662.184
PNW87171,1333,1153.308,3.002334,24.003
PNW86386,1934,1754.308,21.633652,263.080
PNW86550,1165,985.308,21.629460,147.731
PNW87596,923,743.335,0.000000,0.000
PNW86236,742,562.517,0.000000,0.000
PNW86743,5591,5411.308,18.661872,700.019
PNW87138,3715,3535.308,21.738516,532.733
PNW87033,3666,3486.308,0.537929,13.000
PNW86771,954,774.323,0.000000,0.000
PNW87078,2615,2435.308,1.125504,19.000
PNW87077,2684,2504.308,0.000000,0.000
PNW86981,2878,2698.308,38.184797,714.224
PNW87419,5400,5220.308,6.162313,222.994
PNW86766,1660,1480.308,2.143966,22.000
PNW87475,2854,2674.308,3.398416,63.000
PNW86557,1290,1110.308,31.756175,244.413
PNW87368,2778,2598.308,9.938779,179.010
PNW86679,5261,5081.308,0.567308,19.982
PNW87059,3051,2871.308,0.150726,3.000
PNW87397,2494,2314.308,28.113492,451.012
PNW86275,2026,1846.308,94.889589,1214.438
PNW87433,1242,1062.308,0.000000,0.000
PNW87135,1759,1579.308,18.781123,205.608
PNW87700,2101,1921.308,1.567551,20.877
PNW86204,3941,3761.308,0.038354,1.000
PNW87358,989,809.312,0.000000,0.000
PNW86318,3350,3170.308,2.093167,46.000
PNW87539,4142,3962.308,59.266785,1627.842
PNW86700,2922,2742.308,7.379560,140.281
PNW86805,2679,2499.308,4.969068,86.089
PNW87362,3301,3121.308,4.485132,97.043
PNW86253,3019,2839.308,7.113600,140.009
PNW87037,3917,3737.308,21.070456,545.865
PNW87183,4000,3820.308,6.683900,177.003
PNW86473,4609,4429.308,0.358267,11.000
PNW87390,6390,6210.308,3.607528,155.301
PNW87651,7740,7560.308,8.930414,468.019
PNW86781,2990,2810.308,21.183850,412.678
PNW87084,2097,1917.308,49.350482,655.897
PNW86414,2542,2362.308,207.292928,3394.483
PNW87309,3741,3561.308,2.371809,58.552
PNW86662,1551,1371.308,2.902666,27.592
PNW86756,2190,2010.308,4.883034,68.046
PNW87369,3221,3041.308,0.094867,2.000
PNW86250,4236,4056.308,0.071680,2.015
PNW87080,3809,3629.308,6.126048,154.119
PNW87182,2504,2324.308,7.102279,114.431
PNW86745,2343,2163.308,3.540543,53.093
PNW87349,3105,2925.308,13.629201,276.372
PNW87420,1129,949.308,3.841832,25.281
PNW87723,2292,2112.308,0.000000,0.000
PNW86168,1476,1296.308,10.114746,90.890
PNW87226,5032,4852.308,1.129751,38.000
PNW86136,2542,2362.308,11.247331,184.178
PNW87377,3844,3664.308,2.417703,61.411
PNW86818,1827,1647.308,3.240219,37.000
PNW86430,3889,3709.308,0.622264,16.000
PNW86861,1759,1579.308,52.546571,575.260
PNW86839,5066,4886.308,2.273304,77.000
PNW87326,2399,2219.308,25.308895,389.353
PNW86964,6154,5974.308,8.580884,355.363
PNW87428,1741,1561.308,80.202611,868.020
PNW87425,1775,1595.308,12.934503,143.037
PNW87242,954,774.323,62.026929,332.932
PNW86096,1174,994.308,8.245390,56.831
PNW87599,3805,3625.308,0.252235,6.339
PNW87010,4996,4816.308,2.006818,67.000
PNW86706,3055,2875.308,46.950319,935.784
PNW86889,3101,2921.308,3.209840,65.000
PNW87568,2896,2716.308,13.088776,246.451
PNW87612,2425,2245.308,5.467780,85.102
PNW86398,1442,1262.308,1.190541,10.417
PNW86635,2533,2353.308,4.352382,71.000
PNW86338,2664,2484.308,17.943224,309.000
PNW87020,2116,1936.308,4.097658,55.000
PNW86438,1160,980.308,0.147158,1.000
PNW87655,2622,2442.308,3.994669,67.629
PNW86731,5398,5218.308,0.580547,21.000
PNW86206,2375,2195.308,112.500092,1711.989
PNW86837,3027,2847.308,2.330617,46.000
PNW87052,3390,3210.308,8.678688,193.132
PNW86502,3513,3333.308,2.815151,65.047
PNW87086,988,808.313,88.774007,497.414
PNW87469,1576,1396.308,64.974445,628.893
PNW87437,2246,2066.308,3.420963,49.000
PNW86182,8002,7822.308,1.309396,71.000
PNW87203,4102,3922.308,1.655077,45.000
PNW86729,2512,2332.308,7.548112,122.033
PNW87030,2186,2006.308,0.000000,0.000
PNW87211,3733,3553.308,0.162396,4.000
PNW87139,2507,2327.308,9.173927,148.000
PNW87035,1012,832.308,25.825546,149.000
PNW86914,3386,3206.308,3.329461,74.000
PNW86970,2052,1872.308,8.785112,114.019
PNW86849,2360,2180.308,3.374425,51.000
PNW87232,1744,1564.308,16.969214,184.008
PNW86361,2746,2566.308,0.000000,0.000
PNW86249,2358,2178.308,3.522695,53.192
PNW86251,2818,2638.308,10.672914,195.192
PNW87172,1879,1699.308,12.314055,145.053
PNW86579,2639,2459.308,48.663545,829.601
PNW86835,5704,5524.308,11.234000,430.195
PNW86243,2248,2068.308,9.904206,142.000
PNW86950,4078,3898.308,1.665267,45.000
PNW87148,1784,1604.308,19.831550,220.545
PNW86608,9346,9166.308,0.315172,20.026
PNW86686,2505,2325.308,40.616047,654.682
PNW87163,1849,1669.308,139.640291,1615.845
PNW87618,2019,1839.308,0.627456,8.000
PNW87461,2687,2507.308,0.482742,8.390
PNW86707,1028,848.308,110.848599,651.833
PNW87157,668,488.582,0.000000,0.000
PNW86722,877,697.379,0.000000,0.000
PNW86356,1078,898.308,0.000000,0.000
PNW86407,3574,3394.308,29.306940,689.564
PNW86836,2066,1886.308,41.547426,543.262
PNW86770,1153,973.308,0.000000,0.000
PNW86113,1190,1010.308,1.681758,11.778
PNW86858,2404,2224.308,7.912475,122.000
PNW87376,1404,1224.308,5.216049,44.267
PNW87463,2716,2536.308,0.490582,8.625
PNW86277,2275,2095.308,58.689612,852.436
PNW86791,3290,3110.308,4.359864,94.000
PNW86581,4468,4288.308,12.449427,370.073
PNW86262,4677,4497.308,0.348604,10.868
PNW86851,2836,2656.308,120.611744,2220.857
PNW86181,2438,2258.308,2.235801,35.000
PNW86919,3661,3481.308,2.652070,64.000
PNW86912,18064,17884.308,1.427766,177.003
PNW86285,4315,4135.308,2.093216,60.003
PNW86915,1744,1564.308,3.043260,33.000
PNW87359,850,670.416,696.835990,3238.379
PNW86740,4759,4579.308,1.008086,32.000
PNW86252,1955,1775.308,1.056372,13.000
PNW86641,6516,6336.308,2.663772,117.000
PNW86908,4097,3917.308,1.241068,33.700
PNW87043,2795,2615.308,28.239207,511.950
PNW87255,2119,1939.308,2.306016,31.000
PNW87556,2170,1990.308,15.461478,213.316
PNW86178,9176,8996.308,2.501544,156.000
PNW87332,3255,3075.308,0.797458,17.000
PNW87585,3101,2921.308,4.505856,91.245
PNW87318,973,793.315,0.000000,0.000
PNW86790,2870,2690.308,0.160867,3.000
PNW87610,13341,13161.308,10.237549,934.002
PNW86317,3284,3104.308,8.698382,187.178
PNW87230,7883,7703.308,2.247250,120.000
PNW86769,1539,1359.308,0.000000,0.000
PNW86422,4273,4093.308,0.881075,25.000
PNW87447,2930,2750.308,1.835875,35.001
PNW87344,2577,2397.308,33.697538,559.983
PNW86244,1374,1194.308,89.287768,739.198
PNW87117,7437,7257.308,8.905511,448.009
PNW86880,1506,1326.308,7.726638,71.037
PNW86467,5555,5375.308,6.365708,237.193
PNW87279,1241,1061.308,17.219686,126.683
PNW86474,5254,5074.308,0.170642,6.002
PNW86286,3085,2905.308,2100.992718,42312.559
PNW86890,9828,9648.308,1.973082,131.962
PNW87664,3337,3157.308,1.894155,41.456
PNW87238,776,596.492,1.210296,5.004
PNW86406,1800,1620.308,11.485226,129.000
PNW86139,1700,1520.308,47.460108,500.165
PNW87302,2969,2789.308,1.263421,24.429
PNW87669,1632,1452.308,0.000000,0.000
PNW87337,1891,1711.308,111.862626,1326.984
PNW87278,1083,903.308,167.888379,1051.258
PNW86099,4807,4627.308,9.785256,313.872
PNW86661,1090,910.308,2.462897,15.541
PNW87005,1104,924.308,0.000000,0.000
PNW86288,5089,4909.308,2.174526,74.001
PNW87595,2390,2210.308,0.065267,1.000
PNW86573,2015,1835.308,26.334938,335.038
PNW86591,2663,2483.308,8.894647,153.113
PNW87225,1766,1586.308,2.546349,28.000
PNW86497,1579,1399.308,7.470643,72.464
PNW86514,5482,5302.308,7.780353,285.968
PNW86867,13219,13039.308,1.239334,112.020
PNW86929,2592,2412.308,0.358811,6.000
PNW86417,1331,1151.308,2.004822,16.000
PNW86537,8235,8055.308,0.448491,25.043
PNW86521,897,717.359,119.660387,595.030
PNW86444,2105,1925.308,81.434076,1086.823
PNW86520,1814,1634.308,27.879768,315.846
PNW86958,2639,2459.308,9.615299,163.919
PNW87167,8272,8092.308,15.032684,843.260
PNW87529,5051,4871.308,24.367202,822.818
PNW84405,2981,2801.308,8.283563,160.854
PNW85831,2495,2315.308,5.719115,91.789
PNW85832,2528,2348.308,0.000000,0.000
PNW85834,3374,3194.308,0.799792,17.709
PNW85833,2642,2462.308,1.966542,33.566
PNW84573,2462,2282.308,0.000000,0.000
PNW84572,1002,822.308,0.000000,0.000
PNW85534,2324,2144.308,6.915134,102.788
PNW84921,1781,1601.308,32.564266,361.467
PNW85713,4087,3907.308,0.146381,3.965
PNW84938,3932,3752.308,9.745454,253.485
PNW84939,2838,2658.308,1.759347,32.420
PNW84385,2036,1856.308,86.219885,1109.456
PNW85423,1480,1300.308,5.879996,53.000
PNW85812,1720,1540.308,139.092770,1485.131
PNW85416,3283,3103.308,0.000000,0.000
PNW84612,4249,4069.308,1.949798,55.000
PNW84613,2649,2469.308,0.000000,0.000
PNW85634,1235,1055.308,652.267876,4771.532
PNW85995,2768,2588.308,10.039058,180.120
PNW84575,7165,6985.308,3.428318,166.004
PNW84962,2841,2661.308,4.228116,78.000
PNW84840,5098,4918.308,19.954291,680.306
PNW85377,2375,2195.308,3.942043,59.989
PNW85488,2469,2289.308,0.126030,2.000
PNW85092,1617,1437.308,6.549303,65.253
PNW85494,13378,13198.308,1.082125,99.003
PNW84466,5170,4990.308,2.486198,86.003
PNW85090,7234,7054.308,3.245582,158.708
PNW85091,6633,6453.308,0.209228,9.360
PNW84650,2907,2727.308,21.156437,399.972
PNW85878,2328,2148.308,7.746113,115.354
PNW85100,6399,6219.308,1.392714,60.042
PNW86035,3470,3290.308,3.112932,71.000
PNW86034,3770,3590.308,0.000000,0.000
PNW85854,1570,1390.308,0.000000,0.000
PNW85156,16742,16562.308,0.000000,0.000
PNW85157,16694,16514.308,0.367026,42.015
PNW85597,2075,1895.308,322.924451,4242.612
PNW85405,1696,1516.308,10.782359,113.332
PNW84540,1752,1572.308,0.092950,1.013
PNW84758,2622,2442.308,0.059589,1.009
PNW85686,1434,1254.308,30.004617,260.882
PNW85707,2384,2204.308,0.000000,0.000
PNW84377,1368,1188.308,53.192872,438.162
PNW85391,7013,6833.308,3.169973,150.155
PNW85706,1601,1421.308,0.000000,0.000
PNW85571,2015,1835.308,1.336249,17.000
PNW85583,1550,1370.308,3.841279,36.488
PNW85584,1745,1565.308,12.823277,139.140
PNW85632,3475,3295.308,4.116083,94.023
PNW84545,5541,5361.308,3.627045,134.796
PNW84674,2140,1960.308,3.974003,54.001
PNW86002,3064,2884.308,0.900281,18.000
PNW84504,1997,1817.308,94.315450,1188.130
PNW85082,1923,1743.308,10.166638,122.858
PNW84454,2796,2616.308,7.333480,133.000
PNW86019,3987,3807.308,10.387324,274.141
PNW84379,1763,1583.308,8.006758,87.877
PNW84380,2219,2039.308,0.000000,0.000
PNW85332,2635,2455.308,5.405418,92.000
PNW85036,1090,910.308,28.568798,180.274
PNW85081,2236,2056.308,13.333718,190.061
PNW85720,1753,1573.308,0.000000,0.000
PNW84695,1687,1507.308,22.027643,230.156
PNW85756,1656,1476.308,25.195281,257.839
PNW85244,2535,2355.308,6.921128,113.000
PNW84566,2145,1965.308,36.427634,496.266
PNW85188,3121,2941.308,296.474221,6044.773
PNW85189,1941,1761.308,48.230279,588.854
PNW84658,7393,7213.308,4.120188,206.017
PNW86012,5448,5268.308,0.410741,15.000
PNW85627,965,785.317,685.125156,3729.643
PNW84934,3149,2969.308,0.833496,17.156
PNW84478,1648,1468.308,6.975712,71.000
PNW85018,3313,3133.308,43.345593,941.457
PNW85489,1498,1318.308,1.313142,12.000
PNW84449,14074,13894.308,33.112306,3189.179
PNW84842,8595,8415.308,0.237348,13.845
PNW84841,8805,8625.308,1.228454,73.449
PNW85754,1074,894.308,10.162505,63.000
PNW85802,1933,1753.308,2.715208,33.000
PNW85993,2900,2720.308,1.378805,26.000
PNW84980,10405,10225.308,0.665165,47.147
PNW85827,2859,2679.308,5.712775,106.102
PNW85067,5231,5051.308,8.628485,302.128
PNW85511,4086,3906.308,26.163434,708.457
PNW84392,2016,1836.308,1.414081,18.000
PNW85876,3552,3372.308,0.385002,9.000
PNW85786,2641,2461.308,0.410279,7.000
PNW84728,1349,1169.308,11.473885,93.002
PNW84973,1763,1583.308,1.822267,20.000
PNW85085,2604,2424.308,35.136564,590.472
PNW85759,3020,2840.308,321.733479,6334.528
PNW84448,3558,3378.308,11.485560,268.970
PNW84867,567,387.775,0.000000,0.000
PNW84868,1622,1442.308,12.247817,122.453
PNW84866,547,367.846,0.000000,0.000
PNW84869,1114,934.308,6.267447,40.591
PNW85507,3343,3163.308,169.553130,3717.918
PNW85914,2297,2117.308,196.434044,2883.058
PNW85301,2305,2125.308,100.867727,1486.027
PNW85990,4160,3980.308,13.493761,372.308
PNW86060,4422,4242.308,0.776413,22.832
PNW86061,5626,5446.308,2.096978,79.168
PNW85160,3042,2862.308,4.939318,98.002
PNW84554,1233,1053.308,3.697905,27.000
PNW85279,3250,3070.308,7.094583,150.995
PNW84661,1182,1002.308,6.908842,48.002
PNW84942,5115,4935.308,0.148646,5.085
PNW86093,1274,1094.308,29.814763,226.164
PNW84598,1535,1355.308,0.638647,6.000
PNW84599,1725,1545.308,0.000000,0.000
PNW84691,2134,1954.308,0.000000,0.000
PNW85370,1216,1036.308,45.680123,328.147
PNW85888,1402,1222.308,6.640294,56.263
PNW85646,3245,3065.308,5.648391,120.019
PNW84460,1006,826.308,0.000000,0.000
PNW86073,2397,2217.308,1.171100,18.000
PNW84768,1626,1446.308,6.687548,67.047
PNW85376,1016,836.308,17.433195,101.064
PNW84546,1255,1075.308,12.679793,94.514
PNW84567,2661,2481.308,3.197655,55.000
PNW84710,1385,1205.308,5.751729,48.056
PNW85767,12046,11866.308,0.000000,0.000
PNW85768,12043,11863.308,0.766094,63.000
PNW85318,3631,3451.308,782.085364,18710.717
PNW84833,5939,5759.308,0.926785,37.000
PNW84431,1609,1429.308,24.897638,246.682
PNW84928,5573,5393.308,0.669282,25.022
PNW85394,3738,3558.308,4.988627,123.049
PNW85393,2715,2535.308,5.806741,102.051
PNW84700,1845,1665.308,14.997977,173.133
PNW85159,2697,2517.308,4.470017,78.001
PNW86088,4198,4018.308,2.225850,62.000
PNW85746,2242,2062.308,5.864178,83.833
PNW86052,2189,2009.308,10.203931,142.124
PNW85273,3480,3300.308,0.305979,7.000
PNW85057,1546,1366.308,32.211134,305.075
PNW85675,4134,3954.308,1.203901,33.000
PNW85609,2143,1963.308,2.130870,29.000
PNW84424,2957,2777.308,164.986821,3176.332
PNW84565,4470,4290.308,1.143241,34.000
PNW86068,4376,4196.308,2.131433,62.000
PNW84444,1729,1549.308,3.900548,41.891
PNW85870,6962,6782.308,3.767309,177.117
PNW85733,1406,1226.308,7.881749,67.000
PNW85883,5853,5673.308,23.283940,915.683
PNW85168,1281,1101.308,2.881783,22.000
PNW84372,1501,1321.308,0.000000,0.000
PNW85269,4812,4632.308,0.996552,32.000
PNW85226,8896,8716.308,0.829610,50.126
PNW85225,7761,7581.308,0.000000,0.000
PNW85438,891,711.364,1.581709,7.800
PNW85437,1778,1598.308,5.567422,61.683
PNW85711,3383,3203.308,1.701352,37.779
PNW84802,4470,4290.308,7.632908,227.003
PNW84904,2432,2252.308,4.291355,67.000
PNW85650,2611,2431.308,12.104242,204.000
PNW84399,1985,1805.308,11.108851,139.019
PNW85912,2443,2263.308,36.494995,572.571
PNW84393,1316,1136.308,24.756309,195.000
PNW84518,598,418.700,0.000000,0.000
PNW85415,10276,10096.308,0.542737,37.984
PNW85820,1378,1198.308,8.908624,74.000
PNW85061,1668,1488.308,18.416585,190.000
PNW84975,3221,3041.308,8.111163,171.000
PNW84657,2804,2624.308,6.721082,122.266
PNW85432,1614,1434.308,19.136016,190.260
PNW84886,2984,2804.308,2.113640,41.087
PNW85725,1423,1243.308,72.350235,623.550
PNW85902,1614,1434.308,8.348295,83.003
PNW85743,2640,2460.308,0.000000,0.000
PNW84978,6572,6392.308,8.558125,379.218
PNW85129,1617,1437.308,16.081905,160.229
PNW85631,2354,2174.308,11.942599,180.000
PNW85630,2483,2303.308,0.000000,0.000
PNW85714,5111,4931.308,0.046504,1.590
PNW85676,1321,1141.308,26.049878,206.092
PNW85005,947,767.324,0.000000,0.000
PNW85413,3883,3703.308,305.766116,7849.315
PNW84983,9303,9123.308,0.439644,27.804
PNW85762,552,372.829,217.631459,562.450
PNW84600,516,336.993,0.000000,0.000
PNW85774,4356,4176.308,20.440042,591.734
PNW85769,5600,5420.308,0.159689,6.000
PNW84750,1782,1602.308,78.124466,867.732
PNW85411,1710,1530.308,31.773201,337.049
PNW85064,1860,1680.308,0.000000,0.000
PNW85063,3438,3258.308,8.943618,202.003
PNW85570,1516,1336.308,7.355607,68.136
PNW85581,1113,933.308,6.060155,39.207
PNW84530,3299,3119.308,5.043381,109.052
PNW84615,8218,8038.308,2.699404,150.413
PNW84801,4836,4656.308,8.269326,266.910
PNW84445,3820,3640.308,4.719847,119.102
PNW85480,1324,1144.308,19.052876,151.132
PNW85590,1838,1658.308,140.387807,1613.791
PNW85400,2897,2717.308,3.822443,72.000
PNW85972,1731,1551.308,27.501338,295.736
PNW85724,1417,1237.308,226.901476,1946.112
PNW84959,3401,3221.308,119.086386,2659.175
PNW84465,1572,1392.308,15.023824,145.000
PNW85453,3020,2840.308,0.101581,2.000
PNW86070,1981,1801.308,25.307478,316.002
PNW84740,3994,3814.308,1.588493,42.000
PNW84915,4000,3820.308,0.793062,21.002
PNW84455,1343,1163.308,80.496412,649.118
PNW85070,2032,1852.308,4.750780,61.000
PNW85031,1898,1718.308,7.557701,90.021
PNW85420,1664,1484.308,43.749967,450.147
PNW85863,2259,2079.308,2.983301,43.000
PNW84373,2748,2568.308,0.063946,1.138
PNW85849,7235,7055.308,0.490730,24.000
PNW85256,11836,11656.308,0.693066,56.000
PNW86032,2106,1926.308,0.000000,0.000
PNW85351,1230,1050.308,21.036958,153.162
PNW85816,816,636.459,0.226661,1.000
PNW86090,4122,3942.308,17.125827,468.009
PNW84818,3596,3416.308,0.168908,4.000
PNW84807,2046,1866.308,9.430725,122.006
PNW84808,2298,2118.308,0.000000,0.000
PNW85259,1021,841.308,151.229276,881.949
PNW85661,1624,1444.308,38.420613,384.660
PNW85980,4030,3850.308,3.372054,90.000
PNW85382,3737,3557.308,7.381164,182.012
PNW84925,1197,1017.308,230.351156,1624.409
PNW85199,1753,1573.308,7.335617,80.002
PNW85848,7530,7350.308,1.393645,71.008
PNW85875,1398,1218.308,75.957572,641.477
PNW85976,909,729.348,0.000000,0.000
PNW85975,1489,1309.308,2.644337,24.000
PNW84457,3294,3114.308,3.242605,70.002
PNW85241,4528,4348.308,10.885625,328.115
PNW86069,6761,6581.308,6.035651,275.352
PNW85857,2698,2518.308,47.432784,828.018
PNW85303,2138,1958.308,0.000000,0.000
PNW85302,3020,2840.308,0.000000,0.000
PNW84439,912,732.344,1.003363,5.094
PNW84638,1059,879.308,2.891033,17.622
PNW85324,4902,4722.308,4.887797,160.000
PNW85710,3547,3367.308,0.769133,17.953
PNW84705,3382,3202.308,13.140013,291.683
PNW85689,1174,994.308,0.000000,0.000
PNW85622,1932,1752.308,4.692581,57.000
PNW84836,3560,3380.308,23.594058,552.855
PNW86056,3002,2822.308,43.335008,847.805
PNW86075,2273,2093.308,51.779364,751.350
PNW84555,2209,2029.308,0.568708,8.000
PNW84813,1663,1483.308,278.410671,2862.660
PNW84809,516,336.993,63.400246,148.103
PNW84810,1706,1526.308,82.637360,874.322
PNW84812,3080,2900.308,17.012966,342.040
PNW84811,2540,2360.308,102.345941,1674.526
PNW85137,1663,1483.308,5.739856,59.018
PNW85264,1749,1569.308,124.193989,1351.019
PNW84756,1553,1373.308,94.691966,901.434
PNW84755,1524,1344.308,100.852080,939.802
PNW85246,2597,2417.308,3.282299,55.000
PNW84607,2957,2777.308,4.850624,93.384
PNW84718,2817,2637.308,1.584921,28.975
PNW85959,4118,3938.308,0.000000,0.000
PNW85958,4236,4056.308,79.202987,2227.025
PNW85222,2540,2360.308,4.723129,77.277
PNW85853,4216,4036.308,5.825996,163.007
PNW85680,2197,2017.308,4.983918,69.694
PNW85681,2218,2038.308,0.000000,0.000
PNW84852,1226,1046.308,111.951248,811.972
PNW85895,5045,4865.308,1.037780,35.000
PNW85207,1839,1659.308,88.604920,1019.148
PNW85563,4716,4536.308,3.435421,108.028
PNW85425,2791,2611.308,18.175680,329.004
PNW86079,4973,4793.308,2.397936,79.676
PNW85884,2255,2075.308,6.256153,90.000
PNW85466,1712,1532.308,0.282438,3.000
PNW85153,3421,3241.308,4.628715,104.000
PNW85550,10825,10645.308,4.454499,328.708
PNW85553,2866,2686.308,30.427585,566.599
PNW84910,7368,7188.308,0.401375,20.000
PNW85674,2565,2385.308,13.853218,229.059
PNW84951,1707,1527.308,8.689776,92.000
PNW84467,2739,2559.308,3.212919,57.000
PNW84872,1666,1486.308,6.211910,64.001
PNW84958,1430,1250.308,84.836925,735.283
PNW84606,2017,1837.308,36.902481,469.992
PNW85016,2680,2500.308,10.559040,183.008
PNW85877,4376,4196.308,13.376221,389.093
PNW84538,2409,2229.308,0.064711,1.000
PNW84892,4069,3889.308,19.635809,529.388
PNW85441,5016,4836.308,0.983538,32.973
PNW85757,5518,5338.308,2.811083,104.023
PNW85406,5616,5436.308,0.849168,32.000
PNW85517,1753,1573.308,20.896285,227.895
PNW84775,2685,2505.308,5.547774,96.346
PNW85979,3449,3269.308,0.000000,0.000
PNW85978,3392,3212.308,0.359269,8.000
PNW85504,4489,4309.308,6.561397,196.000
PNW86048,2534,2354.308,4.979049,81.257
PNW84715,2524,2344.308,15.453538,251.128
PNW85653,4557,4377.308,0.694500,21.073
PNW84496,1632,1452.308,8.113813,81.684
PNW84949,9313,9133.308,2.653565,168.000
PNW84537,2386,2206.308,0.065385,1.000
PNW84693,2204,2024.308,10.198211,143.104
PNW85086,1525,1345.308,103.938167,969.280
PNW85663,4028,3848.308,3.026274,80.729
PNW85049,4661,4481.308,27.243185,846.282
PNW85989,5442,5262.308,2.972930,108.446
PNW85988,3225,3045.308,0.000000,0.000
PNW86010,5229,5049.308,9.056802,317.000
PNW84722,3059,2879.308,8.934870,178.332
PNW86057,3175,2995.308,0.288973,6.000
PNW85783,2256,2076.308,5.488867,79.000
PNW84547,4836,4656.308,19.149850,618.101
PNW84702,3813,3633.308,24.716062,622.492
PNW85130,1294,1114.308,0.000000,0.000
PNW85682,2370,2190.308,14.031665,213.043
PNW84708,1628,1448.308,1.195275,12.000
PNW84519,5918,5738.308,0.326819,13.000
PNW84763,2337,2157.308,0.534965,8.000
PNW85205,1811,1631.308,17.466962,197.518
PNW84523,2806,2626.308,23.785005,433.014
PNW85131,2826,2646.308,1.589674,29.161
PNW85760,1920,1740.308,16.022404,193.289
PNW85866,7019,6839.308,2.364851,112.116
PNW85312,3022,2842.308,21.480711,423.226
PNW86072,4542,4362.308,5.924819,179.161
PNW85404,3023,2843.308,1.623579,32.000
PNW85697,2138,1958.308,2.570560,34.895
PNW84605,1844,1664.308,6.886256,79.446
PNW84580,3038,2858.308,3.532942,70.000
PNW84698,2669,2489.308,4.059923,70.057
PNW85539,2287,2107.308,0.000000,0.000
PNW84384,2588,2408.308,7.780476,129.889
PNW84620,1606,1426.308,3.772294,37.297
PNW85998,2113,1933.308,2.313173,31.000
PNW85046,2224,2044.308,2.258141,32.000
PNW85894,1434,1254.308,52.067499,452.714
PNW85076,3598,3418.308,0.548630,13.000
PNW86078,5412,5232.308,2.923366,106.030
PNW84883,5840,5660.308,0.254863,10.000
PNW84435,9402,9222.308,24.060461,1538.141
PNW85602,1379,1199.308,5.894035,49.000
PNW84713,2919,2739.308,19.703041,374.134
PNW85538,11720,11540.308,1.026139,82.087
PNW85292,244,84.061,8.580679,5.000
PNW84634,5439,5259.308,0.636237,23.195
PNW85408,10548,10368.308,0.222866,16.018
PNW84739,2236,2056.308,129.272384,1842.666
PNW85903,1376,1196.308,1.567645,13.000
PNW85992,3155,2975.308,29.229078,602.837
PNW85136,2446,2266.308,10.412015,163.571
PNW85135,2606,2426.308,0.000000,0.000
PNW85693,4026,3846.308,0.096414,2.571
PNW85695,7009,6829.308,0.000000,0.000
PNW85694,6989,6809.308,0.000000,0.000
PNW84901,1552,1372.308,0.735858,7.000
PNW84601,1792,1612.308,0.626322,7.000
PNW84927,1973,1793.308,0.241331,3.000
PNW85792,2518,2338.308,3.516580,57.000
PNW84714,1507,1327.308,9.564893,88.004
PNW85013,986,806.313,0.000000,0.000
PNW85012,2056,1876.308,0.000000,0.000
PNW84423,6436,6256.308,3.425252,148.547
PNW85474,5576,5396.308,0.213865,8.000
PNW84443,1832,1652.308,1.784499,20.439
PNW85882,3690,3510.308,0.046301,1.127
PNW85490,1807,1627.308,9.583748,108.108
PNW84770,2117,1937.308,3.201970,43.000
PNW84581,2569,2389.308,2.535856,42.000
PNW85247,1275,1095.308,0.395123,3.000
PNW85023,3959,3779.308,1.145134,30.000
PNW85559,2946,2766.308,62.810700,1204.444
PNW86009,3323,3143.308,0.000000,0.000
PNW85815,915,735.340,2.746549,14.000
PNW84524,2582,2402.308,38.493753,641.020
PNW84590,6161,5981.308,0.964742,40.000
PNW84487,2920,2740.308,0.684371,13.000
PNW85094,2300,2120.308,0.000000,0.000
PNW84912,3018,2838.308,4.574361,90.000
PNW84947,2292,2112.308,2.746025,40.208
PNW85669,3940,3760.308,4.833063,125.979
PNW85463,1240,1060.308,0.000000,0.000
PNW85966,2535,2355.308,17.473494,285.286
PNW85909,1452,1272.308,14.286494,126.000
PNW85908,1294,1114.308,0.000000,0.000
PNW85133,2582,2402.308,7.566400,126.000
PNW84528,5938,5758.308,4.960412,198.000
PNW84862,1380,1200.308,2.644097,22.000
PNW85643,2147,1967.308,14.042467,191.500
PNW84486,6147,5967.308,2.903837,120.117
PNW84687,1628,1448.308,16.335478,164.001
PNW84827,6602,6422.308,0.000000,0.000
PNW84826,6599,6419.308,3.573192,159.000
PNW85263,2096,1916.308,23.236465,308.665
PNW85084,4602,4422.308,3.229488,99.000
PNW85050,2152,1972.308,1.682289,23.000
PNW85231,1934,1754.308,0.822499,10.002
PNW84398,2992,2812.308,61.761218,1204.013
PNW84397,1566,1386.308,13.033783,125.251
PNW85717,1264,1084.308,0.000000,0.000
PNW85496,1228,1048.308,60.594717,440.328
PNW85101,4099,3919.308,0.588922,16.000
PNW84999,8175,7995.308,1.154761,64.000
PNW85510,2528,2348.308,30.930947,503.502
PNW85795,2097,1917.308,0.601929,8.000
PNW85949,676,496.573,129.847927,446.962
PNW85163,3456,3276.308,38.466348,873.611
PNW85352,1689,1509.308,1.338128,14.000
PNW84751,1758,1578.308,0.000000,0.000
PNW86008,2174,1994.308,0.289344,4.000
PNW86006,2171,1991.308,0.000000,0.000
PNW86007,1521,1341.308,0.000000,0.000
PNW85151,2362,2182.308,79.768963,1206.709
PNW84724,2193,2013.308,10.880420,151.848
PNW84726,1734,1554.308,0.000000,0.000
PNW84725,2334,2154.308,0.405354,6.053
PNW85799,2695,2515.308,2.351474,41.000
PNW86043,4393,4213.308,11.470211,335.002
PNW85856,2667,2487.308,14.457933,249.281
PNW85974,1094,914.308,0.315562,2.000
PNW86050,13209,13029.308,0.088576,8.000
PNW84592,3513,3333.308,2.856446,66.002
PNW85461,2874,2694.308,56.051781,1046.862
PNW84583,3010,2830.308,0.356789,7.000
PNW85173,2562,2382.308,0.484439,8.000
PNW85847,2569,2389.308,50.965716,844.117
PNW84943,968,788.315,3143.926939,17180.063
PNW85026,2141,1961.308,63.010271,856.662
PNW85243,10228,10048.308,2.167886,151.002
PNW85554,2001,1821.308,2.627976,33.179
PNW84774,3566,3386.308,14.176095,332.763
PNW84781,6345,6165.308,0.631766,27.000
PNW84956,3289,3109.308,2.876573,62.000
PNW85951,3593,3413.308,3.156570,74.687
PNW84861,1164,984.308,2.198404,15.000
PNW85836,330,156.898,7071.539224,7691.036
PNW85326,690,510.561,778.267642,2754.415
PNW84477,1959,1779.308,1.297228,16.000
PNW85516,5572,5392.308,0.434485,16.241
PNW84512,1171,991.308,0.145529,1.000
PNW84865,2207,2027.308,4.554153,64.000
PNW84864,1796,1616.308,0.000000,0.000
PNW85242,2806,2626.308,7.943030,144.605
PNW84456,2993,2813.308,5.736197,111.865
PNW85636,2333,2153.308,2.481040,37.033
PNW85969,3034,2854.308,1.006363,19.912
PNW85518,5570,5390.308,1.712165,63.975
PNW85520,405,227.651,16.059118,25.342
PNW85519,3340,3160.308,4.185366,91.689
PNW84642,3978,3798.308,0.417782,11.000
PNW85165,2602,2422.308,12.945162,217.365
PNW85728,1931,1751.308,14.062667,170.719
PNW84692,2597,2417.308,2.327448,39.000
PNW85337,1764,1584.308,5.119704,56.226
PNW85625,2144,1964.308,0.146882,2.000
PNW85281,6807,6627.308,0.000000,0.000
PNW85280,7678,7498.308,7.280188,378.406
PNW85547,3980,3800.308,0.000000,0.000
PNW85994,2731,2551.308,26.653917,471.386
PNW84649,4278,4098.308,18.352705,521.383
PNW84584,3361,3181.308,1.269696,28.000
PNW86021,2958,2778.308,2.388498,46.000
PNW85591,1816,1636.308,2.556703,29.000
PNW85839,4677,4497.308,1.026521,32.002
PNW84619,991,811.312,9.069336,51.005
PNW85991,1888,1708.308,1.520035,18.000
PNW85931,2196,2016.308,50.107461,700.345
PNW85798,3066,2886.308,7.066748,141.389
PNW84712,9936,9756.308,0.354873,24.000
PNW84430,6060,5880.308,3.833268,156.251
PNW86027,1945,1765.308,15.935347,195.000
PNW85080,1820,1640.308,44.657953,507.781
PNW84378,5476,5296.308,5.256938,193.001
PNW85306,2077,1897.308,13.154018,173.001
PNW85803,785,605.488,0.000000,0.000
PNW85814,2479,2299.308,3723.940914,59354.344
PNW85002,2316,2136.308,3.014268,44.637
PNW85001,2518,2338.308,0.000000,0.000
PNW85845,4590,4410.308,3.598353,110.008
PNW85104,10282,10102.308,0.899694,63.004
PNW85640,1691,1511.308,4.199979,44.000
PNW84502,1312,1132.308,0.000000,0.000
PNW85851,4920,4740.308,0.000000,0.000
PNW85290,3792,3612.308,1.956858,49.000
PNW85430,2792,2612.308,5.633199,102.007
PNW85811,2427,2247.308,5.789931,90.196
PNW85985,825,645.445,163.710552,732.467
PNW84591,2434,2254.308,2.141249,33.461
PNW85319,4705,4525.308,24.076916,755.269
PNW85970,2520,2340.308,3.307153,53.651
PNW85971,2546,2366.308,15.999851,262.446
PNW85424,2448,2268.308,8.523305,134.018
PNW85096,2307,2127.308,3.933191,58.000
PNW84543,1213,1033.308,0.000000,0.000
PNW85203,1527,1347.308,24.656047,230.273
PNW86065,1388,1208.308,2.149029,18.000
PNW84532,2890,2710.308,51.760298,972.452
PNW84664,944,764.324,0.000000,0.000
PNW85775,3394,3214.308,260.053875,5794.332
PNW84933,1773,1593.308,78.413968,866.056
PNW85773,1585,1405.308,13.755635,134.000
PNW85446,5412,5232.308,0.032498,1.179
PNW85445,5662,5482.308,0.000000,0.000
PNW84863,4117,3937.308,17.270608,471.367
PNW84508,1212,1032.308,174.186897,1246.457
PNW84485,3839,3659.308,0.512498,13.000
PNW86049,4205,4025.308,4.479797,125.000
PNW84552,1642,1462.308,0.000000,0.000
PNW84820,1909,1729.308,12.018482,144.070
PNW86023,1587,1407.308,0.000000,0.000
PNW84462,1721,1541.308,11.140759,119.030
PNW85822,1393,1213.308,0.000000,0.000
PNW85823,2182,2002.308,0.000000,0.000
PNW85330,1360,1180.308,4.766687,39.000
PNW84660,2672,2492.308,688.458616,11894.115
PNW85265,1293,1113.308,73.283442,565.554
PNW85954,4670,4490.308,10.239721,318.725
PNW85810,5142,4962.308,6.628246,228.000
PNW86047,2448,2268.308,6.852879,107.753
PNW84839,3992,3812.308,0.442224,11.686
PNW84733,1568,1388.308,6.622094,63.729
PNW84734,1517,1337.308,17.931094,166.223
PNW85938,8679,8499.308,0.084866,5.000
PNW86083,2635,2455.308,0.763809,13.000
PNW85907,5534,5354.308,1.401249,52.008
PNW84742,1313,1133.308,3841.246047,30176.768
PNW85996,13125,12945.308,0.913800,82.000
PNW84703,3406,3226.308,3.487677,78.000
PNW86014,5951,5771.308,2.299646,92.000
PNW85172,2037,1857.308,1.865633,24.019
PNW84668,1897,1717.308,1.106162,13.168
PNW85708,3717,3537.308,0.000000,0.000
PNW84716,9722,9542.308,2.577483,170.491
PNW85573,1182,1002.308,22.272063,154.744
PNW84871,21668,21488.308,2.331884,347.345
PNW85355,2496,2316.308,1.806130,29.000
PNW85796,1758,1578.308,3.747542,41.001
PNW85574,1989,1809.308,3.827156,48.000
PNW85444,3172,2992.308,0.482104,10.000
PNW85004,1582,1402.308,13.433748,130.585
PNW85003,1785,1605.308,0.000000,0.000
PNW84704,1629,1449.308,11.646624,117.007
PNW84932,3516,3336.308,2.600055,60.131
PNW84922,1383,1203.308,7.073308,59.000
PNW85120,1783,1603.308,34.883406,387.693
PNW84995,2975,2795.308,0.103216,2.000
PNW85532,1709,1529.308,312.605479,3313.936
PNW85134,1576,1396.308,39.269706,380.094
PNW85889,2049,1869.308,8.411879,109.000
PNW84793,1121,941.308,73.094239,476.944
PNW84963,2671,2491.308,54.413944,939.702
PNW85044,3627,3447.308,10.169967,243.026
PNW85045,2208,2028.308,2.988959,42.025
PNW84845,3180,3000.308,7.565704,157.350
PNW85476,2875,2695.308,289.993610,5418.130
PNW85492,1698,1518.308,7.366362,77.529
PNW84396,2614,2434.308,2.074149,35.000
PNW84452,6185,6005.308,0.865166,36.015
PNW84473,1174,994.308,7.409562,51.070
PNW86044,2995,2815.308,1.639727,32.000
PNW84762,7179,6999.308,7.286999,353.555
PNW85586,716,536.538,0.268873,1.000
PNW84571,2322,2142.308,1.414115,21.000
PNW85611,4917,4737.308,0.791752,26.000
PNW85916,2418,2238.308,3.609841,56.009
PNW85371,1533,1353.308,11.380751,106.763
PNW85372,1620,1440.308,4.429646,44.226
PNW85258,1768,1588.308,1.180745,13.000
PNW85482,2956,2776.308,4.105731,79.015
PNW85736,1662,1482.308,0.486608,5.000
PNW85132,2188,2008.308,20.342411,283.195
PNW85293,186,43.968,6.562058,2.000
PNW85294,1050,870.308,3.812433,23.000
PNW85927,1536,1356.308,0.319088,3.000
PNW85309,3359,3179.308,8.964436,197.564
PNW85221,3197,3017.308,17.517545,366.392
PNW85384,1592,1412.308,22.880629,224.001
PNW85813,1772,1592.308,10.509409,116.000
PNW85738,963,783.318,0.000000,0.000
PNW85737,2505,2325.308,52.202446,841.441
PNW84736,1826,1646.308,52.227994,596.029
PNW85212,4941,4761.308,7.892865,260.503
PNW84520,2239,2059.308,18.502739,264.125
PNW84890,2624,2444.308,8.876682,150.404
PNW85368,2867,2687.308,2.093604,39.000
PNW85174,1699,1519.308,24.316936,256.099
PNW84941,2737,2557.308,49.341128,874.671
PNW84685,2816,2636.308,4.546245,83.081
PNW84541,3546,3366.308,4.914071,114.669
PNW84542,2310,2130.308,2.527954,37.331
PNW85751,6154,5974.308,0.120734,5.000
PNW86081,856,676.413,0.000000,0.000
PNW85498,832,652.436,50.433969,228.094
PNW84777,6790,6610.308,0.109118,5.000
PNW85672,2306,2126.308,133.912687,1973.788
PNW85671,2916,2736.308,0.000000,0.000
PNW84602,7893,7713.308,2.153553,115.146
PNW84689,2350,2170.308,7.979511,120.047
PNW85431,2054,1874.308,8.620341,112.000
PNW84548,3913,3733.308,0.656905,17.000
PNW84388,14129,13949.308,2.487279,240.508
PNW84389,14797,14617.308,0.202315,20.500
PNW84390,12087,11907.308,0.000000,0.000
PNW84391,12096,11916.308,0.000000,0.000
PNW85381,11307,11127.308,0.207433,16.000
PNW85690,3193,3013.308,2.165089,45.224
PNW85617,1696,1516.308,39.505791,415.242
PNW84877,3142,2962.308,6.142621,126.135
PNW85772,4146,3966.308,0.000000,0.000
PNW85771,5097,4917.308,1.848249,63.000
PNW85155,8773,8593.308,0.184663,11.000
PNW85345,1320,1140.308,15.687279,124.000
PNW84931,4462,4282.308,493.021446,14635.119
PNW85201,9120,8940.308,1.048574,64.984
PNW84618,6917,6737.308,1.156429,54.008
PNW85397,3422,3242.308,5.878578,132.123
PNW84483,4798,4618.308,0.000000,0.000
PNW84482,4795,4615.308,4.645618,148.627
PNW84996,1683,1503.308,17.656513,183.995
PNW85095,8110,7930.308,0.764023,42.000
PNW85191,1073,893.308,55.552719,344.001
PNW84699,3172,2992.308,0.048212,1.000
PNW85320,3161,2981.308,26.963587,557.233
PNW85245,3194,3014.308,8.586857,179.421
PNW85580,5320,5140.308,21.487846,765.658
PNW85473,999,819.308,0.000000,0.000
PNW85620,4792,4612.308,0.417570,13.351
PNW85513,2692,2512.308,156.503698,2725.524
PNW85126,1921,1741.308,49.931664,602.704
PNW84386,1187,1007.308,471.294483,3290.844
PNW84986,2466,2286.308,0.000000,0.000
PNW85419,1611,1431.308,1771.262435,17573.919
PNW85374,1141,961.308,58.029463,386.691
PNW84832,1802,1622.308,48.915192,550.085
PNW84831,762,582.502,25.134467,101.489
PNW85089,5201,5021.308,0.919349,32.000
PNW85541,2598,2418.308,3.996783,67.000
PNW85947,2230,2050.308,42.115267,598.565
PNW85435,2092,1912.308,21.142199,280.260
PNW84526,8926,8746.308,0.709237,43.000
PNW85588,2008,1828.308,114.513710,1451.308
PNW85138,2064,1884.308,169.498968,2213.969
PNW85139,2079,1899.308,36.707653,483.286
PNW84825,2934,2754.308,9.197607,175.606
PNW84663,3925,3745.308,0.759095,19.708
PNW84765,1417,1237.308,13.414166,115.052
PNW84997,2037,1857.308,11.960632,153.989
PNW85358,3179,2999.308,11.165137,232.133
PNW85039,4973,4793.308,0.993176,33.000
PNW85327,2887,2707.308,59.931959,1124.731
PNW86005,2241,2061.308,9.797890,140.000
PNW84622,1395,1215.308,27.693266,233.299
PNW84621,753,573.509,11.896386,47.294
PNW86054,4838,4658.308,4.707574,152.012
PNW85917,1963,1783.308,7.533061,93.122
PNW85619,3592,3412.308,1.944742,46.001
PNW84513,1972,1792.308,0.000000,0.000
PNW84902,1924,1744.308,1.405961,17.000
PNW84796,3714,3534.308,0.000000,0.000
PNW84795,4948,4768.308,0.000000,0.000
PNW84798,946,766.324,1.401447,7.445
PNW84797,4405,4225.308,2.169922,63.556
PNW85060,1181,1001.308,22.187923,154.006
PNW85804,3592,3412.308,5.369118,127.000
PNW84881,1584,1404.308,2.261878,22.018
PNW84696,4892,4712.308,22.093166,721.679
PNW85662,1385,1205.308,75.909690,634.232
PNW84913,1040,860.308,0.000000,0.000
PNW85379,1215,1035.308,0.000000,0.000
PNW85378,1713,1533.308,2.446196,26.000
PNW85915,7281,7101.308,1.868947,92.000
PNW85449,1019,839.308,11.516040,67.000
PNW85960,4771,4591.308,17.218352,548.000
PNW85300,7617,7437.308,0.756478,39.000
PNW85829,2916,2736.308,0.000000,0.000
PNW85957,1905,1725.308,151.168827,1807.929
PNW85009,1835,1655.308,2.353337,27.003
PNW84816,216,63.561,0.000000,0.000
PNW84817,1538,1358.308,4.673065,44.000
PNW85396,3613,3433.308,70.567900,1679.471
PNW84632,1850,1670.308,0.606177,7.019
PNW85119,1962,1782.308,65.665497,811.283
PNW84737,2884,2704.308,0.053345,1.000
PNW84549,12258,12078.308,1.982677,166.001
PNW85229,2712,2532.308,0.968460,17.000
PNW85506,1910,1730.308,17.131184,205.477
PNW85766,2439,2259.308,3.384136,53.000
PNW85402,1942,1762.308,74.237943,906.902
PNW85401,1143,963.308,0.000000,0.000
PNW84789,1436,1256.308,0.000000,0.000
PNW84790,1451,1271.308,0.486857,4.290
PNW84788,1433,1253.308,27.334510,237.477
PNW85439,3049,2869.308,4.273554,85.000
PNW85633,2483,2303.308,3.947374,63.025
PNW84830,2065,1885.308,33.893023,442.940
PNW85175,3777,3597.308,3.127983,78.000
PNW86085,4250,4070.308,2.126536,60.000
PNW86086,2316,2136.308,0.000000,0.000
PNW85673,831,651.437,29.680396,134.028
PNW85913,3992,3812.308,0.075681,2.000
PNW84723,3297,3117.308,4.351290,94.027
PNW84491,5986,5806.308,0.273304,11.000
PNW84974,3687,3507.308,0.166612,4.051
PNW85641,1192,1012.308,4.418093,31.003
PNW85780,4962,4782.308,0.532651,17.658
PNW85779,4965,4785.308,3.492791,115.860
PNW85215,453,274.571,0.000000,0.000
PNW85214,993,813.311,8.006827,45.141
PNW85322,2445,2265.308,14.214686,223.212
PNW85321,2559,2379.308,0.000000,0.000
PNW85926,2935,2755.308,0.943169,18.014
PNW84406,1881,1701.308,0.763145,9.000
PNW84503,1967,1787.308,220.650655,2733.740
PNW85964,4790,4610.308,2.804133,89.615
PNW84468,3272,3092.308,0.933028,20.000
PNW84586,3890,3710.308,0.155524,4.000
PNW85154,6660,6480.308,4.831881,217.052
PNW84481,2041,1861.308,92.409692,1192.308
PNW84578,1971,1791.308,0.000000,0.000
PNW85962,3753,3573.308,2.543417,63.000
PNW85885,2478,2298.308,3.201971,51.013
PNW85734,2056,1876.308,1.323220,17.210
PNW85735,2068,1888.308,30.242370,395.860
PNW84989,1760,1580.308,62.628131,686.063
PNW84637,1342,1162.308,3.599350,29.000
PNW85383,1840,1660.308,0.868878,10.000
PNW84764,1267,1087.308,420.884635,3172.257
PNW85968,4519,4339.308,4.687552,141.000
PNW85967,4804,4624.308,0.000000,0.000
PNW85216,1022,842.308,14.043981,82.000
PNW84860,1858,1678.308,142.618550,1659.206
PNW85601,1620,1440.308,208.685208,2083.530
PNW84744,2860,2680.308,12.307853,228.675
PNW84677,1624,1444.308,1.298467,13.000
PNW84501,1912,1732.308,44.956622,539.848
PNW84971,2869,2689.308,0.000000,0.000
PNW86028,1914,1734.308,11.645261,140.000
PNW85149,1900,1720.308,11.627133,138.654
PNW85148,1843,1663.308,0.463691,5.346
PNW85356,830,650.438,11266.326832,50797.307
PNW85750,1496,1316.308,16.753848,152.871
PNW85056,3572,3392.308,10.350566,243.395
PNW85414,2235,2055.308,6.808356,97.000
PNW84806,10750,10570.308,1.979233,145.023
PNW85152,2633,2453.308,2.940122,50.000
PNW85701,1231,1051.308,0.000000,0.000
PNW85702,2421,2241.308,0.000000,0.000
PNW85933,2617,2437.308,1.185004,20.021
PNW84686,1926,1746.308,30.780842,372.610
PNW85568,6922,6742.308,0.556307,26.000
PNW85688,11197,11017.308,7.302239,557.679
PNW85311,1456,1276.308,13.490741,119.356
PNW84625,1384,1204.308,0.000000,0.000
PNW85277,3018,2838.308,7.674761,151.000
PNW85761,4004,3824.308,0.905328,24.000
PNW84760,2734,2554.308,0.000000,0.000
PNW85285,2476,2296.308,10.776008,171.530
PNW84426,1460,1280.308,89.443233,793.806
PNW85953,7275,7095.308,1.501264,73.838
PNW84916,4344,4164.308,60.168997,1736.873
PNW85210,2040,1860.308,0.000000,0.000
PNW85211,2013,1833.308,0.393443,5.000
PNW84407,3719,3539.308,4.198632,103.010
PNW84873,2720,2540.308,19.247074,338.925
PNW85745,3138,2958.308,29.558697,606.152
PNW85233,3295,3115.308,72.285036,1560.997
PNW84419,5305,5125.308,4.025843,143.031
PNW84979,2141,1961.308,3.383455,46.000
PNW84626,824,644.446,0.000000,0.000
PNW85284,3051,2871.308,1.909199,38.000
PNW85171,1313,1133.308,1.479990,11.627
PNW85454,1819,1639.308,9.768094,111.000
PNW84510,2607,2427.308,2.585166,43.498
PNW84509,5795,5615.308,37.196573,1447.868
PNW84977,1609,1429.308,2.854106,28.278
PNW85344,2076,1896.308,3.347257,44.000
PNW84998,1571,1391.308,9.435512,91.000
PNW84614,1217,1037.308,0.417216,3.000
PNW85180,5263,5083.308,0.908136,32.000
PNW84609,5313,5133.308,4.249458,151.211
PNW85142,2566,2386.308,2.360593,39.048
PNW84383,2293,2113.308,14.000977,205.104
PNW84655,5441,5261.308,6.964568,254.004
PNW85644,1773,1593.308,3.565176,39.376
PNW85645,1549,1369.308,4.596110,43.626
PNW85369,6238,6058.308,23.306971,978.790
PNW84458,1202,1022.308,10.301215,73.000
PNW84648,2070,1890.308,17.005593,222.832
PNW85781,4667,4487.308,0.000000,0.000
PNW85782,4670,4490.308,3.736252,116.296
PNW84550,4027,3847.308,8.772660,233.960
PNW85515,2864,2684.308,42.715052,794.815
PNW85109,838,658.429,4.162864,19.000
PNW86095,1398,1218.308,7.818247,66.027
PNW84991,2368,2188.308,2.175494,33.000
PNW85893,4696,4516.308,3.558757,111.413
PNW85167,6301,6121.308,6.127405,260.000
PNW84507,4051,3871.308,1.425784,38.262
PNW84506,3463,3283.308,0.000000,0.000
PNW84536,2327,2147.308,0.000000,0.000
PNW84669,1938,1758.308,2.054970,25.047
PNW84940,1780,1600.308,22.638686,251.135
PNW85073,3152,2972.308,4.125462,85.000
PNW85375,4126,3946.308,2.195455,60.058
PNW85526,4459,4279.308,1.415869,42.000
PNW85886,2855,2675.308,2.807794,52.070
PNW85468,1495,1315.308,3.824485,34.870
PNW85961,1602,1422.308,56.203862,554.131
PNW84514,3632,3452.308,0.835734,20.000
PNW84900,6825,6645.308,1.652206,76.108
PNW85183,3313,3133.308,94.819074,2059.451
PNW84682,3067,2887.308,2.659390,53.226
PNW84684,2828,2648.308,4.934602,90.589
PNW84683,5277,5097.308,0.000000,0.000
PNW84946,1214,1034.308,0.278951,2.000
PNW85791,7424,7244.308,1.593091,80.000
PNW85426,548,368.843,0.000000,0.000
PNW85427,1544,1364.308,0.105739,1.000
PNW84475,988,808.313,0.000000,0.000
PNW85422,2675,2495.308,0.409846,7.089
PNW84413,3782,3602.308,1.842148,46.000
PNW85187,2303,2123.308,1.155004,17.000
PNW85577,2517,2337.308,10.478093,169.766
PNW84761,1212,1032.308,2.441306,17.470
PNW85062,3199,3019.308,3.112464,65.142
PNW85901,1375,1195.308,49.854729,413.084
PNW85007,2995,2815.308,1.537248,30.000
PNW85647,2254,2074.308,0.625917,9.000
PNW85858,4488,4308.308,1.306111,39.007
PNW85626,3765,3585.308,1.368043,34.000
PNW84436,2379,2199.308,12.462781,190.000
PNW85502,1389,1209.308,12.986026,108.859
PNW84994,2766,2586.308,0.669343,12.000
PNW85340,2946,2766.308,0.000000,0.000
PNW85339,2537,2357.308,83.652090,1366.928
PNW85649,3103,2923.308,8.241954,167.016
PNW85892,1374,1194.308,7.853768,65.020
PNW85742,1188,1008.308,0.000000,0.000
PNW85741,948,768.323,0.000000,0.000
PNW85543,4450,4270.308,2.736360,81.000
PNW85253,735,555.522,1.038739,4.000
PNW85117,3197,3017.308,3.059904,64.000
PNW84884,3743,3563.308,0.040485,1.000
PNW84846,3697,3517.308,2.624968,64.001
PNW85788,1891,1711.308,0.505790,6.000
PNW84853,2833,2653.308,1.510974,27.791
PNW85865,5015,4835.308,0.549229,18.409
PNW85864,4988,4808.308,0.954197,31.804
PNW86016,1531,1351.308,15.372890,144.000
PNW85417,4819,4639.308,3.234321,104.013
PNW85456,1013,833.308,25.794211,148.998
PNW84593,1732,1552.308,2.602139,28.000
PNW84425,1855,1675.308,112.171397,1302.655
PNW85659,1696,1516.308,36.842652,387.250
PNW85828,6468,6288.308,8.710987,379.711
PNW84896,3372,3192.308,7.004800,155.008
PNW84993,2087,1907.308,16.483302,217.930
PNW85078,2336,2156.308,0.133803,2.000
PNW85537,2597,2417.308,4.078081,68.335
PNW85024,2330,2150.308,52.538968,783.132
PNW85052,4573,4393.308,3.710517,113.000
PNW85868,4249,4069.308,1.772613,50.002
PNW85262,1919,1739.308,55.079975,664.084
PNW85161,1454,1274.308,19.698582,174.005
PNW85219,4243,4063.308,8.736967,246.089
PNW85019,3660,3480.308,11.810749,284.936
PNW85800,1186,1006.308,9.174795,64.000
PNW85469,4359,4179.308,2.625113,76.051
PNW84880,1465,1285.308,35.252446,314.086
PNW85765,11971,11791.308,0.085641,7.000
PNW84561,1525,1345.308,0.107232,1.000
PNW84843,3313,3133.308,1.979761,43.000
PNW84694,4508,4328.308,0.672718,20.184
PNW85525,5625,5445.308,0.555015,20.950
PNW84411,5202,5022.308,25.377152,883.484
PNW84731,1439,1259.308,12.546141,109.520
PNW85200,4451,4271.308,3.242334,96.000
PNW84376,4980,4800.308,6.971921,231.993
PNW84654,9567,9387.308,1.982422,129.000
PNW84420,4126,3946.308,1.535418,42.002
PNW86029,7882,7702.308,7.061028,377.000
PNW85579,4111,3931.308,3.412628,92.999
PNW84515,3361,3181.308,7.884202,173.867
PNW85298,6575,6395.308,25.622622,1135.893
PNW85112,3936,3756.308,4.455065,116.003
PNW84870,1639,1459.308,4.053072,41.000
PNW85350,2439,2259.308,6.193608,97.000
PNW85565,652,472.595,0.000000,0.000
PNW84434,1081,901.308,17.926360,112.000
PNW84461,4218,4038.308,7.871404,220.345
PNW84558,3330,3150.308,3.113890,68.000
PNW84851,1703,1523.308,4.451289,47.003
PNW84403,6787,6607.308,10.598121,485.407
PNW84630,4409,4229.308,6.793904,199.178
PNW85304,1922,1742.308,0.745187,9.000
PNW85748,1381,1201.308,0.240172,2.000
PNW84985,4319,4139.308,0.000000,0.000
PNW84984,3090,2910.308,0.049569,1.000
PNW84653,2091,1911.308,3.622914,48.000
PNW85030,1751,1571.308,87.242894,950.263
PNW85192,6050,5870.308,4.506816,183.393
PNW85732,1727,1547.308,63.496922,681.055
PNW85287,2852,2672.308,2.807216,52.001
PNW85267,3020,2840.308,15.800466,311.091
PNW85388,1278,1098.308,2.495610,19.000
PNW85542,5316,5136.308,2.274983,80.999
PNW84474,1536,1356.308,40.619677,381.898
PNW85261,2049,1869.308,29.235921,378.835
PNW85440,3438,3258.308,1.549613,35.000
PNW85041,3523,3343.308,12.342126,286.035
PNW85040,3496,3316.308,0.000000,0.000
PNW85145,2862,2682.308,0.053782,1.000
PNW85763,1375,1195.308,9.384621,77.759
PNW85349,9166,8986.308,5.666839,353.000
PNW85483,2087,1907.308,0.000000,0.000
PNW85566,2205,2025.308,0.071229,1.000
PNW85224,2746,2566.308,4.277380,76.092
PNW85460,1507,1327.308,608.391320,5597.671
PNW85603,2433,2253.308,23.789597,371.587
PNW84894,1551,1371.308,159.905363,1520.025
PNW86013,1859,1679.308,0.085905,1.000
PNW85593,2858,2678.308,21.642800,401.815
PNW84596,1772,1592.308,15.387623,169.844
PNW85442,2975,2795.308,8.690537,168.395
PNW85185,1969,1789.308,21.930669,272.013
PNW85184,2445,2265.308,1.781549,27.975
PNW84375,12822,12642.308,1.028393,90.124
PNW85922,1725,1545.308,256.066118,2742.962
PNW84629,2220,2040.308,0.282821,4.000
PNW85346,3104,2924.308,57.017525,1155.804
PNW86004,3272,3092.308,2.425873,52.000
PNW85421,3310,3130.308,19.071783,413.839
PNW85758,2970,2790.308,8.530593,165.000
PNW86045,9732,9552.308,0.060409,4.000
PNW84639,3340,3160.308,1.734609,38.000
PNW84970,1508,1328.308,2.497908,23.000
PNW85328,1733,1553.308,24.056246,259.023
PNW84404,5992,5812.308,3.215935,129.571
PNW84414,10708,10528.308,0.506980,37.000
PNW84641,7469,7289.308,2.731247,138.007
PNW84875,1237,1057.308,0.000000,0.000
PNW85564,1469,1289.308,8.968439,80.154
PNW85984,1992,1812.308,53.373253,670.515
PNW85022,2861,2681.308,3.335742,62.000
PNW85665,1574,1394.308,8.794428,85.000
PNW85011,1660,1480.308,0.000000,0.000
PNW84442,7837,7657.308,1.168292,62.013
PNW85704,15990,15810.308,3.551324,389.209
PNW85251,8603,8423.308,0.685054,40.000
PNW85111,2383,2203.308,11.458483,175.007
PNW85648,1392,1212.308,26.853434,225.666
PNW85429,1433,1253.308,39.040985,339.181
PNW85930,5144,4964.308,3.487145,120.000
PNW84427,4788,4608.308,10.063359,321.467
PNW84848,416,238.324,0.000000,0.000
PNW84738,6869,6689.308,7.460135,345.924
PNW85097,1479,1299.308,2.997775,27.000
PNW85443,1701,1521.308,7.111996,75.000
PNW84780,1757,1577.308,0.457300,5.000
PNW85794,2942,2762.308,1.357840,26.000
PNW85195,10987,10807.308,10.286273,770.598
PNW85982,2376,2196.308,10.960179,166.864
PNW84535,3583,3403.308,0.084777,2.000
PNW85512,11119,10939.308,3.793078,287.630
PNW85939,1355,1175.308,27.499465,224.042
PNW85691,4379,4199.308,11.783658,343.013
PNW84776,2567,2387.308,5.317674,88.000
PNW84967,2596,2416.308,192.208919,3219.426
PNW85021,3157,2977.308,18.045956,372.440
PNW85331,3463,3283.308,8.655697,197.000
PNW85178,6281,6101.308,2.293487,97.000
PNW84604,3443,3263.308,9.328213,211.013
PNW84666,3287,3107.308,3.765033,81.097
PNW85806,5288,5108.308,2.739279,96.999
PNW84926,1546,1366.308,44.260399,419.195
PNW84633,2781,2601.308,29.853998,538.328
PNW84903,4074,3894.308,0.444527,12.000
PNW84908,4681,4501.308,7.531415,235.000
PNW85020,1894,1714.308,0.589056,7.000
PNW84463,2431,2251.308,24.931454,389.077
PNW85248,1032,852.308,0.000000,0.000
PNW85048,2692,2512.308,14.188561,247.095
PNW84671,1877,1697.308,1.529887,18.000
PNW85484,1977,1797.308,6.441799,80.257
PNW86025,7629,7449.308,1.607499,83.008
PNW84895,9112,8932.308,3.246246,201.001
PNW85074,3066,2886.308,0.049981,1.000
PNW84594,994,814.310,13.309872,75.130
PNW85491,4284,4104.308,1.089605,31.000
PNW84753,5736,5556.308,5.590216,215.312
PNW85945,1337,1157.308,147.586630,1183.992
PNW84505,1899,1719.308,1.426589,17.002
PNW84752,3199,3019.308,2.962318,62.000
PNW84576,3611,3431.308,14.592098,347.080
PNW84966,4357,4177.308,11.257214,325.972
PNW84493,1842,1662.308,66.674526,768.288
PNW84965,591,411.716,142.437090,406.512
PNW85770,7643,7463.308,1.355867,70.146
PNW85353,2035,1855.308,81.021521,1042.003
PNW85509,544,364.855,3.958814,10.012
PNW84522,4840,4660.308,44.510142,1437.892
PNW86011,1801,1621.308,0.889778,10.000
PNW84579,7328,7148.308,4.621468,229.000
PNW84930,1507,1327.308,14.564636,134.006
PNW85523,3427,3247.308,45.187179,1017.165
PNW85347,2311,2131.308,7.513187,111.000
PNW84450,1992,1812.308,1.194006,15.000
PNW85807,2068,1888.308,328.901877,4305.185
PNW84759,1785,1605.308,0.000000,0.000
PNW85558,10504,10324.308,0.013973,1.000
PNW86094,1824,1644.308,1120.243613,12768.746
PNW85083,2330,2150.308,2.550388,38.015
PNW84721,1306,1126.308,135.872178,1060.817
PNW85234,1943,1763.308,0.490875,6.000
PNW84636,3826,3646.308,3.877567,98.009
PNW86062,9870,9690.308,2.649902,178.000
PNW86039,2056,1876.308,10.982433,142.842
PNW86041,1530,1350.308,0.000000,0.000
PNW86040,3767,3587.308,0.127266,3.165
PNW86003,1098,918.308,1.885125,12.000
PNW85208,2818,2638.308,0.437433,8.000
PNW85599,2087,1907.308,1.058899,14.000
PNW84876,2019,1839.308,10.353576,132.007
PNW84791,3689,3509.308,6.289518,153.000
PNW85529,2230,2050.308,59.726551,848.866
PNW84992,11226,11046.308,2.820897,216.002
PNW85897,9224,9044.308,4.374803,274.275
PNW84480,2217,2037.308,37.678665,532.114
PNW84688,10097,9917.308,0.145463,10.000
PNW84976,5081,4901.308,13.657716,464.026
PNW85623,4415,4235.308,6.416735,188.387
PNW85561,14322,14142.308,1.479095,145.000
PNW84497,1806,1626.308,1.064451,12.000
PNW86037,3586,3406.308,1.101126,26.000
PNW84587,2172,1992.308,6.300269,87.010
PNW86020,2512,2332.308,3.834893,62.000
PNW86064,3294,3114.308,3.844713,83.000
PNW85522,3855,3675.308,1.639164,41.761
PNW85260,1592,1412.308,4.812302,47.112
PNW85390,1453,1273.308,6.797749,60.000
PNW85670,10856,10676.308,3.188984,236.008
PNW85124,4856,4676.308,1.295668,42.000
PNW85272,7000,6820.308,0.148061,7.000
PNW85359,6365,6185.308,1.446032,62.000
PNW85116,3179,2999.308,1.923917,40.000
PNW85103,1840,1660.308,31.348760,360.796
PNW85107,1541,1361.308,327.695102,3092.281
PNW85227,1850,1670.308,1.640984,19.000
PNW85333,2579,2399.308,74.496138,1239.003
PNW85628,1019,839.308,4.297006,25.000
PNW85576,2150,1970.308,97.386298,1330.101
PNW84706,354,179.038,21.274798,26.404
PNW84937,2192,2012.308,0.430134,6.000
PNW85255,932,752.329,0.191752,1.000
PNW85297,2232,2052.308,4.850916,69.011
PNW85841,4874,4694.308,1.121981,36.510
PNW85703,2991,2811.308,0.000000,0.000
PNW85357,2385,2205.308,23.889769,365.203
PNW85900,6589,6409.308,0.000000,0.000
PNW85899,6586,6406.308,1.264343,56.147
PNW84628,4947,4767.308,0.272343,9.000
PNW85719,5101,4921.308,0.030037,1.025
PNW85459,8893,8713.308,0.831458,50.220
PNW84568,8055,7875.308,0.000000,0.000
PNW85179,1870,1690.308,7.814286,91.560
PNW85047,1482,1302.308,218.817192,1975.367
PNW85169,951,771.323,0.187030,1.000
PNW85712,1767,1587.308,0.280772,3.089
PNW85852,6636,6456.308,0.826732,37.000
PNW84421,3015,2835.308,31.590231,620.877
PNW84387,3163,2983.308,4.255318,88.000
PNW84719,1252,1072.308,2.115869,15.728
PNW85562,3080,2900.308,0.149219,3.000
PNW85338,3310,3130.308,6.544082,142.000
PNW85722,1973,1793.308,0.000000,0.000
PNW84918,1987,1807.308,472.659590,5921.521
PNW85942,3654,3474.308,0.000000,0.000
PNW85448,7276,7096.308,0.487895,24.000
PNW85177,6883,6703.308,0.753228,35.000
PNW85447,7118,6938.308,0.727716,35.000
PNW85505,5654,5474.308,15.467807,586.963
PNW85508,2420,2240.308,2.768906,43.000
PNW85530,5176,4996.308,6.118357,211.903
PNW84562,2343,2163.308,0.400111,6.000
PNW85035,2685,2505.308,0.000000,0.000
PNW85329,2268,2088.308,206.459158,2988.693
PNW84854,2067,1887.308,2.220154,29.045
PNW84929,1379,1199.308,2.285442,19.000
PNW85395,1305,1125.308,26.133054,203.852
PNW84981,3819,3639.308,15.885378,400.746
PNW85314,3102,2922.308,2.730810,55.318
PNW85808,1857,1677.308,2.408200,28.000
PNW85434,3414,3234.308,4.239055,95.039
PNW84858,2016,1836.308,0.000000,0.000
PNW85315,2308,2128.308,8.999208,132.767
PNW86017,1247,1067.308,25.503640,188.688
PNW85514,1671,1491.308,32.414037,335.084
PNW85407,2542,2362.308,0.000000,0.000
PNW85654,2223,2043.308,4.236259,60.002
PNW84647,3443,3263.308,14.812664,335.076
PNW85143,2562,2382.308,4.238845,70.000
PNW85747,659,479.589,0.000000,0.000
PNW84803,1254,1074.308,0.000000,0.000
PNW84804,1634,1454.308,0.000000,0.000
PNW85618,4355,4175.308,7.049509,204.033
PNW85524,8196,8016.308,2.492275,138.491
PNW84645,3487,3307.308,0.087237,2.000
PNW86055,2140,1960.308,0.367954,5.000
PNW85254,1746,1566.308,4.513010,49.000
PNW84582,2263,2083.308,13.781401,199.021
PNW84898,3718,3538.308,5.883273,144.300
PNW85213,976,796.314,0.604833,3.339
PNW84701,3358,3178.308,147.863846,3257.696
PNW85549,1407,1227.308,20.452342,174.000
PNW85398,1332,1152.308,80.368823,641.961
PNW85578,3419,3239.308,10.951724,245.916
PNW84924,7143,6963.308,8.701649,420.020
PNW85105,2973,2793.308,47.670155,923.035
PNW85777,2275,2095.308,2.410331,35.009
PNW85366,1071,891.308,39.824671,246.055
PNW84617,2722,2542.308,4.085562,72.000
PNW84394,4673,4493.308,8.540099,266.000
PNW85965,2026,1846.308,8.438534,108.000
PNW84783,7395,7215.308,1.384059,69.225
PNW85944,1337,1157.308,40.328213,323.527
PNW85999,1581,1401.308,2.161887,21.000
PNW84416,8801,8621.308,2.275691,136.000
PNW85240,1738,1558.308,32.801946,354.328
PNW85789,3720,3540.308,1.344684,33.000
PNW84511,2462,2282.308,2.970784,47.000
PNW86074,2398,2218.308,26.116970,401.603
PNW85037,3188,3008.308,2.541580,53.000
PNW84371,2836,2656.308,0.269868,4.969
PNW84597,2381,2201.308,17.538680,267.627
PNW85268,3649,3469.308,8.316385,200.000
PNW85616,3036,2856.308,43.473247,860.755
PNW84577,2547,2367.308,0.426570,7.000
PNW84433,3035,2855.308,956.700105,18935.699
PNW85342,2649,2469.308,10.632790,182.002
PNW85343,2579,2399.308,0.000000,0.000
PNW86038,3252,3072.308,46.507603,990.470
PNW85110,9965,9785.308,1.916607,130.005
PNW85610,3574,3394.308,1.361286,32.030
PNW86077,2599,2419.308,33.840944,567.527
PNW85843,4703,4523.308,0.919747,28.839
PNW86042,1722,1542.308,0.000000,0.000
PNW85652,973,793.315,61.696565,339.281
PNW84470,2703,2523.308,6.698052,117.158
PNW85220,2096,1916.308,15.085898,200.396
PNW84484,1641,1461.308,3.652644,37.000
PNW85981,1645,1465.308,19.000970,193.000
PNW85140,2961,2781.308,1.867243,36.000
PNW85250,1715,1535.308,12.402973,132.000
PNW85042,1236,1056.308,3.550832,26.000
PNW85389,1520,1340.308,0.430529,4.000
PNW85730,1868,1688.308,9.740933,114.000
PNW84727,1563,1383.308,111.623088,1070.349
PNW84856,4329,4149.308,0.034767,1.000
PNW84525,2123,1943.308,6.903808,93.000
PNW85937,10193,10013.308,0.000000,0.000
PNW85936,10300,10120.308,2.266478,159.000
PNW85887,2742,2562.308,23.254372,413.037
PNW85658,2556,2376.308,17.331914,285.497
PNW84952,1164,984.308,3.810640,26.000
PNW85497,1490,1310.308,35.377325,321.330
PNW85093,2417,2237.308,153.496463,2380.547
PNW85955,1799,1619.308,30.468092,342.001
PNW85223,1905,1725.308,17.810926,213.013
PNW84476,11256,11076.308,4.502560,345.706
PNW84835,8575,8395.308,1.391861,81.000
PNW85861,1015,835.308,1.381626,8.000
PNW84815,9247,9067.308,0.493209,31.000
PNW84814,8373,8193.308,0.000000,0.000
PNW84676,2067,1887.308,4.898485,64.085
PNW84415,1087,907.308,8.903987,56.001
PNW84656,2874,2694.308,1.820454,34.000
PNW85121,2532,2352.308,1.349199,22.000
PNW85467,1642,1462.308,0.308774,3.130
PNW85209,5701,5521.308,5.513000,211.000
PNW85552,1655,1475.308,4.106899,42.000
PNW85923,3251,3071.308,0.000000,0.000
PNW84400,1257,1077.308,2.008624,15.000
PNW84422,2709,2529.308,10.723309,188.011
PNW84792,2192,2012.308,345.790791,4823.480
PNW84955,787,607.487,12.786960,53.846
PNW85809,4500,4320.308,0.100174,3.000
PNW85614,1833,1653.308,1090.321931,12495.715
PNW85410,1687,1507.308,10.144981,106.000
PNW85068,2499,2319.308,19.039976,306.110
PNW85932,1787,1607.308,6.731466,75.000
PNW85032,1792,1612.308,1.252643,14.000
PNW84417,2398,2218.308,12.014919,184.755
PNW84410,1314,1134.308,1.271762,10.000
PNW84409,5370,5190.308,0.000000,0.000
PNW84408,5051,4871.308,4.266770,144.078
PNW85335,2558,2378.308,2.062330,34.000
PNW84794,6021,5841.308,7.213758,292.095
PNW85193,1413,1233.308,2.387618,20.412
PNW85557,11326,11146.308,5.384079,416.002
PNW86092,1603,1423.308,36.898038,364.045
PNW84574,3974,3794.308,7.185911,189.002
PNW85106,5437,5257.308,22.444957,817.965
PNW85776,4432,4252.308,8.472296,249.734
PNW85266,2599,2419.308,20.573597,345.028
PNW85540,2510,2330.308,6.685869,108.000
PNW85755,2352,2172.308,16.203762,244.000
PNW85726,3920,3740.308,6.711239,174.005
PNW85880,1438,1258.308,5.059450,44.131
PNW85072,1131,951.308,13.344930,88.002
PNW84616,2332,2152.308,105.978175,1581.151
PNW84917,2234,2054.308,2.668489,38.000
PNW84950,2315,2135.308,25.874617,382.990
PNW84697,2328,2148.308,4.700553,70.000
PNW85362,1550,1370.308,0.526380,5.000
PNW85025,1510,1330.308,1.626621,15.000
PNW84659,8215,8035.308,9.322182,519.245
PNW85477,2862,2682.308,7.176940,133.444
PNW85572,3025,2845.308,3.195002,63.016
PNW85879,3474,3294.308,1.313725,30.000
PNW85940,3046,2866.308,2.290489,45.510
PNW85941,1701,1521.308,1.706879,18.000
PNW84429,2066,1886.308,6.047304,79.073
PNW84778,2388,2208.308,0.195979,3.000
PNW86089,4773,4593.308,1.256267,40.000
PNW84773,858,678.410,9.569121,45.000
PNW85058,10373,10193.308,2.788160,197.009
PNW85655,2034,1854.308,0.777975,10.000
PNW85596,1609,1429.308,25.531977,252.966
PNW85053,1311,1131.308,11.434069,89.667
PNW85450,1867,1687.308,0.000000,0.000
PNW85029,7631,7451.308,1.215899,62.803
PNW84544,1826,1646.308,26.314452,300.302
PNW85367,1469,1289.308,234.372010,2094.667
PNW84969,547,367.846,0.000000,0.000
PNW85548,3820,3640.308,11.329372,285.888
PNW85033,7833,7653.308,0.829378,44.000
PNW84882,1733,1553.308,0.000000,0.000
PNW85077,2316,2136.308,4.389850,65.008
PNW86024,8277,8097.308,0.516522,28.992
PNW85606,1955,1775.308,0.081621,1.004
PNW85830,2824,2644.308,28.205962,517.018
PNW85099,2592,2412.308,7.056619,118.000
PNW85196,2810,2630.308,5.462103,99.591
PNW85075,2630,2450.308,2.060605,35.000
PNW84608,3102,2922.308,8.756220,177.376
PNW85464,2293,2113.308,1.092243,16.001
PNW85457,4859,4679.308,0.308338,10.001
PNW84395,2787,2607.308,6.362868,115.000
PNW85493,1498,1318.308,7.663376,70.031
PNW85545,4537,4357.308,1.589291,48.004
PNW85739,1792,1612.308,13.314074,148.803
PNW85956,1810,1630.308,396.620110,4482.260
PNW84844,2913,2733.308,1.591982,30.163
PNW84784,1706,1526.308,16.793346,177.677
PNW85575,1594,1414.308,6.743194,66.109
PNW86015,2786,2606.308,0.110701,2.000
PNW84905,1397,1217.308,1.896276,16.001
PNW85399,4285,4105.308,15.319101,435.945
PNW85230,4707,4527.308,12.850268,403.278
PNW85589,2673,2493.308,125.212672,2164.097
PNW85102,3483,3303.308,3.669177,84.018
PNW85587,2346,2166.308,15.445716,231.943
PNW85499,2309,2129.308,121.085540,1787.242
PNW84920,4111,3931.308,2.898966,79.001
PNW84919,3981,3801.308,0.000000,0.000
PNW84551,1678,1498.308,3.466165,36.000
PNW85721,6249,6069.308,0.000000,0.000
PNW85283,1967,1787.308,2.296074,28.447
PNW84957,2754,2574.308,4.875354,87.000
PNW85740,2996,2816.308,90.366341,1764.166
PNW85186,1714,1534.308,0.282069,3.000
PNW85764,4962,4782.308,2.051251,68.000
PNW84879,8141,7961.308,7.807421,430.868
PNW85842,5349,5169.308,1.232183,44.153
PNW85910,1213,1033.308,7.399347,53.000
PNW84747,3714,3534.308,1.020430,25.000
PNW84670,5766,5586.308,1.110430,43.000
PNW84982,6517,6337.308,1.297530,57.000
PNW84564,1966,1786.308,20.086080,248.716
PNW84735,4378,4198.308,0.412339,12.000
PNW85531,1901,1721.308,2082.510446,24848.397
PNW85043,3562,3382.308,25.071245,587.816
PNW85624,956,776.322,0.000000,0.000
PNW84471,1829,1649.308,21.429887,245.005
PNW84899,4455,4275.308,5.709442,169.205
PNW84488,3204,3024.308,3.720626,78.000
PNW85428,3786,3606.308,6.560401,164.001
PNW85638,3881,3701.308,1.016909,26.091
PNW85551,1649,1469.308,5.007600,51.003
PNW84499,2579,2399.308,1.949752,32.428
PNW85472,1136,956.308,0.000000,0.000
PNW85784,1878,1698.308,26.028012,306.415
PNW85785,5448,5268.308,6.331493,231.222
PNW85935,1707,1527.308,17.190644,182.000
PNW84730,1743,1563.308,7.777785,84.286
PNW85198,2058,1878.308,9.233197,120.219
PNW85749,357,181.852,6871.299557,8661.840
PNW85598,1554,1374.308,16.064644,153.041
PNW85334,482,303.241,1.902915,4.000
PNW85108,1749,1569.308,5.516435,60.009
PNW85604,2386,2206.308,150.105615,2295.703
PNW85896,3394,3214.308,106.227123,2366.876
PNW84988,1251,1071.308,1.346583,10.000
PNW85715,7058,6878.308,0.275213,13.122
PNW85299,1837,1657.308,81.686112,938.435
PNW85948,4011,3831.308,4.046532,107.469
PNW84885,4518,4338.308,2.094921,63.000
PNW84644,3168,2988.308,0.965500,20.000
PNW85546,3597,3417.308,0.928723,22.000
PNW85567,5317,5137.308,12.645634,450.328
PNW85360,2396,2216.308,15.686800,241.000
PNW84681,4084,3904.308,3.584335,97.007
PNW85925,3233,3053.308,3.071073,65.000
PNW84563,2890,2710.308,457.067036,8587.191
PNW85753,4376,4196.308,1.273411,37.041
PNW84569,8502,8322.308,1.178728,68.000
PNW85403,1539,1359.308,2.689696,25.344
PNW85479,3397,3217.308,2.959376,66.000
PNW85840,4569,4389.308,4.569426,139.031
PNW85059,2771,2591.308,0.055671,1.000
PNW85278,3113,2933.308,4.681794,95.197
PNW84589,1576,1396.308,41.457447,401.270
PNW84878,1245,1065.308,6.500001,48.000
PNW84646,2026,1846.308,12.742310,163.082
PNW84678,5297,5117.308,21.710481,770.129
PNW84847,8881,8701.308,2.321085,140.000
PNW85010,1888,1708.308,0.337793,4.000
PNW85316,4751,4571.308,12.315407,390.249
PNW85051,1622,1442.308,1.027925,10.277
PNW84494,7771,7591.308,1.964765,103.390
PNW85341,1415,1235.308,4.036266,34.563
PNW84665,2619,2439.308,13.645165,230.727
PNW85123,4375,4195.308,5.364240,156.000
PNW84402,2217,2037.308,8.709552,123.000
PNW84675,3195,3015.308,6.328829,132.284
PNW85874,6473,6293.308,0.320920,14.000
PNW85826,3430,3250.308,9.197458,207.226
PNW85660,2042,1862.308,3.873164,50.000
PNW85295,3423,3243.308,16.090443,361.750
PNW85310,1659,1479.308,24.235654,248.523
PNW85409,2240,2060.308,49.604547,708.445
PNW84557,2267,2087.308,1.603119,23.196
PNW85122,2469,2289.308,3.339789,53.000
PNW85871,3440,3260.308,4.247761,96.000
PNW85793,1629,1449.308,1.192489,11.980
PNW85855,4102,3922.308,32.408963,881.169
PNW85317,383,206.475,0.698682,1.000
PNW85921,2673,2493.308,21.297104,368.086
PNW84539,898,718.357,0.000000,0.000
PNW85817,3018,2838.308,62.592461,1231.499
PNW84495,2195,2015.308,9.235565,129.020
PNW84437,9910,9730.308,2.134933,144.000
PNW84679,1988,1808.308,14.997983,188.000
PNW85239,1820,1640.308,0.615764,7.002
PNW84517,2662,2482.308,0.000000,0.000
PNW84516,1472,1292.308,0.000000,0.000
PNW84859,3029,2849.308,1.022480,20.195
PNW84935,2088,1908.308,0.831959,11.005
PNW84936,3039,2859.308,0.099180,1.966
PNW84489,1689,1509.308,53.716524,562.003
PNW85289,3771,3591.308,0.120508,3.000
PNW84743,546,366.849,272.029502,691.761
PNW85819,3677,3497.308,4.287580,103.944
PNW85860,11795,11615.308,1.403455,113.001
PNW85705,4479,4299.308,1.379887,41.124
PNW85898,2456,2276.308,1.520994,24.000
PNW85685,3616,3436.308,41.509918,988.773
PNW84800,1623,1443.308,25.749151,257.617
PNW86018,6001,5821.308,1.189510,48.000
PNW84374,8981,8801.308,0.686389,41.876
PNW84381,2370,2190.308,6.125269,93.000
PNW85113,1793,1613.308,267.416893,2990.603
PNW85731,16239,16059.308,3.155039,351.224
PNW85818,2970,2790.308,6.927943,134.001
PNW85629,2028,1848.308,1.014650,13.000
PNW85533,2563,2383.308,0.181589,3.000
PNW85455,1953,1773.308,56.991915,700.568
PNW85997,1872,1692.308,5.029444,59.000
PNW84961,1320,1140.308,0.000000,0.000
PNW84990,2603,2423.308,11.322132,190.191
PNW85308,2242,2062.308,147.852966,2113.665
PNW85000,4095,3915.308,17.867565,484.935
PNW85844,3065,2885.308,0.549981,11.000
PNW85458,2967,2787.308,6.624795,128.000
PNW85727,2161,1981.308,4.150212,57.000
PNW85478,1172,992.308,21.806808,150.000
PNW85249,4179,3999.308,0.036071,1.000
PNW85950,569,389.770,0.000000,0.000
PNW85821,1728,1548.308,3.726920,40.000
PNW85252,3166,2986.308,2.028907,42.000
PNW85125,5901,5721.308,0.857297,34.000
PNW84887,2660,2480.308,3.082604,53.000
PNW85380,3427,3247.308,2.266631,51.022
PNW85202,3624,3444.308,38.967568,930.375
PNW85015,3796,3616.308,2.712680,68.001
PNW85621,1605,1425.308,5.971604,59.000
PNW86022,4474,4294.308,0.201561,6.000
PNW85276,1892,1712.308,2.611724,31.000
PNW85846,5256,5076.308,2.088699,73.498
PNW85744,3514,3334.308,82.290339,1901.985
PNW84767,1964,1784.308,20.377907,252.047
PNW85679,4556,4376.308,1.683621,51.075
PNW85348,2639,2459.308,295.893992,5044.309
PNW84635,1102,922.308,4.223136,27.000
PNW85162,1589,1409.308,18.236519,178.156
PNW85718,1392,1212.308,3.667415,30.820
PNW85387,2906,2726.308,6.557097,123.919
PNW84446,1243,1063.308,3.098047,22.835
PNW85150,4463,4283.308,0.033680,1.000
PNW84771,2018,1838.308,287.731871,3666.560
PNW85006,1716,1536.308,1.032908,11.000
PNW86071,4500,4320.308,67.202552,2012.579
PNW84707,1522,1342.308,11.794628,109.746
PNW85862,4917,4737.308,0.426328,14.000
PNW85325,4137,3957.308,9.769726,268.000
PNW84891,11689,11509.308,0.626715,50.000
PNW85801,2078,1898.308,10.411212,137.000
PNW84945,571,391.765,0.000000,0.000
PNW84640,2954,2774.308,7.851809,151.000
PNW86046,943,763.325,1.700906,9.000
PNW84772,7226,7046.308,10.816177,528.309
PNW85872,2879,2699.308,38.894545,727.769
PNW85919,513,334.006,0.000000,0.000
PNW85920,1656,1476.308,16.808492,172.012
PNW85088,2957,2777.308,9.297719,179.000
PNW85170,2379,2199.308,4.788332,73.000
PNW85639,3266,3086.308,0.981584,21.000
PNW84746,2908,2728.308,23.008755,435.150
PNW85615,10154,9974.308,2.444283,169.000
PNW84595,3011,2831.308,14.317558,281.002
PNW86058,5567,5387.308,0.080334,3.000
PNW84824,1908,1728.308,2.253668,27.000
PNW85486,2987,2807.308,8.849152,172.204
PNW85361,2959,2779.308,76.265997,1469.333
PNW84709,1774,1594.308,22.440256,248.001
PNW84472,1498,1318.308,1.422571,13.000
PNW85147,3588,3408.308,5.557692,131.306
PNW85637,2948,2768.308,43.439275,833.584
PNW84428,2897,2717.308,6.636431,125.005
PNW86030,2631,2451.308,48.106924,817.444
PNW84418,1075,895.308,579.380951,3595.749
PNW85569,2574,2394.308,0.361509,6.000
PNW84914,6825,6645.308,0.217086,10.000
PNW85008,1064,884.308,0.000000,0.000
PNW85027,878,698.378,11.159275,54.023
PNW85079,1117,937.308,4.001643,26.000
PNW85115,861,681.404,0.000000,0.000
PNW85918,1400,1220.308,65.202972,551.556
PNW85144,4605,4425.308,5.934063,182.032
PNW85291,1059,879.308,557.123420,3395.824
PNW84672,2127,1947.308,0.074082,1.000
PNW84690,921,741.336,8.367593,43.000
PNW85087,2978,2798.308,0.051553,1.000
PNW84680,1813,1633.308,430.917946,4878.825
PNW84627,697,517.554,10.034465,36.000
PNW85238,2951,2771.308,11.746310,225.652
PNW85452,2559,2379.308,4.836392,79.767
PNW84652,1696,1516.308,0.000000,0.000
PNW85141,2832,2652.308,2.393184,44.000
PNW85667,4468,4288.308,5.497787,163.428
PNW85891,4081,3901.308,33.671654,910.599
PNW84823,2958,2778.308,3.634671,70.000
PNW85206,3519,3339.308,7.391326,171.093
PNW84911,2081,1901.308,0.227623,3.000
PNW85963,2881,2701.308,0.769673,14.412
PNW85881,14367,14187.308,1.128955,111.027
PNW84527,2215,2035.308,39.173780,552.686
PNW85365,1640,1460.308,85.324964,863.720
PNW84749,7537,7357.308,4.862731,248.000
PNW85475,1464,1284.308,5.756678,51.250
PNW84412,787,607.487,36.812370,155.018
PNW85323,1392,1212.308,11.185676,94.000
PNW85656,2212,2032.308,1.987540,28.000
PNW85943,3954,3774.308,106.413682,2784.116
PNW84643,3568,3388.308,2.214047,52.002
PNW85495,1232,1052.308,8.642018,63.039
PNW85017,3289,3109.308,14.811917,319.248
PNW86036,3659,3479.308,0.000000,0.000
PNW85835,5888,5708.308,0.530713,21.000
PNW85929,4040,3860.308,2.871343,76.835
PNW84464,8036,7856.308,7.864526,428.296
PNW84667,1607,1427.308,13.627704,134.832
PNW85313,1604,1424.308,3.544961,35.000
PNW85336,1170,990.308,2.185085,15.000
PNW84849,6737,6557.308,0.726003,33.000
PNW84834,992,812.311,306.785842,1727.469
PNW85433,2063,1883.308,43.497872,567.861
PNW85182,2805,2625.308,0.000000,0.000
PNW85181,2802,2622.308,2.200512,40.000
PNW84828,1932,1752.308,44.971558,546.262
PNW85906,2175,1995.308,4.048792,56.000
PNW85544,4373,4193.308,1.513712,44.000
PNW85146,4232,4052.308,1.139187,32.000
PNW85928,3584,3404.308,1.193529,28.165
PNW84954,1382,1202.308,6.957929,57.989
PNW85128,2661,2481.308,115.534911,1987.222
PNW84534,6039,5859.308,12.045839,489.256
PNW85600,2879,2699.308,53.645265,1003.775
PNW84432,2066,1886.308,22.179442,290.012
PNW85014,1340,1160.308,11.451232,92.104
PNW84888,1451,1271.308,23.831814,210.020
PNW84651,6062,5882.308,3.605098,147.000
PNW85481,1825,1645.308,40.013248,456.356
PNW85412,2809,2629.308,61.780660,1126.021
PNW85232,2612,2432.308,1.541935,25.998
PNW86000,2962,2782.308,3.370199,65.000
PNW85470,1544,1364.308,15.762549,149.070
PNW85605,3437,3257.308,2.309383,52.144
PNW85904,4264,4084.308,0.000000,0.000
PNW85905,4030,3850.308,1.051133,28.055
PNW85418,5755,5575.308,15.442096,596.798
PNW85595,7361,7181.308,11.864979,590.640
PNW84855,1067,887.308,0.325164,2.000
PNW86076,2690,2510.308,0.862009,15.000
PNW85190,1082,902.308,0.799397,5.000
PNW84533,1511,1331.308,3.684239,34.000
PNW84447,2595,2415.308,13.737669,230.005
PNW84819,3885,3705.308,40.954544,1051.911
PNW85973,4654,4474.308,0.990897,30.733
PNW84559,7502,7322.308,9.082131,460.987
PNW84785,2677,2497.308,1.270861,22.000
PNW85613,1899,1719.308,16.865133,201.000
PNW85535,5801,5621.308,2.592803,101.032
PNW84623,848,668.418,60.954070,282.425
PNW85127,2147,1967.308,46.110805,628.822
PNW85946,3648,3468.308,94.977610,2283.450
PNW84893,1568,1388.308,0.207822,2.000
PNW85582,1540,1360.308,0.000000,0.000
PNW85983,9673,9493.308,0.562253,37.000
PNW85867,5520,5340.308,0.621311,23.000
PNW84923,1255,1075.308,2.548990,19.000
PNW84779,3286,3106.308,7.535819,162.266
PNW84906,2342,2162.308,9.584472,143.661
PNW84529,1163,983.308,0.000000,0.000
PNW84438,1920,1740.308,15.788430,190.466
PNW85651,2374,2194.308,2.713218,41.270
PNW85034,1031,851.308,17.460588,103.038
PNW85635,2298,2118.308,2.655968,39.000
PNW85166,1185,1005.308,3.874467,27.000
PNW86053,1805,1625.308,0.088759,1.000
PNW85270,2270,2090.308,8.930578,129.402
PNW85696,4501,4321.308,0.000000,0.000
PNW85716,1415,1235.308,0.000000,0.000
PNW85687,2931,2751.308,6.191021,118.074
PNW85778,2732,2552.308,2.147820,38.000
PNW85838,5554,5374.308,3.489541,130.000
PNW84382,2890,2710.308,134.095943,2519.340
PNW84588,6641,6461.308,3.688473,165.204
PNW85723,4166,3986.308,17.962518,496.353
PNW85373,4743,4563.308,1.169686,37.000
PNW84729,3093,2913.308,6.834398,138.019
PNW85054,2790,2610.308,12.467628,225.594
PNW85363,1349,1169.308,36.104616,292.647
PNW85392,1235,1055.308,31.634953,231.419
PNW85465,9611,9431.308,1.009531,66.000
PNW86080,5510,5330.308,0.867645,32.059
PNW85698,4052,3872.308,0.000000,0.000
PNW85699,2528,2348.308,0.000000,0.000
PNW84909,1313,1133.308,0.000000,0.000
PNW84662,1163,983.308,10.122654,68.998
PNW84972,669,489.582,0.000000,0.000
PNW84754,1770,1590.308,2.351222,25.920
PNW84987,1286,1106.308,3.520749,27.000
PNW85612,1686,1506.308,161.257662,1683.785
PNW84799,1542,1362.308,0.000000,0.000
PNW85873,4954,4774.308,0.090648,3.000
PNW85288,3055,2875.308,0.000000,0.000
PNW85354,2888,2708.308,18.504278,347.394
PNW86026,2038,1858.308,3.812153,49.107
PNW84610,1080,900.308,607.861051,3793.570
PNW84570,4510,4330.308,3.531299,106.000
PNW85850,6777,6597.308,2.449091,112.002
PNW84968,802,622.476,0.000000,0.000
PNW85071,1472,1292.308,30.258925,271.064
PNW84611,2491,2311.308,11.035593,176.810
PNW85585,1371,1191.308,0.000000,0.000
PNW85235,1879,1699.308,0.339575,4.000
PNW86091,5732,5552.308,0.961337,37.000
PNW85385,1815,1635.308,99.726260,1130.477
PNW85859,2290,2110.308,50.012935,731.612
PNW84603,2373,2193.308,2.762467,42.000
PNW85869,1752,1572.308,0.098496,1.074
PNW85666,4661,4481.308,1.738347,54.000
PNW84741,7272,7092.308,3.437534,169.000
PNW84874,3310,3130.308,1.570347,34.075
PNW84498,6982,6802.308,0.784683,37.000
PNW85286,1760,1580.308,6.937939,76.002
PNW85521,1566,1386.308,78.673332,756.032
PNW85307,1547,1367.308,10.656201,101.000
PNW84479,2362,2182.308,0.396627,6.000
PNW86067,6593,6413.308,2.451845,109.000
PNW85555,812,632.464,0.228093,1.000
PNW85805,1479,1299.308,166.196533,1496.879
PNW85678,1253,1073.308,41.795848,310.964
PNW86051,1197,1017.308,33.732303,237.876
PNW86082,3464,3284.308,6.237232,142.000
PNW85668,2989,2809.308,26.522760,516.500
PNW85790,8352,8172.308,3.145536,178.194
PNW85237,14245,14065.308,0.370290,36.103
PNW84805,1991,1811.308,14.095790,176.984
PNW84451,2958,2778.308,83.413346,1606.455
PNW84492,2456,2276.308,3.038881,47.951
PNW85592,1153,973.308,268.492484,1811.486
PNW84960,5900,5720.308,29.050031,1151.910
PNW85986,1812,1632.308,3.081591,34.868
PNW85527,1315,1135.308,5.845094,46.000
PNW85607,2635,2455.308,6.716709,114.318
PNW84401,1666,1486.308,18.150188,187.000
PNW85709,6310,6130.308,0.166483,7.075
PNW85683,696,516.555,0.000000,0.000
PNW85977,1772,1592.308,1.630777,18.000
PNW85236,2312,2132.308,67.510461,997.869
PNW85657,626,446.632,0.000000,0.000
PNW85282,2552,2372.308,2.161979,35.553
PNW84441,3174,2994.308,57.947998,1202.784
PNW84838,2695,2515.308,202.480888,3530.431
PNW85028,1308,1128.308,56.030436,438.232
PNW85065,2139,1959.308,0.073628,1.000
PNW84766,3658,3478.308,0.000000,0.000
PNW84944,2663,2483.308,9.540128,164.224
PNW85677,6275,6095.308,0.663781,28.046
PNW85118,2861,2681.308,73.851499,1372.646
PNW85700,3089,2909.308,0.694202,14.000
PNW84953,7148,6968.308,4.047375,195.503
PNW85934,4771,4591.308,0.282783,9.000
PNW85729,2895,2715.308,1.413901,26.613
PNW85487,3181,3001.308,31.767069,660.907
PNW85055,1697,1517.308,5.134136,54.000
PNW85471,2896,2716.308,16.463827,310.000
PNW86059,1005,825.308,77.087395,441.014
PNW85228,3559,3379.308,0.981855,23.000
PNW85797,3313,3133.308,5.986047,130.016
PNW84837,2917,2737.308,5.972548,113.328
PNW84857,5838,5658.308,2.137025,83.820
PNW85218,2603,2423.308,16.155641,271.385
PNW84720,7335,7155.308,6.871535,340.827
PNW85176,2895,2715.308,58.146237,1094.443
PNW84531,1620,1440.308,14.423053,144.001
PNW84469,1784,1604.308,105.535250,1173.648
PNW84850,1931,1751.308,3.130174,38.000
PNW84453,1559,1379.308,22.442394,214.577
PNW85257,1161,981.308,926.795793,6304.375
PNW84897,2145,1965.308,2.202105,30.000
PNW86063,1712,1532.308,65.668142,697.515
PNW85824,2258,2078.308,417.819883,6019.378
PNW85987,6467,6287.308,3.877657,169.000
PNW84787,2626,2446.308,97.609500,1655.220
PNW85560,4826,4646.308,4.036586,130.009
PNW84556,1548,1368.308,5.482351,52.000
PNW85500,1421,1241.308,24.610348,211.763
PNW84490,1807,1627.308,2.836793,32.000
PNW84624,2200,2020.308,3.570260,50.000
PNW84821,3367,3187.308,5.633419,124.465
PNW85837,14483,14303.308,0.040343,4.000
PNW84964,3563,3383.308,156.723714,3675.605
PNW84553,3990,3810.308,2.839544,75.000
PNW84717,1152,972.308,2.201450,14.838
PNW85386,9522,9342.308,0.000000,0.000
PNW84769,4741,4561.308,1.897620,60.000
PNW86031,3145,2965.308,7.200113,148.000
PNW84440,4993,4813.308,32.026237,1068.568
PNW84782,3836,3656.308,14.678714,372.035
PNW85642,2158,1978.308,6.645869,91.138
PNW84822,3827,3647.308,207.372641,5242.959
PNW85204,1661,1481.308,83.231278,854.643
PNW85275,1830,1650.308,1.573457,18.000
PNW85364,2899,2719.308,78.508501,1479.884
PNW86066,1874,1694.308,12.894012,151.437
PNW84889,1395,1215.308,18.166219,153.040
PNW85114,838,658.429,1.752785,8.000
PNW85197,2200,2020.308,22.011475,308.262
PNW84711,1374,1194.308,78.492535,649.826
PNW85069,3719,3539.308,18.912973,464.014
PNW85296,3093,2913.308,0.000000,0.000
PNW85503,1480,1300.308,1.442263,13.000
PNW85451,4338,4158.308,2.081527,60.000
PNW84745,4608,4428.308,4.202419,129.000
PNW85684,3191,3011.308,13.367360,279.032
PNW85462,3303,3123.308,1.247113,27.001
PNW85038,2051,1871.308,3.469083,45.000
PNW85594,2324,2144.308,1.412796,21.000
PNW84907,1067,887.308,0.162582,1.000
PNW85271,2567,2387.308,0.000000,0.000
PNW85501,1192,1012.308,80.083788,561.966
PNW84500,2285,2105.308,5.824393,85.000
PNW84757,2100,1920.308,0.676113,9.000
PNW85890,4555,4375.308,1.846404,56.000
PNW85924,2527,2347.308,468.154722,7617.493
PNW84948,3179,2999.308,5.579371,116.000
PNW85164,1927,1747.308,4.788571,58.000
PNW85692,1080,900.308,414.432107,2586.409
PNW85436,2273,2093.308,0.413490,6.000
PNW85194,15719,15539.308,0.946926,102.000
PNW84585,6878,6698.308,0.215369,10.000
PNW85274,2610,2430.308,1.780805,30.001
PNW85787,4277,4097.308,1.971675,56.000
PNW84521,1759,1579.308,21.233913,232.461
PNW85528,1314,1134.308,6.232182,49.003
PNW85752,633,453.620,0.318021,1.000
PNW86033,4092,3912.308,0.147494,4.000
PNW84829,1746,1566.308,35.549122,385.975
PNW85217,2530,2350.308,11.890085,193.715
PNW86001,1116,936.308,0.000000,0.000
PNW85536,2966,2786.308,55.973331,1081.092
PNW84631,2878,2698.308,105.598166,1975.152
PNW85664,3148,2968.308,3.079930,63.373
PNW84732,1596,1416.308,0.228634,2.245
PNW85556,3507,3327.308,2.731473,63.000
PNW86087,2940,2760.308,9.136115,174.812
PNW85952,3027,2847.308,1.750354,34.547
PNW84748,7055,6875.308,3.105396,148.000
PNW84560,2021,1841.308,21.550983,275.072
PNW85098,1651,1471.308,7.946811,81.049
PNW85825,1059,879.308,38.918332,237.218
PNW84786,2493,2313.308,0.436528,7.000
PNW85485,1452,1272.308,7.936941,70.000
PNW85305,1955,1775.308,3.949466,48.603
PNW86084,1498,1318.308,0.328289,3.000
PNW83834,3101,2921.308,0.053634,1.086
PNW84347,3677,3497.308,237.407572,5755.473
PNW84348,3006,2826.308,12.571134,246.290
PNW83831,1328,1148.308,55.477950,441.602
PNW84146,2256,2076.308,47.278372,680.467
PNW84182,4412,4232.308,15.224755,446.663
PNW84076,3232,3052.308,4.073039,86.179
PNW84265,4410,4230.308,0.034102,1.000
PNW83909,966,786.316,1.100904,6.001
PNW83794,3071,2891.308,7.833444,157.000
PNW83985,3106,2926.308,15.973623,324.023
PNW83984,2283,2103.308,0.000000,0.000
PNW83775,1855,1675.308,0.000000,0.000
PNW84365,3475,3295.308,5.728379,130.852
PNW83992,1886,1706.308,6.848177,81.000
PNW84198,2140,1960.308,5.742570,78.034
PNW84255,2320,2140.308,1.213975,18.011
PNW84083,3168,2988.308,3.041604,63.006
PNW83964,1970,1790.308,5.669541,70.360
PNW84238,1655,1475.308,3.726674,38.112
PNW84236,3833,3653.308,0.256246,6.489
PNW84237,5184,5004.308,3.303391,114.593
PNW83862,1073,893.308,0.000000,0.000
PNW83863,1243,1063.308,0.000000,0.000
PNW83812,3495,3315.308,0.913783,21.000
PNW83994,3994,3814.308,0.680792,18.000
PNW84179,6499,6319.308,5.756000,252.141
PNW84217,1544,1364.308,4.473388,42.306
PNW84163,4134,3954.308,4.487851,123.016
PNW84308,9098,8918.308,2.297345,142.024
PNW84243,2914,2734.308,18.699513,354.430
PNW84314,5222,5042.308,0.066116,2.311
PNW83958,2969,2789.308,1409.987112,27262.406
PNW84293,4319,4139.308,4.781386,137.194
PNW84250,1911,1731.308,0.166649,2.000
PNW83830,2283,2103.308,16.334231,238.152
PNW83932,5137,4957.308,0.000000,0.000
PNW83931,5065,4885.308,0.118118,4.000
PNW84202,1812,1632.308,19.708470,223.001
PNW84292,12061,11881.308,1.983683,163.376
PNW83783,2326,2146.308,21.442277,319.018
PNW83782,381,204.563,30.505511,43.257
PNW84113,3755,3575.308,0.932407,23.108
PNW84313,2177,1997.308,18.829891,260.703
PNW84009,5647,5467.308,3.839140,145.499
PNW84164,1503,1323.308,67.033601,614.902
PNW84165,1726,1546.308,0.000000,0.000
PNW84021,4413,4233.308,9.373217,275.056
PNW84067,1092,912.308,2.688158,17.000
PNW83838,3837,3657.308,0.236667,6.000
PNW84283,3351,3171.308,0.000000,0.000
PNW84284,4875,4695.308,3.421722,111.368
PNW84286,6572,6392.308,1.310399,58.065
PNW84367,1781,1601.308,13.114373,145.571
PNW83948,1906,1726.308,84.628485,1012.715
PNW83996,2860,2680.308,0.753513,14.000
PNW84033,2698,2518.308,4.067213,71.000
PNW83881,1611,1431.308,0.621118,6.163
PNW84200,11450,11270.308,0.000000,0.000
PNW84201,11390,11210.308,1.181275,91.795
PNW84199,9963,9783.308,0.000000,0.000
PNW83997,2894,2714.308,4.198705,79.000
PNW84159,5819,5639.308,3.581374,140.000
PNW84208,4808,4628.308,0.498707,16.000
PNW83825,2310,2130.308,23.362758,345.000
PNW84111,2331,2151.308,10.010420,149.282
PNW83797,2566,2386.308,7.556678,125.000
PNW83983,1813,1633.308,6.362903,72.040
PNW83944,2400,2220.308,0.194920,3.000
PNW84005,3474,3294.308,5.028659,114.834
PNW84125,7791,7611.308,3.199918,168.830
PNW84160,5973,5793.308,2.918681,117.210
PNW84353,3513,3333.308,13.459269,310.992
PNW84273,4771,4591.308,7.698827,245.027
PNW83815,8070,7890.308,1.318705,72.126
PNW84307,929,749.330,2.040484,10.599
PNW84244,1896,1716.308,20.100095,239.137
PNW84118,1772,1592.308,478.066364,5276.766
PNW83790,4394,4214.308,88.320837,2580.132
PNW84046,10645,10465.308,1.185470,85.999
PNW84345,2307,2127.308,19.834666,292.488
PNW83817,3928,3748.308,47.905497,1244.724
PNW84309,1886,1706.308,0.000000,0.000
PNW84310,1976,1796.308,3.614033,45.001
PNW84214,3026,2846.308,2.990319,59.000
PNW83884,3548,3368.308,5.344858,124.796
PNW83947,3482,3302.308,33.679592,770.969
PNW84266,1926,1746.308,3.882616,47.000
PNW83851,2413,2233.308,6.265713,97.000
PNW83852,2458,2278.308,0.000000,0.000
PNW84194,3933,3753.308,0.786269,20.457
PNW83941,4617,4437.308,0.781480,24.038
PNW84233,2153,1973.308,0.000000,0.000
PNW84259,5930,5750.308,4.095845,163.263
PNW84260,3438,3258.308,0.000000,0.000
PNW83777,3859,3679.308,1.960430,50.000
PNW83787,7443,7263.308,3.038816,153.000
PNW83820,1313,1133.308,7.705155,60.532
PNW83954,7219,7039.308,0.614807,30.000
PNW84181,2559,2379.308,8.765500,144.571
PNW84180,2504,2324.308,0.336982,5.429
PNW84173,4994,4814.308,24.357824,812.877
PNW83792,2024,1844.308,4.145623,53.000
PNW83793,2472,2292.308,0.000000,0.000
PNW83903,3082,2902.308,3.622290,72.875
PNW83798,1721,1541.308,0.748789,8.000
PNW84151,1819,1639.308,0.176002,2.000
PNW83923,3589,3409.308,9.740326,230.193
PNW83967,3904,3724.308,3.253727,84.000
PNW84132,3835,3655.308,6.885308,174.462
PNW84002,3702,3522.308,8.851911,216.131
PNW84003,1689,1509.308,11.016072,115.254
PNW84272,11385,11205.308,1.235939,96.000
PNW84368,3530,3350.308,1.162590,27.000
PNW83939,1943,1763.308,56.047634,685.075
PNW84027,5378,5198.308,1.484461,53.491
PNW84071,3427,3247.308,41.298292,929.626
PNW84357,2059,1879.308,5.008616,65.248
PNW83799,1827,1647.308,12.795453,146.111
PNW83760,2177,1997.308,72.127301,998.613
PNW83774,1970,1790.308,97.851965,1214.367
PNW83844,2777,2597.308,0.000000,0.000
PNW83842,2606,2426.308,0.247045,4.155
PNW83843,2250,2070.308,5.926819,85.057
PNW83943,904,724.353,0.000000,0.000
PNW84042,2660,2480.308,15.820491,272.006
PNW84300,8103,7923.308,2.471012,135.717
PNW83921,2482,2302.308,19.236700,307.006
PNW84045,3099,2919.308,1.630728,33.000
PNW83904,993,813.311,97.709929,550.868
PNW84030,1644,1464.308,22.293885,226.293
PNW83747,684,504.565,0.000000,0.000
PNW83748,2043,1863.308,12.153859,156.983
PNW84130,1659,1479.308,0.000000,0.000
PNW84185,1185,1005.308,0.000000,0.000
PNW83841,4008,3828.308,0.150730,4.000
PNW84150,2936,2756.308,19.144080,365.776
PNW84136,3082,2902.308,0.844997,17.000
PNW83813,1526,1346.308,1.381159,12.890
PNW83814,1797,1617.308,1.704625,19.111
PNW84123,2650,2470.308,0.467182,8.000
PNW84331,1640,1460.308,0.000000,0.000
PNW83910,4287,4107.308,0.035123,1.000
PNW84263,2296,2116.308,0.204498,3.000
PNW84139,13064,12884.308,0.985301,88.000
PNW84203,5485,5305.308,0.163150,6.000
PNW83757,2669,2489.308,0.405664,7.000
PNW83756,5772,5592.308,0.180574,7.000
PNW84147,1948,1768.308,11.747726,144.001
PNW84168,3166,2986.308,2.267682,46.943
PNW83785,1208,1028.308,135.156765,963.416
PNW84007,869,689.390,0.000000,0.000
PNW83873,2680,2500.308,0.978505,16.959
PNW83872,3590,3410.308,0.000000,0.000
PNW84285,1459,1279.308,2.450281,21.729
PNW84036,3232,3052.308,0.047263,1.000
PNW84225,3560,3380.308,0.085353,2.000
PNW84050,3223,3043.308,5.119818,108.007
PNW84108,7242,7062.308,2.750769,134.665
PNW83837,4616,4436.308,0.000000,0.000
PNW83918,1647,1467.308,14.851115,151.054
PNW83917,1828,1648.308,32.375679,369.922
PNW84363,1734,1554.308,17.171082,185.007
PNW84026,3197,3017.308,51.926201,1086.072
PNW84028,1520,1340.308,103.280654,959.569
PNW83897,1601,1421.308,18.095607,178.285
PNW84229,1110,930.308,1.860809,12.000
PNW84338,3008,2828.308,12.700573,249.002
PNW84207,4613,4433.308,13.959974,429.008
PNW84127,1357,1177.308,8.892069,72.568
PNW84128,1740,1560.308,1.492086,16.138
PNW84054,3348,3168.308,3.069259,67.408
PNW84162,1931,1751.308,5.860082,71.141
PNW83887,3946,3766.308,0.000000,0.000
PNW83765,3862,3682.308,0.708865,18.094
PNW84172,2889,2709.308,39.205064,736.297
PNW83916,2012,1832.308,3.936579,50.000
PNW83971,2730,2550.308,5.430374,96.001
PNW84298,1520,1340.308,25.887219,240.515
PNW84008,3873,3693.308,0.991622,25.387
PNW84057,2305,2125.308,7.398677,109.001
PNW83806,2770,2590.308,8.242479,148.000
PNW83846,5942,5762.308,9.209189,367.850
PNW83778,4294,4114.308,4.593271,131.000
PNW84089,1220,1040.308,56.366635,406.478
PNW83836,1528,1348.308,3.132059,29.273
PNW83804,2564,2384.308,53.236155,879.876
PNW84248,5731,5551.308,0.000000,0.000
PNW84288,1920,1740.308,2.794213,33.708
PNW84289,2717,2537.308,9.780151,172.017
PNW84270,3315,3135.308,7.221217,156.943
PNW83972,15729,15549.308,0.222663,24.000
PNW84051,2553,2373.308,103.336631,1700.047
PNW84235,882,702.369,0.000000,0.000
PNW84361,3740,3560.308,11.902439,293.749
PNW83871,2050,1870.308,0.854955,11.084
PNW83835,3967,3787.308,0.423896,11.129
PNW84212,1651,1471.308,0.392197,4.000
PNW84241,1233,1053.308,0.766520,5.597
PNW84240,1299,1119.308,0.000000,0.000
PNW83816,4861,4681.308,3.112600,101.005
PNW83907,3555,3375.308,21.928244,513.062
PNW84124,4397,4217.308,2.019702,59.044
PNW83883,3638,3458.308,1.335246,32.009
PNW83957,7529,7349.308,2.453641,125.000
PNW83847,3813,3633.308,0.000000,0.000
PNW83848,4211,4031.308,0.500991,14.000
PNW84087,2126,1946.308,1.185924,16.000
PNW83754,2115,1935.308,0.745414,10.000
PNW84304,2047,1867.308,6.056997,78.402
PNW83969,3756,3576.308,0.000000,0.000
PNW83968,4705,4525.308,1.402659,44.000
PNW84360,2218,2038.308,0.000000,0.000
PNW83845,2156,1976.308,7.810478,107.000
PNW84196,3075,2895.308,0.256410,5.146
PNW84195,3414,3234.308,0.000000,0.000
PNW84197,340,166.050,0.000000,0.000
PNW84352,4175,3995.308,6.869289,190.246
PNW84351,4172,3992.308,11.626606,321.758
PNW83946,3047,2867.308,287.055209,5705.482
PNW83952,2100,1920.308,0.000000,0.000
PNW84189,3214,3034.308,1.949268,41.000
PNW83892,1390,1210.308,0.289414,2.428
PNW83770,3149,2969.308,1260.366054,25942.063
PNW84306,2689,2509.308,2.759527,48.000
PNW83933,1496,1316.308,6.137307,56.000
PNW83840,4708,4528.308,0.045826,1.438
PNW84224,4576,4396.308,8.076898,246.142
PNW83974,2098,1918.308,31.990815,425.399
PNW84369,2083,1903.308,3.865804,51.004
PNW84079,3195,3015.308,0.612193,12.796
PNW84080,5107,4927.308,0.000000,0.000
PNW84081,5086,4906.308,27.794931,945.307
PNW84044,10273,10093.308,0.172369,12.060
PNW83800,2828,2648.308,12.315005,226.077
PNW84060,1442,1262.308,5.028457,44.000
PNW84097,5176,4996.308,1.011852,35.044
PNW84245,3228,3048.308,0.267777,5.658
PNW84246,2885,2705.308,1.884597,35.342
PNW84126,5796,5616.308,0.179802,7.000
PNW83888,1876,1696.308,0.341718,4.018
PNW84287,3724,3544.308,25.142700,617.726
PNW83937,225,69.911,0.000000,0.000
PNW83936,1433,1253.308,3.351455,29.117
PNW83938,2071,1891.308,0.992080,13.007
PNW83853,4859,4679.308,6.751794,219.005
PNW84072,2259,2079.308,21.671476,312.363
PNW83767,3495,3315.308,0.000000,0.000
PNW83766,2682,2502.308,0.406484,7.051
PNW83768,3850,3670.308,0.328130,8.348
PNW83934,5153,4973.308,8.588607,296.088
PNW83750,1514,1334.308,95.891408,886.928
PNW83788,1541,1361.308,16.243199,153.278
PNW83991,7590,7410.308,6.233571,320.203
PNW84366,2022,1842.308,12.080874,154.281
PNW83808,5101,4921.308,0.000000,0.000
PNW83807,5071,4891.308,25.631733,869.072
PNW84056,6154,5974.308,0.579524,24.000
PNW83966,1866,1686.308,0.224684,2.626
PNW83965,2978,2798.308,22.736359,441.031
PNW83780,2910,2730.308,19.371492,366.629
PNW83977,4199,4019.308,60.424263,1683.508
PNW84063,4386,4206.308,0.000000,0.000
PNW84062,3249,3069.308,0.000000,0.000
PNW84061,4302,4122.308,8.249627,235.737
PNW84211,1963,1783.308,19.964565,246.796
PNW84256,1479,1299.308,0.536979,4.836
PNW84193,2380,2200.308,0.078975,1.205
PNW83927,3821,3641.308,26.889841,678.732
PNW83926,1800,1620.308,0.000000,0.000
PNW83882,3350,3170.308,0.139568,3.067
PNW84169,3870,3690.308,3.322797,85.000
PNW84006,7020,6840.308,0.379736,18.006
PNW84354,1162,982.308,1.909163,13.000
PNW84153,4609,4429.308,1.693616,52.000
PNW84299,5881,5701.308,2.555660,101.002
PNW83980,2917,2737.308,7.334676,139.174
PNW84252,3280,3100.308,1.221845,26.259
PNW84253,1960,1780.308,17.234883,212.694
PNW84161,4624,4444.308,5.011442,154.390
PNW83978,1706,1526.308,36.318397,384.257
PNW84116,2056,1876.308,2.229731,29.001
PNW84119,1827,1647.308,0.087573,1.000
PNW83895,3515,3335.308,1.939981,44.852
PNW83865,3820,3640.308,2.199589,55.505
PNW84073,10249,10069.308,2.596572,181.239
PNW84074,8424,8244.308,0.153541,8.775
PNW84148,4373,4193.308,5.022773,146.000
PNW83828,1958,1778.308,16.358066,201.647
PNW83755,7583,7403.308,1.091213,56.000
PNW84154,5083,4903.308,3.059834,104.001
PNW83810,1719,1539.308,0.000000,0.000
PNW83811,996,816.309,0.706975,4.000
PNW83875,1539,1359.308,0.000000,0.000
PNW83874,4063,3883.308,6.110286,164.481
PNW83772,2146,1966.308,30.238098,412.153
PNW83773,2161,1981.308,3.427327,47.072
PNW84187,1438,1258.308,44.941387,392.000
PNW83906,12228,12048.308,2.550357,213.000
PNW84302,2172,1992.308,19.943830,275.434
PNW84140,4692,4512.308,1055.997972,33030.441
PNW84095,1808,1628.308,5.508702,62.178
PNW84101,3438,3258.308,3.351960,75.708
PNW84025,1760,1580.308,47.592355,521.353
PNW84276,4919,4739.308,3.567474,117.200
PNW84329,2404,2224.308,25.007132,385.577
PNW83839,2983,2803.308,5.094228,98.992
PNW84035,4489,4309.308,0.000000,0.000
PNW84094,1921,1741.308,13.676518,165.084
PNW84328,1764,1584.308,2.619701,28.770
PNW84323,1417,1237.308,0.000000,0.000
PNW84326,2236,2056.308,0.000000,0.000
PNW84327,2105,1925.308,4.495237,59.994
PNW84325,2755,2575.308,0.518944,9.264
PNW84324,1787,1607.308,0.000000,0.000
PNW84135,3005,2825.308,1.480831,29.002
PNW83890,2412,2232.308,0.000000,0.000
PNW83889,2922,2742.308,0.000000,0.000
PNW84183,2120,1940.308,9.739889,131.002
PNW84227,3271,3091.308,2.679865,57.426
PNW84228,7451,7271.308,6.657157,335.547
PNW84222,1664,1484.308,24.794145,255.109
PNW83819,4788,4608.308,0.000000,0.000
PNW83795,1522,1342.308,9.349369,86.994
PNW83870,2766,2586.308,5.128414,91.942
PNW84290,948,768.323,44.878969,239.023
PNW83802,5388,5208.308,0.664756,24.000
PNW84340,4372,4192.308,27.027865,785.448
PNW83885,3121,2941.308,0.184413,3.760
PNW84070,1829,1649.308,11.370747,130.000
PNW84264,3011,2831.308,14.877982,292.001
PNW84069,3901,3721.308,26.479889,683.069
PNW83866,4455,4275.308,0.000000,0.000
PNW83940,3988,3808.308,0.037880,1.000
PNW84316,876,696.381,1.687007,8.144
PNW84085,3549,3369.308,53.777858,1256.021
PNW84084,3570,3390.308,0.000000,0.000
PNW84344,3835,3655.308,3.275681,83.000
PNW84346,1870,1690.308,99.481344,1165.628
PNW84311,4213,4033.308,2.280874,63.770
PNW83956,4386,4206.308,0.000000,0.000
PNW83955,4299,4119.308,3.957244,112.998
PNW84333,2479,2299.308,0.064100,1.022
PNW83752,1102,922.308,15.460786,98.846
PNW84210,4530,4350.308,2.797877,84.373
PNW84209,5415,5235.308,13.713830,497.684
PNW84319,4257,4077.308,15.881551,448.868
PNW83935,1953,1773.308,1.396915,17.171
PNW83999,1592,1412.308,8.478052,83.000
PNW84016,4406,4226.308,49.048853,1436.953
PNW83894,3206,3026.308,0.095338,2.000
PNW83878,992,812.311,0.887963,5.000
PNW84068,2110,1930.308,1.961494,26.246
PNW84120,1308,1128.308,0.000000,0.000
PNW84358,1792,1612.308,6089.026450,68053.188
PNW83786,4796,4616.308,4.607340,147.434
PNW84034,2571,2391.308,20.406382,338.263
PNW84177,6803,6623.308,9.506108,436.446
PNW83854,8895,8715.308,16.459423,994.374
PNW84043,2231,2051.308,13.783916,196.000
PNW84037,3877,3697.308,1.677762,43.000
PNW83779,1917,1737.308,4.485154,54.014
PNW84355,1828,1648.308,1.137765,13.000
PNW84000,4464,4284.308,8.216268,244.010
PNW83805,1561,1381.308,2.924253,28.000
PNW84364,2596,2416.308,1.134354,19.000
PNW83824,4143,3963.308,0.056839,1.562
PNW84220,1812,1632.308,2.032699,23.000
PNW84280,1951,1771.308,26.716057,328.034
PNW84342,1868,1688.308,2.721140,31.846
PNW84092,5135,4955.308,3.580815,123.000
PNW84359,9038,8858.308,2.760860,169.530
PNW83924,8622,8442.308,6.707804,392.549
PNW84048,2868,2688.308,5.474410,102.016
PNW83833,2839,2659.308,0.000000,0.000
PNW83970,5670,5490.308,0.630612,24.000
PNW84103,1909,1729.308,1.835261,22.000
PNW84282,3494,3314.308,8.008686,183.995
PNW83758,3348,3168.308,0.364259,8.000
PNW84022,3276,3096.308,0.512502,11.000
PNW83762,5788,5608.308,1.635743,63.592
PNW84321,603,423.687,5.772553,16.954
PNW84102,2100,1920.308,2.704450,36.000
PNW84109,1594,1414.308,38.959325,381.951
PNW84088,906,726.351,0.000000,0.000
PNW84152,2266,2086.308,0.864197,12.498
PNW84052,1647,1467.308,1.868012,19.000
PNW84064,3226,3046.308,0.757703,16.000
PNW84221,7893,7713.308,12.381203,661.997
PNW84010,1695,1515.308,2.189648,23.000
PNW84019,6856,6676.308,6.439556,298.020
PNW84279,8354,8174.308,1.658599,93.982
PNW84091,1462,1282.308,0.000000,0.000
PNW83898,1210,1030.308,11.580791,82.710
PNW84024,8762,8582.308,6.090792,362.352
PNW84023,5520,5340.308,0.000000,0.000
PNW84336,3448,3268.308,26.796296,607.086
PNW83829,1392,1212.308,510.769007,4292.301
PNW84049,12349,12169.308,1.624079,137.002
PNW84370,3490,3310.308,16.557434,379.939
PNW83858,2976,2796.308,0.000000,0.000
PNW83905,2358,2178.308,0.066226,1.000
PNW83908,3525,3345.308,5.778184,133.992
PNW83915,2539,2359.308,0.000000,0.000
PNW84261,6594,6414.308,2.046629,91.000
PNW83879,1650,1470.308,0.000000,0.000
PNW83826,3513,3333.308,1.644582,38.000
PNW83827,2049,1869.308,0.000000,0.000
PNW83857,3095,2915.308,0.000000,0.000
PNW83920,6321,6141.308,0.689025,29.332
PNW83942,10713,10533.308,3.095672,226.033
PNW84191,1771,1591.308,25.583221,282.203
PNW84239,1140,960.308,0.000000,0.000
PNW83896,7465,7285.308,1.999958,101.000
PNW83982,1360,1180.308,19.681694,161.031
PNW84117,5160,4980.308,1.484337,51.244
PNW84186,3971,3791.308,6.168580,162.116
PNW83867,4976,4796.308,1.265333,42.069
PNW83953,6088,5908.308,1.269661,52.000
PNW83791,1479,1299.308,0.301190,2.713
PNW84247,3663,3483.308,8.616938,208.064
PNW84232,4063,3883.308,6.207169,167.089
PNW84032,3534,3354.308,2.494441,58.000
PNW84204,6379,6199.308,0.255979,11.000
PNW84349,1056,876.308,0.000000,0.000
PNW83988,3717,3537.308,0.000000,0.000
PNW83960,2321,2141.308,2.627440,39.000
PNW84343,2315,2135.308,1.283632,19.000
PNW83861,655,475.592,30.043534,99.046
PNW84291,3209,3029.308,7.952808,167.000
PNW83998,2980,2800.308,1.083859,21.039
PNW84258,5758,5578.308,0.657098,25.409
PNW84011,1039,859.308,3201.994647,19073.138
PNW84082,4320,4140.308,1.637618,47.000
PNW84268,2465,2285.308,0.000000,0.000
PNW84110,6581,6401.308,0.045072,2.000
PNW84018,832,652.436,1.489564,6.737
PNW84017,609,429.675,4.788790,14.263
PNW84271,1512,1332.308,0.000000,0.000
PNW84230,5276,5096.308,0.028307,1.000
PNW84215,1987,1807.308,19.219843,240.788
PNW83993,1472,1292.308,18.532385,166.016
PNW84251,999,819.308,14.516344,82.444
PNW84144,2234,2054.308,9.050213,128.877
PNW84257,1381,1201.308,5.524394,46.004
PNW83902,5199,5019.308,0.552522,19.224
PNW84121,6934,6754.308,2.413500,113.001
PNW83979,893,713.363,33.739980,166.843
PNW83856,661,481.586,0.000000,0.000
PNW83771,6738,6558.308,0.000000,0.000
PNW84157,7638,7458.308,0.077369,4.000
PNW83876,2069,1889.308,0.000000,0.000
PNW83951,8592,8412.308,0.668801,39.000
PNW84040,2319,2139.308,3.060794,45.390
PNW84041,2371,2191.308,17.886211,271.690
PNW84156,3144,2964.308,20.021571,411.409
PNW84138,2346,2166.308,10.455068,157.000
PNW84038,2275,2095.308,1.790082,26.000
PNW84167,2970,2790.308,263.684640,5100.227
PNW83949,959,779.321,2701.880765,14596.032
PNW83880,2832,2652.308,16.571720,304.680
PNW83987,4066,3886.308,32.100894,864.783
PNW84149,5340,5160.308,6.709978,240.021
PNW84337,1185,1005.308,13.058423,91.000
PNW83925,2157,1977.308,0.000000,0.000
PNW83962,8677,8497.308,0.209712,12.353
PNW84158,1389,1209.308,0.000000,0.000
PNW84223,1767,1587.308,37.544628,413.106
PNW83849,3667,3487.308,13.507133,326.517
PNW84065,5664,5484.308,2.788249,106.000
PNW83913,1876,1696.308,19.468126,228.919
PNW84099,1879,1699.308,1.697873,20.000
PNW84315,2740,2560.308,0.866555,15.379
PNW84335,1590,1410.308,5.932823,58.000
PNW83823,4827,4647.308,0.463684,14.937
PNW83900,5305,5125.308,0.000000,0.000
PNW84188,1808,1628.308,55.657264,628.219
PNW84020,1799,1619.308,21.562475,242.036
PNW84001,3404,3224.308,6.322347,141.308
PNW84312,2202,2022.308,736.795717,10328.731
PNW84012,3052,2872.308,0.753369,15.000
PNW83821,2462,2282.308,0.252834,4.000
PNW84274,6080,5900.308,0.488993,20.000
PNW84047,9237,9057.308,6.345502,398.398
PNW83864,1048,868.308,0.000000,0.000
PNW84362,7148,6968.308,3.547915,171.377
PNW83769,1656,1476.308,3.899175,39.903
PNW84133,3726,3546.308,1.120755,27.551
PNW84086,5435,5255.308,0.103218,3.760
PNW84317,3707,3527.308,1.398945,34.206
PNW84330,3858,3678.308,3.059061,77.999
PNW84356,4774,4594.308,0.600422,19.122
PNW84267,18704,18524.308,0.935380,120.111
PNW84059,3674,3494.308,34.083783,825.584
PNW84105,5233,5053.308,9.516976,333.371
PNW84277,2333,2153.308,31.403654,468.747
PNW84142,2932,2752.308,2.244675,42.826
PNW84301,1735,1555.308,6.598581,71.141
PNW83776,8903,8723.308,2.138733,129.327
PNW84015,2031,1851.308,1.243720,15.961
PNW84014,1722,1542.308,8.481813,90.680
PNW83959,1164,984.308,12.458604,85.007
PNW83981,1015,835.308,6.390023,37.000
PNW83859,2598,2418.308,0.000000,0.000
PNW83860,1909,1729.308,40.632526,487.078
PNW83809,3944,3764.308,114.529693,2988.517
PNW84254,2441,2261.308,155.537233,2438.073
PNW84262,8719,8539.308,0.962941,57.000
PNW84205,1952,1772.308,2.595960,31.893
PNW83832,7323,7143.308,2.827458,140.006
PNW84318,3350,3170.308,0.000000,0.000
PNW84339,5587,5407.308,1.439350,53.951
PNW83796,2140,1960.308,19.501543,265.000
PNW83751,3930,3750.308,12.158282,316.076
PNW83914,3353,3173.308,0.000000,0.000
PNW83990,2154,1974.308,0.000000,0.000
PNW84216,981,801.313,119.148064,661.823
PNW83868,827,647.441,0.668449,3.000
PNW83911,3111,2931.308,86.755921,1762.841
PNW83928,2235,2055.308,0.561545,8.000
PNW84332,1649,1469.308,0.000000,0.000
PNW83986,2920,2740.308,10.318775,196.011
PNW84322,14314,14134.308,7.493479,734.194
PNW84039,1288,1108.308,65.023097,499.552
PNW84058,753,573.509,0.000000,0.000
PNW84297,2959,2779.308,0.584993,11.270
PNW84155,6137,5957.308,5.073056,209.494
PNW84004,4686,4506.308,7.632942,238.432
PNW84013,2715,2535.308,0.228132,4.009
PNW83945,1016,836.308,0.000000,0.000
PNW84249,18316,18136.308,2.058266,258.763
PNW83763,3798,3618.308,0.279094,7.000
PNW84078,3942,3762.308,0.924570,24.113
PNW84114,2702,2522.308,0.228775,4.000
PNW84341,1220,1040.308,4.576140,33.000
PNW83891,2849,2669.308,0.000000,0.000
PNW83850,2566,2386.308,14.810235,244.986
PNW84145,12816,12636.308,2.077936,182.014
PNW84305,1076,896.308,2.575194,16.000
PNW83761,2484,2304.308,2.003350,32.000
PNW84170,2413,2233.308,4.363653,67.554
PNW84171,2043,1863.308,6.537950,84.446
PNW83961,8862,8682.308,1.460781,87.917
PNW84190,2517,2337.308,0.744663,12.065
PNW83801,9591,9411.308,1.394892,91.000
PNW83869,1312,1132.308,0.000000,0.000
PNW84166,1445,1265.308,260.479830,2284.667
PNW83973,2019,1839.308,8.748257,111.539
PNW83976,12931,12751.308,4.391108,388.134
PNW84066,1994,1814.308,5.724913,72.000
PNW83822,1620,1440.308,0.000000,0.000
PNW84122,2453,2273.308,57.363236,903.950
PNW83899,1836,1656.308,135.563710,1556.457
PNW84296,3535,3355.308,1.805807,42.001
PNW84075,7738,7558.308,0.858886,45.000
PNW83930,2105,1925.308,2.248152,30.004
PNW84278,1801,1621.308,4.359914,49.000
PNW83759,2661,2481.308,1.046500,18.000
PNW83975,2971,2791.308,0.000000,0.000
PNW84178,7758,7578.308,7.442997,390.996
PNW84206,5468,5288.308,7.517569,275.579
PNW83893,1495,1315.308,0.128570,1.172
PNW84320,2693,2513.308,1.089762,18.986
PNW84029,4435,4255.308,2.407084,71.003
PNW84176,2764,2584.308,7.255069,129.969
PNW84184,424,246.111,0.000000,0.000
PNW84219,1458,1278.308,4.559336,40.401
PNW84218,3208,3028.308,8.032338,168.614
PNW84096,4706,4526.308,12.475890,391.443
PNW84131,3226,3046.308,10.162182,214.592
PNW84055,1474,1294.308,22.293764,200.020
PNW83749,6493,6313.308,2.742868,120.037
PNW84242,2605,2425.308,15.917415,267.604
PNW84134,5551,5371.308,0.745635,27.763
PNW84129,3174,2994.308,2.969326,61.632
PNW84295,6702,6522.308,2.765051,125.014
PNW84077,5641,5461.308,2.932669,111.023
PNW84303,1306,1126.308,1.024661,8.000
PNW83753,6446,6266.308,1.082048,47.001
PNW84226,3438,3258.308,11.467580,259.010
PNW83989,3309,3129.308,0.000000,0.000
PNW84115,4197,4017.308,2.549592,71.000
PNW83901,3345,3165.308,0.080639,1.769
PNW84053,2981,2801.308,10.249300,199.025
PNW84141,2329,2149.308,1.980153,29.502
PNW84234,6851,6671.308,0.951457,44.000
PNW83764,3477,3297.308,2.666919,60.957
PNW84143,1651,1471.308,9.170106,93.526
PNW83963,2072,1892.308,1.143528,15.000
PNW84269,9193,9013.308,2.768913,173.000
PNW84294,3118,2938.308,14.437443,294.063
PNW84104,3038,2858.308,2.675117,53.003
PNW84192,4394,4214.308,0.102751,3.002
PNW84100,704,524.547,0.000000,0.000
PNW83912,7957,7777.308,12.717732,685.633
PNW84106,2422,2242.308,18.051925,280.589
PNW84137,7214,7034.308,4.839946,236.001
PNW84175,1901,1721.308,2.095224,25.000
PNW84090,3858,3678.308,0.274704,7.004
PNW83995,1831,1651.308,10.207463,116.842
PNW83803,1569,1389.308,25.139067,242.103
PNW84231,916,736.339,0.000000,0.000
PNW83922,4438,4258.308,5.217275,154.004
PNW84174,3446,3266.308,14.972966,339.014
PNW84281,2692,2512.308,11.435522,199.151
PNW84334,4618,4438.308,6.758623,207.935
PNW83784,452,273.586,0.000000,0.000
PNW83929,3113,2933.308,0.196722,4.000
PNW83818,3596,3416.308,8.361608,198.016
PNW84107,1728,1548.308,0.093173,1.000
PNW83919,2258,2078.308,8.190693,118.000
PNW84350,3417,3237.308,11.243807,252.319
PNW84275,6157,5977.308,0.989523,41.000
PNW84112,1537,1357.308,98.400495,925.824
PNW83789,2500,2320.308,0.683903,11.000
PNW83886,2195,2015.308,0.237555,3.319
PNW84098,2695,2515.308,1.204413,21.000
PNW83855,3145,2965.308,14.903564,306.346
PNW83877,1109,929.308,1.242073,8.001
PNW83396,2259,2079.308,4.023987,58.000
PNW83600,2503,2323.308,2.635559,42.446
PNW83599,351,176.239,0.000000,0.000
PNW83229,2002,1822.308,0.000000,0.000
PNW83230,2525,2345.308,0.000000,0.000
PNW83576,5377,5197.308,6.711729,241.805
PNW83738,5625,5445.308,0.132463,5.000
PNW83581,4846,4666.308,2.813296,91.000
PNW83726,3420,3240.308,0.089041,2.000
PNW83602,10473,10293.308,0.877002,62.576
PNW83286,1877,1697.308,0.000000,0.000
PNW83587,10442,10262.308,1.815930,129.180
PNW83349,1449,1269.308,0.113653,1.000
PNW83379,3652,3472.308,4.902020,117.990
PNW83378,4894,4714.308,4.381829,143.194
PNW83377,2084,1904.308,6.744601,89.032
PNW83662,1032,852.308,0.507779,3.000
PNW83513,2973,2793.308,4.699717,91.000
PNW83515,1506,1326.308,0.000000,0.000
PNW83622,4569,4389.308,0.000000,0.000
PNW83621,4536,4356.308,13.014318,393.000
PNW83299,2278,2098.308,5.904980,85.890
PNW83376,4817,4637.308,11.479188,369.003
PNW83539,2684,2504.308,34.475182,598.476
PNW83538,2588,2408.308,0.000000,0.000
PNW83238,2516,2336.308,11.361750,184.004
PNW83743,2183,2003.308,2.816879,39.117
PNW83469,3846,3666.308,0.944343,24.000
PNW83594,8106,7926.308,2.710437,148.923
PNW83339,4975,4795.308,0.601686,20.000
PNW83473,1053,873.308,0.000000,0.000
PNW83255,2407,2227.308,6.808338,105.117
PNW83493,15618,15438.308,0.158853,17.000
PNW83327,3740,3560.308,12.658358,312.405
PNW83237,4699,4519.308,2.202932,69.012
PNW83326,5602,5422.308,0.824755,31.000
PNW83533,10230,10050.308,6.541563,455.736
PNW83373,4272,4092.308,90.524859,2567.963
PNW83372,3081,2901.308,69.285511,1393.442
PNW83703,3733,3553.308,1.096179,27.000
PNW83744,1467,1287.308,1.456800,13.000
PNW83670,4237,4057.308,295.576612,8313.054
PNW83642,3911,3731.308,1.194812,30.904
PNW83446,1571,1391.308,101.155314,975.584
PNW83369,1898,1718.308,7.779923,92.668
PNW83370,1907,1727.308,0.000000,0.000
PNW83559,1506,1326.308,27.428967,252.178
PNW83597,2042,1862.308,2.324817,30.012
PNW83527,10590,10410.308,0.000000,0.000
PNW83528,11107,10927.308,1.530320,115.917
PNW83526,11116,10936.308,0.146192,11.083
PNW83282,922,742.336,0.000000,0.000
PNW83392,1221,1041.308,38.929108,281.000
PNW83688,2559,2379.308,41.979006,692.365
PNW83261,4255,4075.308,0.350889,9.913
PNW83262,4015,3835.308,4.027968,107.087
PNW83394,3084,2904.308,66.258364,1333.939
PNW83701,2921,2741.308,0.000000,0.000
PNW83702,2924,2744.308,0.000000,0.000
PNW83700,2732,2552.308,0.000000,0.000
PNW83405,1446,1266.308,4.215118,37.000
PNW83720,3296,3116.308,1.342471,29.000
PNW83350,2577,2397.308,28.892060,480.126
PNW83235,1489,1309.308,8.594095,78.000
PNW83300,3311,3131.308,4.954693,107.546
PNW83708,3411,3231.308,0.669669,15.000
PNW83561,7064,6884.308,8.361566,399.025
PNW83414,2308,2128.308,0.000000,0.000
PNW83320,1946,1766.308,0.000000,0.000
PNW83319,1370,1190.308,0.000000,0.000
PNW83266,1385,1205.308,7.181297,60.000
PNW83504,2192,2012.308,22.211165,309.826
PNW83294,2082,1902.308,0.000000,0.000
PNW83293,3708,3528.308,155.184059,3795.475
PNW83569,6861,6681.308,0.268819,12.450
PNW83676,2928,2748.308,13.385158,255.001
PNW83374,1446,1266.308,2.351923,20.645
PNW83591,1506,1326.308,14.683742,135.000
PNW83404,2218,2038.308,2.264788,32.000
PNW83578,2147,1967.308,0.000000,0.000
PNW83711,2574,2394.308,0.000000,0.000
PNW83712,2844,2664.308,0.366549,6.770
PNW83424,879,699.375,1.856435,9.000
PNW83565,1938,1758.308,20.879115,254.484
PNW83566,2478,2298.308,0.694533,11.065
PNW83275,2264,2084.308,17.003076,245.664
PNW83495,4554,4374.308,28.430002,862.063
PNW83497,5097,4917.308,8.011180,273.072
PNW83713,3497,3317.308,2.826669,65.000
PNW83714,3777,3597.308,0.000000,0.000
PNW83619,1217,1037.308,5.006591,36.000
PNW83577,10004,9824.308,7.489302,510.030
PNW83638,4366,4186.308,1.102723,32.000
PNW83254,2685,2505.308,7.197745,125.000
PNW83742,2548,2368.308,24.620802,404.197
PNW83570,4096,3916.308,0.425910,11.562
PNW83270,1593,1413.308,11.573438,113.384
PNW83731,1678,1498.308,9.925803,103.091
PNW83732,1445,1265.308,3.383334,29.675
PNW83448,1864,1684.308,3.854237,45.000
PNW83416,2251,2071.308,20.009943,287.305
PNW83532,2348,2168.308,0.465720,7.000
PNW83313,9956,9776.308,2.095371,142.000
PNW83698,3479,3299.308,0.974301,22.283
PNW83699,3689,3509.308,0.563888,13.717
PNW83386,9843,9663.308,3.048626,204.213
PNW83243,2336,2156.308,78.209662,1169.025
PNW83281,1389,1209.308,5.959331,49.956
PNW83329,3630,3450.308,2.592276,62.000
PNW83368,5352,5172.308,1.952366,70.000
PNW83735,1276,1096.308,17.623924,133.933
PNW83692,3631,3451.308,4.516290,108.048
PNW83556,3004,2824.308,0.000000,0.000
PNW83737,3617,3437.308,5.198121,123.856
PNW83485,5547,5367.308,7.268823,270.441
PNW83508,996,816.309,0.176723,1.000
PNW83318,1379,1199.308,13.912849,115.664
PNW83697,2943,2763.308,6.500456,124.516
PNW83573,967,787.315,0.000000,0.000
PNW83336,4988,4808.308,3.870302,129.000
PNW83440,2353,2173.308,1.460323,22.000
PNW83624,447,268.659,1.448326,2.697
PNW83625,1344,1164.308,10.824788,87.365
PNW83242,1090,910.308,605.514163,3820.897
PNW83358,2017,1837.308,5.103625,65.000
PNW83483,2114,1934.308,0.000000,0.000
PNW83480,3938,3758.308,0.000000,0.000
PNW83482,4332,4152.308,0.000000,0.000
PNW83481,5929,5749.308,0.000000,0.000
PNW83659,2605,2425.308,25.922227,435.805
PNW83542,3854,3674.308,5.850222,149.005
PNW83715,4801,4621.308,3.812630,122.136
PNW83618,1724,1544.308,32.888178,352.068
PNW83546,1905,1725.308,4.013488,48.000
PNW83686,4386,4206.308,1.406145,41.000
PNW83679,6789,6609.308,2.440589,111.816
PNW83644,6621,6441.308,22.614454,1009.747
PNW83521,7088,6908.308,1.315577,63.000
PNW83544,5849,5669.308,0.111181,4.369
PNW83471,2203,2023.308,6.916496,97.006
PNW83739,831,651.437,149.770084,676.316
PNW83685,1635,1455.308,40.375734,407.313
PNW83428,2357,2177.308,1.847498,27.884
PNW83253,2675,2495.308,7.226755,125.003
PNW83418,2932,2752.308,9.965084,190.121
PNW83259,1684,1504.308,64.501236,672.601
PNW83260,1170,990.308,8.142149,55.894
PNW83719,903,723.354,24.244930,121.569
PNW83434,4618,4438.308,7.608678,234.088
PNW83433,5118,4938.308,3.398272,116.329
PNW83518,2409,2229.308,705.378205,10900.457
PNW83519,1987,1807.308,4663.135675,58420.170
PNW83462,1919,1739.308,63.469939,765.239
PNW83322,3622,3442.308,0.628621,15.000
PNW83580,1642,1462.308,56.741047,575.160
PNW83331,2248,2068.308,223.686290,3207.061
PNW83593,7501,7321.308,2.541864,129.001
PNW83681,1806,1626.308,0.000000,0.000
PNW83707,1769,1589.308,21.875995,241.006
PNW83666,4441,4261.308,0.203121,6.000
PNW83695,3360,3180.308,1.723701,38.000
PNW83420,6535,6355.308,5.655668,249.157
PNW83422,5319,5139.308,0.000000,0.000
PNW83421,5289,5109.308,0.000000,0.000
PNW83431,1909,1729.308,48.590601,582.475
PNW83680,3940,3760.308,1.114585,29.053
PNW83312,1014,834.308,0.000000,0.000
PNW83357,4383,4203.308,1.063942,31.000
PNW83689,2793,2613.308,36.768141,666.062
PNW83306,1056,876.308,0.326196,1.981
PNW83596,3343,3163.308,0.333207,7.306
PNW83524,3137,2957.308,63.561050,1302.987
PNW83502,2896,2716.308,0.000000,0.000
PNW83409,1717,1537.308,10.701911,114.045
PNW83583,3056,2876.308,0.952408,18.989
PNW83584,2115,1935.308,0.298956,4.011
PNW83277,5759,5579.308,7.574246,292.936
PNW83276,5738,5558.308,3.358876,129.416
PNW83534,982,802.313,0.000000,0.000
PNW83572,1852,1672.308,0.000000,0.000
PNW83612,10074,9894.308,3.602541,247.085
PNW83669,2788,2608.308,0.409732,7.408
PNW83733,1538,1358.308,28.086657,264.454
PNW83278,1914,1734.308,1.081346,13.000
PNW83413,11759,11579.308,2.068107,166.000
PNW83310,2845,2665.308,18.463674,341.129
PNW83727,1750,1570.308,90.254925,982.445
PNW83611,8855,8675.308,1.047618,63.000
PNW83550,1693,1513.308,4.575740,48.000
PNW83674,3846,3666.308,19.501952,495.632
PNW83717,2973,2793.308,4.797759,92.899
PNW83554,1617,1437.308,0.802948,8.000
PNW83555,1650,1470.308,0.000000,0.000
PNW83716,502,323.076,23.219124,52.000
PNW83384,2184,2004.308,5.182241,72.000
PNW83251,10136,9956.308,3.546718,244.781
PNW83647,6190,6010.308,13.370046,557.035
PNW83512,3030,2850.308,2.861074,56.529
PNW83567,2790,2610.308,0.000000,0.000
PNW83653,1014,834.308,8.791329,50.843
PNW83341,7910,7730.308,8.081092,433.031
PNW83484,2041,1861.308,62.671703,808.616
PNW83499,2267,2087.308,0.000000,0.000
PNW83552,1950,1770.308,4.086876,50.153
PNW83529,1428,1248.308,3.120250,27.000
PNW83344,2771,2591.308,0.334026,6.000
PNW83346,9884,9704.308,2.230574,150.049
PNW83523,3437,3257.308,545.219375,12310.698
PNW83615,4611,4431.308,0.292994,9.000
PNW83280,759,579.504,1.034769,4.157
PNW83412,6499,6319.308,2.214367,97.000
PNW83506,4230,4050.308,22.473403,630.971
PNW83623,3591,3411.308,10.898996,257.727
PNW83316,1291,1111.308,47.718391,367.598
PNW83649,2364,2184.308,1.056704,16.000
PNW83722,2226,2046.308,14.595441,207.034
PNW83650,1688,1508.308,506.599935,5296.729
PNW83648,2231,2051.308,0.140658,2.000
PNW83367,13148,12968.308,2.736524,246.000
PNW83656,2039,1859.308,35.844744,461.987
PNW83456,5727,5547.308,0.182050,7.000
PNW83486,3518,3338.308,23.803942,550.843
PNW83563,1185,1005.308,4.300092,29.966
PNW83562,1442,1262.308,0.965154,8.445
PNW83343,1475,1295.308,1.563553,14.039
PNW83381,7627,7447.308,0.000000,0.000
PNW83382,7630,7450.308,1.026240,53.000
PNW83510,1696,1516.308,0.095139,1.000
PNW83351,7209,7029.308,1.349527,65.758
PNW83488,2007,1827.308,0.315562,3.997
PNW83668,4206,4026.308,2.078110,58.000
PNW83334,2014,1834.308,155.301599,1974.698
PNW83449,1822,1642.308,5.286912,60.188
PNW83263,1893,1713.308,834.348374,9909.129
PNW83410,3123,2943.308,0.245545,5.010
PNW83438,2934,2754.308,2.042676,39.000
PNW83635,3998,3818.308,1.181339,31.268
PNW83634,4001,3821.308,0.406624,10.771
PNW83387,16346,16166.308,0.000000,0.000
PNW83388,15681,15501.308,0.623588,67.007
PNW83620,1363,1183.308,4.388863,36.000
PNW83227,2492,2312.308,7.425572,119.022
PNW83665,3494,3314.308,1.044924,24.007
PNW83371,2655,2475.308,7.459817,128.000
PNW83246,3917,3737.308,9.992299,258.867
PNW83391,5100,4920.308,0.000000,0.000
PNW83267,2417,2237.308,8.663822,134.366
PNW83295,693,513.558,1.404520,5.000
PNW83231,3450,3270.308,0.044532,1.010
PNW83466,1145,965.308,161.255211,1079.027
PNW83453,8341,8161.308,2.917420,165.048
PNW83660,994,814.310,4279.715045,24157.788
PNW83476,3222,3042.308,100.531217,2120.102
PNW83571,1817,1637.308,0.000000,0.000
PNW83721,2888,2708.308,3.862443,72.512
PNW83415,4881,4701.308,0.092056,3.000
PNW83324,2330,2150.308,7.447569,111.011
PNW83239,2074,1894.308,16.756287,220.030
PNW83427,1606,1426.308,0.404578,4.000
PNW83661,2868,2688.308,11.030620,205.557
PNW83706,468,289.369,0.000000,0.000
PNW83705,2566,2386.308,1.296340,21.444
PNW83285,1638,1458.308,0.000000,0.000
PNW83400,1026,846.308,0.000000,0.000
PNW83337,3917,3737.308,13.019525,337.292
PNW83335,1662,1482.308,5.547327,57.000
PNW83470,4394,4214.308,5.119758,149.564
PNW83245,3391,3211.308,163.358875,3636.447
PNW83298,3140,2960.308,3.508997,72.007
PNW83429,12445,12265.308,2.120728,180.308
PNW83399,1820,1640.308,13.719762,156.000
PNW83228,2414,2234.308,0.273780,4.240
PNW83359,1285,1105.308,6.395288,49.000
PNW83297,2012,1832.308,0.393658,5.000
PNW83479,2031,1851.308,45.986601,590.150
PNW83643,1849,1669.308,0.000000,0.000
PNW83585,5304,5124.308,7.567133,268.794
PNW83671,4115,3935.308,104.167128,2841.594
PNW83340,2300,2120.308,10.954162,161.002
PNW83498,1567,1387.308,24.102013,231.782
PNW83598,6823,6643.308,3.161988,145.612
PNW83658,2470,2290.308,0.247496,3.929
PNW83657,1890,1710.308,35.031949,415.328
PNW83454,1349,1169.308,39.459120,319.837
PNW83637,1565,1385.308,6.353342,61.010
PNW83718,1297,1117.308,2.582287,20.000
PNW83234,2015,1835.308,50.549093,643.095
PNW83328,1889,1709.308,379.888984,4501.214
PNW83303,2356,2176.308,11.069896,167.000
PNW83291,1311,1131.308,12.114071,95.000
PNW83292,1491,1311.308,0.000000,0.000
PNW83610,4401,4221.308,2.403326,70.325
PNW83256,5559,5379.308,0.000000,0.000
PNW83257,6051,5871.308,5.454527,221.996
PNW83525,2319,2139.308,60.106822,891.353
PNW83315,8124,7944.308,3.256860,179.353
PNW83627,1689,1509.308,4.931457,51.595
PNW83626,774,594.494,3.069636,12.650
PNW83287,3351,3171.308,233.883567,5141.510
PNW83478,2947,2767.308,46.097483,884.275
PNW83667,2842,2662.308,5.472812,101.000
PNW83355,1370,1190.308,1.939135,16.000
PNW83607,5033,4853.308,0.118897,4.000
PNW83417,2110,1930.308,2.985199,39.944
PNW83288,2126,1946.308,356.501226,4809.780
PNW83397,2670,2490.308,18.130653,312.982
PNW83516,625,445.633,53.949859,166.656
PNW83603,1949,1769.308,1.059955,13.000
PNW83435,1289,1109.308,34.674628,266.635
PNW83475,3699,3519.308,2.708011,66.063
PNW83641,5012,4832.308,0.592293,19.840
PNW83460,1565,1385.308,4.894401,47.000
PNW83558,7824,7644.308,17.636287,934.540
PNW83614,5308,5128.308,0.281302,10.000
PNW83551,4256,4076.308,3.149709,89.000
PNW83574,10253,10073.308,0.042963,3.000
PNW83636,1059,879.308,136.052134,829.276
PNW83693,2669,2489.308,2.260216,39.001
PNW83531,1056,876.308,0.000000,0.000
PNW83633,4846,4666.308,1.920330,62.116
PNW83553,3900,3720.308,8.040906,207.365
PNW83709,4716,4536.308,0.667827,21.000
PNW83605,4954,4774.308,0.876264,29.000
PNW83364,2908,2728.308,2.432270,46.000
PNW83609,5946,5766.308,0.000000,0.000
PNW83608,5928,5748.308,2.007722,80.001
PNW83247,1359,1179.308,10.764721,88.000
PNW83436,12841,12661.308,1.709169,150.009
PNW83672,678,498.572,0.000000,0.000
PNW83677,4162,3982.308,4.674296,129.034
PNW83279,2022,1842.308,0.000000,0.000
PNW83704,4670,4490.308,3.533980,110.000
PNW83604,2799,2619.308,1.200123,21.790
PNW83305,5481,5301.308,0.571459,21.000
PNW83511,3621,3441.308,5.639883,134.538
PNW83595,5472,5292.308,0.000000,0.000
PNW83710,1622,1442.308,21.205455,212.011
PNW83494,4554,4374.308,0.758518,23.000
PNW83258,3636,3456.308,1.669533,40.000
PNW83425,5370,5190.308,1.340876,48.243
PNW83347,3097,2917.308,57.262492,1157.991
PNW83451,5885,5705.308,1.928166,76.256
PNW83467,4003,3823.308,17.445430,462.353
PNW83522,2028,1848.308,19.317793,247.505
PNW83590,7217,7037.308,2.152364,104.997
PNW83252,2554,2374.308,6.744245,111.000
PNW83548,3740,3560.308,96.782958,2388.576
PNW83401,10572,10392.308,1.860117,134.000
PNW83651,2793,2613.308,40.152034,727.362
PNW83233,2330,2150.308,9.861979,147.000
PNW83729,3633,3453.308,0.000000,0.000
PNW83730,5841,5661.308,15.974224,626.887
PNW83663,2522,2342.308,13.237737,214.937
PNW83468,2405,2225.308,150.584205,2322.855
PNW83464,1648,1468.308,1.866740,19.000
PNW83465,180,40.407,0.000000,0.000
PNW83461,2446,2266.308,36.687301,576.351
PNW83333,10917,10737.308,0.909642,67.705
PNW83535,1170,990.308,3.933153,27.000
PNW83224,2137,1957.308,0.000000,0.000
PNW83225,5227,5047.308,0.053602,1.875
PNW83345,2046,1866.308,2.164323,28.000
PNW83616,4575,4395.308,1.575431,48.000
PNW83725,6374,6194.308,2.568300,110.279
PNW83352,1252,1072.308,0.000000,0.000
PNW83696,2953,2773.308,1.271698,24.448
PNW83491,5416,5236.308,1.818303,66.000
PNW83385,3620,3440.308,13.768188,328.342
PNW83489,1359,1179.308,0.000000,0.000
PNW83547,1799,1619.308,18.865297,211.761
PNW83628,2641,2461.308,18.679832,318.707
PNW83423,3661,3481.308,4.848315,117.000
PNW83304,3313,3133.308,17.959687,390.081
PNW83244,3551,3371.308,5.691158,133.000
PNW83273,2919,2739.308,5.740280,109.000
PNW83601,3829,3649.308,5.534329,140.000
PNW83264,2092,1912.308,2.331719,30.909
PNW83265,1811,1631.308,1.157657,13.091
PNW83240,660,480.588,0.000000,0.000
PNW83241,946,766.324,1.182424,6.281
PNW83675,1497,1317.308,31.024045,283.295
PNW83390,3331,3151.308,1.968500,43.001
PNW83411,2415,2235.308,3.162322,49.000
PNW83437,1600,1420.308,3.250235,32.000
PNW83325,1967,1787.308,21.955166,272.012
PNW83746,2692,2512.308,27.433070,477.749
PNW83505,1912,1732.308,18.056444,216.825
PNW83342,4702,4522.308,1.275990,40.000
PNW83419,1130,950.308,949.246133,6253.107
PNW83736,5762,5582.308,0.904486,35.000
PNW83323,6930,6750.308,43.071261,2015.411
PNW83309,2046,1866.308,6.882184,89.035
PNW83560,3096,2916.308,1.731339,35.000
PNW83691,4182,4002.308,24.707674,685.480
PNW83353,3090,2910.308,1.347142,27.177
PNW83314,1457,1277.308,29.709220,263.051
PNW83723,2132,1952.308,0.665031,9.000
PNW83683,2816,2636.308,2.904363,53.076
PNW83543,1904,1724.308,18.662349,223.066
PNW83589,15030,14850.308,3.315679,341.319
PNW83338,1640,1460.308,3.062419,31.000
PNW83492,1798,1618.308,4.457139,50.000
PNW83457,3319,3139.308,0.964992,21.000
PNW83445,1869,1689.308,6.064728,71.019
PNW83269,1437,1257.308,62.405100,543.894
PNW83232,8977,8797.308,4.920262,300.048
PNW83452,1321,1141.308,0.000000,0.000
PNW83307,1396,1216.308,0.474421,4.000
PNW83745,1332,1152.308,0.125224,1.000
PNW83403,6050,5870.308,4.669210,190.001
PNW83678,1281,1101.308,7.335447,56.000
PNW83362,1455,1275.308,4.475867,39.568
PNW83474,5015,4835.308,5.571518,186.746
PNW83586,2674,2494.308,2.833958,49.000
PNW83248,8308,8128.308,11.999592,676.113
PNW83393,1450,1270.308,113.407002,998.623
PNW83655,3281,3101.308,1.488513,32.000
PNW83472,4045,3865.308,0.223931,6.000
PNW83500,3357,3177.308,0.408630,9.000
PNW83501,4285,4105.308,0.000000,0.000
PNW83652,2987,2807.308,4.727649,92.000
PNW83236,4756,4576.308,18.267399,579.488
PNW83398,2311,2131.308,3.790437,56.000
PNW83520,713,533.541,0.000000,0.000
PNW83426,2028,1848.308,42.482596,544.300
PNW83356,2997,2817.308,9.359753,182.790
PNW83450,1418,1238.308,17.591207,151.000
PNW83463,2012,1832.308,1.023510,13.000
PNW83557,1169,989.308,15.542380,106.586
PNW83640,2895,2715.308,0.059389,1.118
PNW83646,11916,11736.308,0.800582,65.131
PNW83630,1910,1730.308,0.000000,0.000
PNW83402,2946,2766.308,21.401608,410.393
PNW83613,8286,8106.308,0.676495,38.014
PNW83332,2436,2256.308,7.800349,122.001
PNW83537,4009,3829.308,2.836199,75.285
PNW83366,4970,4790.308,0.692647,23.000
PNW83363,2091,1911.308,8.679897,115.000
PNW83301,1654,1474.308,23.542582,240.600
PNW83302,3683,3503.308,4.570833,111.001
PNW83432,2360,2180.308,6.088347,92.017
PNW83741,5286,5106.308,4.661486,165.000
PNW83540,2560,2380.308,29.349220,484.264
PNW83579,3776,3596.308,11.458070,285.641
PNW83664,8375,8195.308,2.007622,114.051
PNW83503,1139,959.308,0.451139,3.000
PNW83617,2355,2175.308,91.526876,1380.136
PNW83507,1496,1316.308,0.000000,0.000
PNW83321,4044,3864.308,1.776747,47.594
PNW83575,3101,2921.308,13.722115,277.876
PNW83383,1587,1407.308,5.740454,56.000
PNW83592,2139,1959.308,0.000000,0.000
PNW83375,2759,2579.308,9.449581,168.954
PNW83406,1682,1502.308,6.066840,63.179
PNW83487,2026,1846.308,19.595295,250.789
PNW83289,1596,1416.308,37.954636,372.628
PNW83490,5695,5515.308,1.674009,64.000
PNW83408,13773,13593.308,8.823157,831.384
PNW83588,2594,2414.308,39.411410,659.580
PNW83632,1312,1132.308,0.000000,0.000
PNW83330,1916,1736.308,3.323385,40.000
PNW83348,1436,1256.308,56.248682,489.848
PNW83582,2391,2211.308,3.392357,52.000
PNW83274,3383,3203.308,24.820992,551.151
PNW83477,1558,1378.308,401.501493,3836.066
PNW83549,2832,2652.308,30.186766,555.000
PNW83654,1655,1475.308,35.595375,364.023
PNW83687,5231,5051.308,2.484646,87.000
PNW83517,3814,3634.308,8.891207,223.993
PNW83606,980,800.313,0.000000,0.000
PNW83249,8814,8634.308,2.596422,155.402
PNW83568,1896,1716.308,0.000000,0.000
PNW83645,2915,2735.308,3.691925,70.002
PNW83728,2778,2598.308,199.934791,3601.070
PNW83290,8136,7956.308,1.442719,79.569
PNW83631,1266,1086.308,0.000000,0.000
PNW83389,2292,2112.308,17.149378,251.107
PNW83441,3873,3693.308,3.707767,94.925
PNW83690,6440,6260.308,8.490020,368.432
PNW83361,1978,1798.308,6.282853,78.320
PNW83536,1143,963.308,31.897922,213.000
PNW83268,11619,11439.308,1.034098,82.000
PNW83458,8656,8476.308,4.203762,247.000
PNW83564,2718,2538.308,0.000000,0.000
PNW83317,1370,1190.308,3.070584,25.336
PNW83395,621,441.641,235.390679,720.628
PNW83682,655,475.592,0.000000,0.000
PNW83226,2095,1915.308,0.633443,8.410
PNW83354,3005,2825.308,3.046285,59.661
PNW83509,1995,1815.308,0.000000,0.000
PNW83442,1254,1074.308,5.774139,43.000
PNW83407,6070,5890.308,0.146947,6.000
PNW83311,1389,1209.308,4.320504,36.218
PNW83545,2576,2396.308,5.418568,90.008
PNW83439,4073,3893.308,0.741096,20.001
PNW83444,10427,10247.308,4.057021,288.184
PNW83684,2709,2529.308,15.400997,270.024
PNW83250,8865,8685.308,3.705293,223.080
PNW83283,1627,1447.308,16.497546,165.513
PNW83380,8083,7903.308,4.581574,251.001
PNW83639,1216,1036.308,0.139206,1.000
PNW83496,1708,1528.308,109.105555,1155.874
PNW83734,1263,1083.308,2.130666,16.000
PNW83284,5707,5527.308,4.671828,179.000
PNW83308,2814,2634.308,0.000000,0.000
PNW83272,3086,2906.308,2.084755,42.000
PNW83443,4364,4184.308,17.385410,504.268
PNW83740,5601,5421.308,16.710142,627.967
PNW83541,2179,1999.308,125.947389,1745.506
PNW83447,5272,5092.308,3.881116,137.001
PNW83365,5681,5501.308,0.314675,12.000
PNW83455,1975,1795.308,0.000000,0.000
PNW83530,3394,3214.308,0.179523,4.000
PNW83673,1326,1146.308,0.000000,0.000
PNW83459,3647,3467.308,31.728670,762.600
PNW83724,2925,2745.308,4.203842,80.000
PNW83271,2908,2728.308,57.176980,1081.352
PNW83296,2091,1911.308,10.038490,133.000
PNW83629,1781,1601.308,1722.395627,19118.790
PNW81847,2672,2492.308,4.109643,71.000
PNW81568,1715,1535.308,0.093962,1.000
PNW81801,3824,3644.308,4.473123,113.000
PNW82464,1605,1425.308,2.530339,25.000
PNW82462,1767,1587.308,0.000000,0.000
PNW82819,2288,2108.308,12.357953,180.606
PNW82259,7741,7561.308,3.411147,178.793
PNW82468,2353,2173.308,13.740621,207.005
PNW82619,1695,1515.308,11.143650,117.053
PNW82678,2753,2573.308,11.735623,209.339
PNW82640,1122,942.308,2.143407,14.001
PNW82648,2025,1845.308,1.563647,20.001
PNW81865,6969,6789.308,3.335966,157.000
PNW82247,1951,1771.308,7.737077,95.000
PNW82778,2955,2775.308,7.169108,137.921
PNW82779,2950,2770.308,4.794058,92.063
PNW82407,2115,1935.308,2.042416,27.400
PNW82079,2688,2508.308,64.028612,1113.288
PNW82421,8298,8118.308,10.298782,579.567
PNW82775,2446,2266.308,72.400186,1137.395
PNW83160,1880,1700.308,3.648346,43.001
PNW81495,3640,3460.308,6.628722,159.000
PNW81812,4010,3830.308,7.177008,190.559
PNW82241,5651,5471.308,4.017698,152.378
PNW81913,2299,2119.308,0.703271,10.332
PNW82121,712,532.541,0.000000,0.000
PNW82802,1538,1358.308,52.649876,495.733
PNW83115,1036,856.308,351.042169,2083.733
PNW82895,1927,1747.308,1876.309330,22726.183
PNW82368,4022,3842.308,33.344795,888.122
PNW83114,3215,3035.308,154.274833,3246.014
PNW83221,1262,1082.308,32.074312,240.636
PNW81769,1183,1003.308,13.090963,91.046
PNW82165,1038,858.308,1.176528,7.000
PNW82287,4877,4697.308,4.115333,134.001
PNW82055,3477,3297.308,7.306557,167.003
PNW82646,4900,4720.308,17.864257,584.531
PNW82064,3778,3598.308,12.791553,319.061
PNW82078,1435,1255.308,841.347051,7321.130
PNW82157,2784,2604.308,11.891149,214.669
PNW82558,2747,2567.308,9.946098,177.004
PNW82784,1216,1036.308,14.338236,103.000
PNW82311,1298,1118.308,0.000000,0.000
PNW82332,4444,4264.308,55.641447,1644.749
PNW82317,3218,3038.308,0.000000,0.000
PNW81501,1257,1077.308,26.793281,200.087
PNW82949,1308,1128.308,820.412711,6416.714
PNW81973,2296,2116.308,344.211352,5049.596
PNW82508,1180,1000.308,3.467861,24.046
PNW82523,3773,3593.308,73.142061,1821.857
PNW81966,732,552.525,0.000000,0.000
PNW81902,1177,997.308,0.000000,0.000
PNW82087,2769,2589.308,126.941728,2278.456
PNW82138,1398,1218.308,0.118411,1.000
PNW81932,1700,1520.308,8.919565,94.000
PNW82092,2106,1926.308,14.232586,190.047
PNW82093,1392,1212.308,0.384988,3.235
PNW82752,1213,1033.308,4.050095,29.010
PNW82751,1359,1179.308,0.000000,0.000
PNW82750,1245,1065.308,3.795477,28.028
PNW82948,6168,5988.308,13.972811,580.017
PNW81623,3004,2824.308,0.000000,0.000
PNW81792,3384,3204.308,22.060535,490.008
PNW82033,3885,3705.308,34.491315,885.904
PNW83122,2246,2066.308,120.763570,1729.751
PNW82720,1562,1382.308,32.656096,312.912
PNW82186,3016,2836.308,1.373278,27.000
PNW81825,1097,917.308,0.000000,0.000
PNW82091,1751,1571.308,2.754275,30.000
PNW82830,2107,1927.308,3.128638,41.798
PNW82831,2114,1934.308,1.804957,24.202
PNW81503,2854,2674.308,0.000000,0.000
PNW82744,1310,1130.308,0.127629,1.000
PNW82693,3245,3065.308,9.273384,197.045
PNW82202,5739,5559.308,1.505003,57.998
PNW82201,5883,5703.308,0.000000,0.000
PNW82791,8913,8733.308,0.117606,7.120
PNW82644,6745,6565.308,0.681168,31.000
PNW82402,8884,8704.308,0.858229,51.783
PNW82401,4390,4210.308,0.000000,0.000
PNW83093,3022,2842.308,4.204214,82.834
PNW83094,2929,2749.308,0.000000,0.000
PNW81688,2708,2528.308,29.354323,514.464
PNW81687,2690,2510.308,4.902779,85.314
PNW83179,2016,1836.308,14.849725,189.024
PNW82756,2294,2114.308,38.116797,558.647
PNW82560,1121,941.308,790.993586,5161.280
PNW82069,1374,1194.308,10.267151,85.000
PNW82243,2329,2149.308,0.000000,0.000
PNW82023,3864,3684.308,17.749533,453.310
PNW82328,1157,977.308,0.000000,0.000
PNW82725,1430,1250.308,20.955907,181.625
PNW82210,1777,1597.308,48.536311,537.413
PNW82620,2477,2297.308,12.122159,193.042
PNW82687,1564,1384.308,1733.935095,16638.654
PNW83146,1055,875.308,586.160786,3556.562
PNW83147,1175,995.308,11.803257,81.435
PNW81512,2458,2278.308,6.241481,98.572
PNW82774,4700,4520.308,2.202057,69.000
PNW82041,1056,876.308,0.000000,0.000
PNW82793,1634,1454.308,22.617513,228.010
PNW82557,1132,952.308,0.000000,0.000
PNW82379,1221,1041.308,0.277076,2.000
PNW82542,2169,1989.308,8.510843,117.362
PNW82076,1582,1402.308,0.308621,3.000
PNW82967,1935,1755.308,8.054266,98.001
PNW83088,1776,1596.308,0.000000,0.000
PNW82946,3210,3030.308,9.547936,200.562
PNW82329,541,361.867,0.000000,0.000
PNW82742,5450,5270.308,1.446865,52.859
PNW82741,4360,4180.308,2.207512,63.968
PNW83216,1770,1590.308,8.127397,89.595
PNW82430,2943,2763.308,1.722789,33.000
PNW81989,9810,9630.308,1.750096,116.830
PNW81991,2516,2336.308,1.486361,24.072
PNW81990,11604,11424.308,0.304301,24.098
PNW82188,9466,9286.308,0.667994,43.000
PNW82488,1613,1433.308,19.845235,197.173
PNW82487,1613,1433.308,7.710517,76.608
PNW82486,1616,1436.308,2.983855,29.708
PNW82795,1924,1744.308,0.744332,9.000
PNW82000,620,440.643,0.327637,1.001
PNW81670,1821,1641.308,0.000000,0.000
PNW81671,4012,3832.308,0.000000,0.000
PNW81597,1372,1192.308,0.000000,0.000
PNW83050,3453,3273.308,10.347879,234.796
PNW82233,2393,2213.308,43.618820,669.219
PNW82850,2831,2651.308,7.476934,137.416
PNW81508,1886,1706.308,0.000000,0.000
PNW81557,2806,2626.308,0.219716,4.000
PNW81556,1727,1547.308,79.901231,857.004
PNW83103,3060,2880.308,0.183319,3.660
PNW83104,2570,2390.308,4.873265,80.747
PNW81650,3674,3494.308,6.390612,154.795
PNW83034,1649,1469.308,7.167337,73.000
PNW81734,2369,2189.308,0.065893,1.000
PNW82658,3281,3101.308,0.093032,2.000
PNW81817,1611,1431.308,0.806314,8.000
PNW82131,6930,6750.308,0.085484,4.000
PNW82634,3816,3636.308,1.467873,37.000
PNW83079,4512,4332.308,3.983141,119.618
PNW82477,6743,6563.308,4.273050,194.408
PNW82478,6114,5934.308,0.000000,0.000
PNW82031,3583,3403.308,0.974931,23.000
PNW82639,3928,3748.308,1.039144,27.000
PNW83110,6227,6047.308,17.118469,717.595
PNW82467,1290,1110.308,2.728190,20.998
PNW82169,652,472.595,0.000000,0.000
PNW82376,2353,2173.308,3.521610,53.054
PNW82999,1832,1652.308,0.087308,1.000
PNW81668,4975,4795.308,9.960206,331.083
PNW82006,3561,3381.308,1.257554,29.476
PNW82007,2707,2527.308,0.000000,0.000
PNW82008,2427,2247.308,0.000000,0.000
PNW82213,5632,5452.308,2.878518,108.793
PNW82214,5842,5662.308,0.395472,15.522
PNW82322,1321,1141.308,141.928297,1122.857
PNW82095,707,527.545,5863.520696,21442.262
PNW82684,587,407.727,20.216262,57.138
PNW81960,1206,1026.308,0.282086,2.007
PNW82865,1215,1035.308,17.736682,127.290
PNW82874,2861,2681.308,1.990685,37.000
PNW82539,1489,1309.308,4.958132,45.000
PNW82586,3172,2992.308,4.918059,102.012
PNW82857,975,795.314,0.000000,0.000
PNW82858,921,741.336,0.000000,0.000
PNW82975,3216,3036.308,1.474251,31.029
PNW82109,1153,973.308,0.000000,0.000
PNW81732,2972,2792.308,67.003307,1296.917
PNW81513,3594,3414.308,20.710538,490.170
PNW81954,2107,1927.308,20.674071,276.204
PNW81955,1320,1140.308,2.253347,17.812
PNW82623,2223,2043.308,19.303376,273.413
PNW82796,2502,2322.308,0.869672,14.000
PNW82724,4318,4138.308,4.218033,121.000
PNW83195,5078,4898.308,0.058915,2.000
PNW83194,1821,1641.308,0.000000,0.000
PNW81639,2419,2239.308,0.000000,0.000
PNW83001,2671,2491.308,0.057907,1.000
PNW81644,1994,1814.308,0.000000,0.000
PNW81920,4534,4354.308,0.083535,2.521
PNW82950,6825,6645.308,2.672891,123.126
PNW82820,2048,1868.308,0.772145,10.000
PNW83068,1509,1329.308,0.000000,0.000
PNW83069,4136,3956.308,0.000000,0.000
PNW82144,970,790.315,156.417741,856.917
PNW82604,1907,1727.308,8.351752,100.000
PNW82493,1673,1493.308,26.342332,272.682
PNW81925,1997,1817.308,0.000000,0.000
PNW81886,1222,1042.308,0.143128,1.034
PNW81923,3748,3568.308,1.374561,34.000
PNW81502,4467,4287.308,2.688347,79.896
PNW82377,1701,1521.308,10.442107,110.118
PNW82566,3933,3753.308,1.227165,31.928
PNW83052,2256,2076.308,0.416876,6.000
PNW81761,3383,3203.308,3.467684,77.000
PNW83059,1626,1446.308,21.884728,219.409
PNW81956,2250,2070.308,9.058713,130.003
PNW83064,3899,3719.308,10.511256,271.000
PNW82955,3637,3457.308,5.205557,124.755
PNW82196,5376,5196.308,2.054397,74.000
PNW82026,7022,6842.308,3.335977,158.226
PNW82974,2490,2310.308,3.063856,49.067
PNW82150,3393,3213.308,1.925567,42.891
PNW82151,3193,3013.308,55.495139,1159.180
PNW81555,2902,2722.308,11.341145,214.016
PNW82835,3785,3605.308,1.774836,44.356
PNW82836,1272,1092.308,0.881109,6.672
PNW82834,3698,3518.308,0.000000,0.000
PNW82400,7859,7679.308,0.565273,30.091
PNW82115,2199,2019.308,5.143720,72.000
PNW82246,2827,2647.308,0.871981,16.002
PNW83043,3903,3723.308,1.403599,36.226
PNW82578,972,792.315,0.000000,0.000
PNW82038,2540,2360.308,66.557540,1088.977
PNW82870,2140,1960.308,51.341221,697.659
PNW82302,3704,3524.308,8.553984,208.975
PNW82656,1753,1573.308,3.754470,40.946
PNW82655,1976,1796.308,0.000000,0.000
PNW82788,3530,3350.308,2.540474,59.000
PNW81907,12938,12758.308,0.000000,0.000
PNW81730,2036,1856.308,87.481426,1125.689
PNW82941,1705,1525.308,0.945779,10.000
PNW81564,1445,1265.308,16.645773,146.000
PNW82219,3782,3602.308,3.203735,80.000
PNW81649,1885,1705.308,3.299204,39.000
PNW82801,2079,1899.308,4.111381,54.130
PNW81853,1569,1389.308,1.661379,16.000
PNW82148,3515,3335.308,0.126924,2.934
PNW82149,2661,2481.308,0.527059,9.066
PNW82199,2902,2722.308,2.543413,47.996
PNW82325,5016,4836.308,0.208801,7.000
PNW82172,1838,1658.308,8.090310,93.000
PNW82448,2429,2249.308,92.524178,1442.636
PNW82350,1046,866.308,107.500667,645.559
PNW83149,3452,3272.308,11.339939,257.228
PNW81673,2896,2716.308,2.549824,48.011
PNW82883,669,489.582,0.000000,0.000
PNW82884,2210,2030.308,0.000000,0.000
PNW81616,942,762.326,0.000000,0.000
PNW81748,3426,3246.308,0.088877,2.000
PNW82103,482,303.241,0.000000,0.000
PNW82274,3398,3218.308,2.689497,60.000
PNW82484,1950,1770.308,3.504024,43.000
PNW82384,1099,919.308,37.975171,241.999
PNW81830,1160,980.308,0.000000,0.000
PNW81829,1173,993.308,0.000000,0.000
PNW82312,1396,1216.308,13.876811,117.000
PNW82597,1701,1521.308,9.389893,99.022
PNW81912,17461,17281.308,1.945034,233.000
PNW82611,1762,1582.308,4.469471,49.023
PNW82636,1388,1208.308,0.000000,0.000
PNW82635,1046,866.308,22.648009,136.005
PNW81559,3265,3085.308,39.876184,852.834
PNW82090,3437,3257.308,14.463414,326.574
PNW82749,2020,1840.308,2.900405,37.000
PNW81841,1136,956.308,311.446499,2064.590
PNW82458,1431,1251.308,25.071950,217.473
PNW82098,2246,2066.308,35.959832,515.069
PNW82428,1854,1674.308,21.691489,251.755
PNW81823,1565,1385.308,1.457904,14.000
PNW82548,2942,2762.308,0.104449,2.000
PNW81658,13027,12847.308,0.000000,0.000
PNW81657,12907,12727.308,0.000000,0.000
PNW81940,1204,1024.308,179.066166,1271.443
PNW83036,1665,1485.308,4.995725,51.436
PNW82153,1290,1110.308,0.307936,2.370
PNW82154,2872,2692.308,55.155905,1029.365
PNW81929,852,672.416,0.000000,0.000
PNW82050,2263,2083.308,19.687098,284.307
PNW82697,6265,6085.308,1.635739,69.000
PNW83125,3196,3016.308,0.000000,0.000
PNW83126,2939,2759.308,11.795768,225.621
PNW82190,1862,1682.308,0.000000,0.000
PNW82682,6471,6291.308,0.000000,0.000
PNW82683,6474,6294.308,12.284788,536.004
PNW81808,2490,2310.308,0.000000,0.000
PNW81691,3647,3467.308,3.037231,73.000
PNW82822,2509,2329.308,3.839832,62.000
PNW83201,2143,1963.308,1.322609,18.000
PNW82766,4891,4711.308,27.642059,902.744
PNW82526,3406,3226.308,0.000000,0.000
PNW82001,2103,1923.308,245.907621,3278.487
PNW81879,1313,1133.308,681.938249,5357.296
PNW81948,1848,1668.308,17.813608,206.006
PNW81901,1046,866.308,0.000000,0.000
PNW82584,1340,1160.308,94.503031,760.102
PNW82583,645,465.602,208.028842,671.415
PNW82015,2764,2584.308,17.921157,321.043
PNW83044,1972,1792.308,102.933662,1278.859
PNW81640,3986,3806.308,0.631540,16.663
PNW81697,7568,7388.308,12.670132,648.901
PNW82309,2285,2105.308,1.531200,22.346
PNW82729,2241,2061.308,74.421605,1063.395
PNW82920,1542,1362.308,10.021894,94.641
PNW83017,10075,9895.308,52.365231,3591.905
PNW81828,2062,1882.308,33.579993,438.151
PNW83144,2549,2369.308,30.214499,496.237
PNW83128,1660,1480.308,13.002131,133.419
PNW82395,876,696.381,0.000000,0.000
PNW81794,9384,9204.308,0.276381,17.634
PNW82616,1703,1523.308,69.739448,736.409
PNW81619,2135,1955.308,17.532982,237.642
PNW82251,3419,3239.308,3.696352,83.000
PNW83134,1556,1376.308,32.012938,305.417
PNW82889,2480,2300.308,52.541901,837.808
PNW82527,644,464.604,5507.118429,17736.185
PNW82924,3677,3497.308,7.841195,190.094
PNW82663,2167,1987.308,19.086253,262.929
PNW83162,3760,3580.308,2.780499,69.007
PNW81937,1939,1759.308,0.000000,0.000
PNW82944,3902,3722.308,84.452293,2179.096
PNW81628,1074,894.308,0.000000,0.000
PNW82521,1611,1431.308,1.523743,15.118
PNW81763,1932,1752.308,64.625901,785.000
PNW83132,1396,1216.308,4.862814,41.000
PNW81497,7152,6972.308,4.855101,234.654
PNW82497,1236,1056.308,11.090764,81.209
PNW82338,1671,1491.308,3.288963,34.000
PNW82897,3385,3205.308,5.895885,131.000
PNW82991,892,712.363,22.134087,109.299
PNW81496,1950,1770.308,1.955734,24.000
PNW81601,1095,915.308,442.706194,2808.895
PNW81804,1436,1256.308,0.000000,0.000
PNW82245,1059,879.308,1946.696218,11865.660
PNW81744,1981,1801.308,1.079149,13.475
PNW81745,2204,2024.308,0.000000,0.000
PNW82206,2674,2494.308,6.709487,116.009
PNW82437,3188,3008.308,5.562849,116.004
PNW83063,5528,5348.308,2.514431,93.220
PNW83101,2769,2589.308,33.244424,596.699
PNW81987,1860,1680.308,0.600975,7.000
PNW81934,2048,1868.308,8.046847,104.214
PNW82244,2045,1865.308,9.527197,123.188
PNW83191,472,293.330,0.000000,0.000
PNW81498,2216,2036.308,34.176244,482.415
PNW81500,639,459.610,3476.553218,11076.209
PNW82824,1311,1131.308,0.637583,5.000
PNW81755,3093,2913.308,92.025212,1858.428
PNW81754,3273,3093.308,0.000000,0.000
PNW81751,1981,1801.308,3.924240,49.000
PNW81750,2059,1879.308,0.000000,0.000
PNW82810,4860,4680.308,42.887505,1391.418
PNW81856,1647,1467.308,413.948961,4210.374
PNW82516,5411,5231.308,14.589152,529.045
PNW82515,5303,5123.308,23.820088,845.953
PNW82425,1679,1499.308,17.445374,181.311
PNW83174,234,76.509,28.668609,15.204
PNW83175,1362,1182.308,28.161629,230.803
PNW82083,2580,2400.308,15.821748,263.253
PNW82481,1542,1362.308,118.456921,1118.635
PNW83096,1395,1215.308,14.244337,120.000
PNW82147,3499,3319.308,3.781338,87.005
PNW82146,3496,3316.308,0.000000,0.000
PNW81491,1804,1624.308,17.194265,193.600
PNW82298,4599,4419.308,0.095476,2.925
PNW82297,5258,5078.308,3.467814,122.075
PNW82908,3631,3451.308,11.452869,274.000
PNW82160,996,816.309,0.000000,0.000
PNW82180,3197,3017.308,0.860598,18.000
PNW81931,902,722.355,0.000000,0.000
PNW82689,5561,5381.308,17.640769,658.048
PNW81678,3728,3548.308,0.298007,7.330
PNW82554,4950,4770.308,3.274110,108.266
PNW81753,3871,3691.308,99.876230,2555.612
PNW82054,1429,1249.308,20.837577,180.455
PNW82053,747,567.513,6.857220,26.976
PNW82507,4096,3916.308,2.431251,66.002
PNW82447,3073,2893.308,0.299161,6.000
PNW82866,5069,4889.308,1.829329,62.000
PNW82923,2302,2122.308,2.582989,38.000
PNW82314,2957,2777.308,2.031284,39.106
PNW82082,1894,1714.308,22.974478,273.015
PNW82877,2203,2023.308,2.994673,42.001
PNW82976,2123,1943.308,2.449738,33.000
PNW83161,1797,1617.308,25.166230,282.139
PNW82394,5120,4940.308,0.191104,6.544
PNW82406,5362,5182.308,0.000000,0.000
PNW82405,10074,9894.308,0.000000,0.000
PNW82404,9729,9549.308,0.017249,1.142
PNW81855,1826,1646.308,1.051520,12.000
PNW82878,1553,1373.308,0.000000,0.000
PNW82879,3235,3055.308,3.638884,77.068
PNW82369,1692,1512.308,60.157453,630.641
PNW83196,3992,3812.308,1.173079,31.000
PNW81610,801,621.476,0.000000,0.000
PNW83047,8764,8584.308,4.739193,282.009
PNW81725,1672,1492.308,1.818848,18.815
PNW82614,1600,1420.308,3.276318,32.257
PNW82613,1772,1592.308,0.000000,0.000
PNW81875,4061,3881.308,48.505266,1305.027
PNW83178,3770,3590.308,11.008578,273.978
PNW82386,868,688.391,0.000000,0.000
PNW83076,3461,3281.308,3.087400,70.225
PNW81516,4220,4040.308,13.514221,378.493
PNW82320,1290,1110.308,9.477235,72.942
PNW82319,3257,3077.308,53.004559,1130.672
PNW83049,2732,2552.308,4.126144,73.001
PNW82239,2259,2079.308,12.028734,173.377
PNW82051,1194,1014.308,0.853353,6.000
PNW82052,792,612.483,0.000000,0.000
PNW82794,2130,1950.308,1.923219,26.001
PNW82626,2676,2496.308,15.605402,270.039
PNW81866,2529,2349.308,3.868548,63.000
PNW82390,4585,4405.308,0.000000,0.000
PNW82551,1101,921.308,5.167214,33.000
PNW82568,2288,2108.308,6.910902,101.000
PNW82905,1932,1752.308,12.842854,156.000
PNW82761,1356,1176.308,10.424260,85.000
PNW82942,3116,2936.308,0.398842,8.118
PNW83204,4564,4384.308,12.866099,391.021
PNW81588,4724,4544.308,0.254568,8.019
PNW81589,585,405.733,0.000000,0.000
PNW82989,892,712.363,0.000000,0.000
PNW82990,306,135.372,0.000000,0.000
PNW82825,5852,5672.308,0.358553,14.098
PNW82187,2981,2801.308,2.626375,51.000
PNW82209,2651,2471.308,12.433693,213.000
PNW82396,8668,8488.308,0.000000,0.000
PNW81936,1938,1758.308,10.747903,131.000
PNW82953,2863,2683.308,0.053762,1.000
PNW81768,2013,1833.308,14.321330,182.000
PNW82504,4092,3912.308,0.331862,9.000
PNW82505,2463,2283.308,0.000000,0.000
PNW83040,1628,1448.308,76.717077,770.204
PNW83111,1302,1122.308,14.075526,109.504
PNW81793,6080,5900.308,1.739749,71.156
PNW81821,3543,3363.308,18.004228,419.753
PNW81926,2172,1992.308,3.330802,46.000
PNW82770,3402,3222.308,2.283235,51.000
PNW81835,6932,6752.308,4.678852,219.000
PNW82061,5135,4955.308,6.263651,215.155
PNW82258,1642,1462.308,59.794973,606.117
PNW81595,2062,1882.308,0.077090,1.006
PNW82860,1471,1291.308,12.935601,115.789
PNW82808,4793,4613.308,0.250164,8.000
PNW82753,2216,2036.308,280.298494,3956.551
PNW82439,1452,1272.308,59.688087,526.420
PNW82730,7738,7558.308,0.877972,46.000
PNW82016,2326,2146.308,3.961775,58.943
PNW82844,7791,7611.308,8.302292,438.036
PNW81943,2827,2647.308,6.266764,115.001
PNW81831,1547,1367.308,0.000000,0.000
PNW82333,1215,1035.308,2960.722579,21248.092
PNW81647,1576,1396.308,24.175864,234.000
PNW81712,466,287.393,0.000000,0.000
PNW81953,3196,3016.308,6.088502,127.303
PNW81702,1610,1430.308,0.000000,0.000
PNW81703,1613,1433.308,0.000000,0.000
PNW81795,2536,2356.308,21.861454,357.078
PNW82735,1898,1718.308,15.198909,181.036
PNW82474,3509,3329.308,7.888707,182.059
PNW82323,4954,4774.308,2.235984,74.000
PNW82823,7178,6998.308,0.309995,15.038
PNW83222,1351,1171.308,183.495581,1489.873
PNW82881,3983,3803.308,4.931811,130.023
PNW83099,1824,1644.308,1.140532,13.000
PNW81811,2173,1993.308,4.993696,69.000
PNW81783,2595,2415.308,4.479568,75.000
PNW83045,6463,6283.308,5.866484,255.516
PNW81641,1134,954.308,0.000000,0.000
PNW82125,2311,2131.308,109.667211,1620.226
PNW81977,2880,2700.308,28.464370,532.804
PNW82811,2223,2043.308,5.888209,83.401
PNW82890,4564,4384.308,1.870310,56.842
PNW82718,1012,832.308,18.614314,107.395
PNW82193,412,234.432,0.000000,0.000
PNW81917,1830,1650.308,5.289094,60.506
PNW81918,990,810.312,2.647819,14.873
PNW82336,3555,3375.308,16.412304,384.004
PNW82828,2995,2815.308,4.765456,93.000
PNW82326,2716,2536.308,22.063266,387.904
PNW83025,2237,2057.308,0.350605,5.000
PNW81833,3010,2830.308,10.189038,199.903
PNW82901,5130,4950.308,0.000000,0.000
PNW82899,1135,955.308,0.000000,0.000
PNW82900,6412,6232.308,0.858605,37.093
PNW81981,5015,4835.308,3.224070,108.064
PNW83164,3278,3098.308,5.261400,113.000
PNW83165,2223,2043.308,0.000000,0.000
PNW82133,3523,3343.308,4.789543,111.000
PNW82135,5497,5317.308,2.172115,80.062
PNW82225,1502,1322.308,32.112193,294.344
PNW83024,2577,2397.308,5.717244,95.009
PNW82759,3683,3503.308,0.905924,22.000
PNW83121,3398,3218.308,17.115727,381.835
PNW82703,1224,1044.308,50.177185,363.235
PNW82480,2619,2439.308,0.000000,0.000
PNW82185,1856,1676.308,3.593606,41.758
PNW82158,2308,2128.308,0.000000,0.000
PNW82159,2545,2365.308,0.247716,4.062
PNW82861,2621,2441.308,5.391153,91.234
PNW82787,3455,3275.308,0.308314,7.000
PNW81964,2509,2329.308,0.061933,1.000
PNW81778,886,706.367,783.436523,3836.072
PNW82084,2184,2004.308,0.791727,11.000
PNW82797,2200,2020.308,209.033614,2927.429
PNW83189,2918,2738.308,32.136758,610.010
PNW82142,1194,1014.308,0.142226,1.000
PNW82873,2334,2154.308,0.870528,13.000
PNW81942,2103,1923.308,9.800040,130.656
PNW82935,1964,1784.308,8.974299,111.000
PNW81921,2700,2520.308,7.730507,135.056
PNW81636,3279,3099.308,2.978949,64.000
PNW82419,1205,1025.308,0.000000,0.000
PNW82418,6933,6753.308,0.000000,0.000
PNW83041,1156,976.308,636.993059,4310.962
PNW81635,5883,5703.308,0.000000,0.000
PNW81781,6507,6327.308,0.147745,6.480
PNW81780,6881,6701.308,0.247991,11.520
PNW81747,5195,5015.308,0.086292,3.000
PNW82020,2400,2220.308,1.299464,20.000
PNW82723,4628,4448.308,3.664638,113.000
PNW81572,3820,3640.308,0.000000,0.000
PNW83116,4653,4473.308,2.366698,73.388
PNW81677,4118,3938.308,1.609947,43.952
PNW82473,4127,3947.308,0.328919,9.000
PNW81726,1322,1142.308,1948.393788,15428.106
PNW82256,3046,2866.308,0.601952,11.960
PNW82893,7028,6848.308,10.919082,518.349
PNW82892,6998,6818.308,0.000000,0.000
PNW82859,2537,2357.308,6.119719,100.000
PNW82528,1100,920.308,8.778133,56.000
PNW82059,2163,1983.308,14.550216,200.038
PNW81721,1784,1604.308,1016.731487,11306.980
PNW81728,3126,2946.308,0.000000,0.000
PNW82130,2231,2051.308,17.591845,250.147
PNW82783,2471,2291.308,353.334012,5612.050
PNW82499,2379,2199.308,14.315533,218.246
PNW83157,2673,2493.308,100.887317,1743.673
PNW82624,5432,5252.308,0.769919,28.032
PNW82651,5132,4952.308,5.916869,203.120
PNW82362,4559,4379.308,3.722377,113.000
PNW81604,874,694.383,0.000000,0.000
PNW82630,2378,2198.308,32.385668,493.508
PNW82708,7334,7154.308,0.040328,2.000
PNW82226,2193,2013.308,4.473142,62.427
PNW82228,1566,1386.308,0.000000,0.000
PNW82227,2296,2116.308,1.675032,24.573
PNW81827,1983,1803.308,22.880917,286.020
PNW82592,3464,3284.308,5.446597,124.000
PNW82839,1367,1187.308,102.707909,845.318
PNW82071,1955,1775.308,10.648345,131.041
PNW81862,1329,1149.308,7.659753,61.024
PNW83091,3951,3771.308,1.147563,30.000
PNW82365,4550,4370.308,4.463271,135.213
PNW82413,3574,3394.308,0.000000,0.000
PNW83118,3807,3627.308,7.853399,197.467
PNW81603,5841,5661.308,4.390505,172.299
PNW82520,1890,1710.308,106.255469,1259.732
PNW81824,2127,1947.308,104.068796,1404.778
PNW82736,6231,6051.308,0.262235,11.000
PNW82388,4082,3891.308,0.079592,2.147
PNW82544,1695,1515.308,3.046467,32.000
PNW82111,1593,1413.308,11.138054,109.119
PNW81860,2502,2322.308,2152.987468,34658.830
PNW81859,1215,1035.308,1094.987054,7858.347
PNW82782,2597,2417.308,12.627139,211.587
PNW82929,1922,1742.308,4.619485,55.792
PNW81915,2168,1988.308,3.839310,52.916
PNW81772,2626,2446.308,0.471766,8.000
PNW82100,1217,1037.308,0.000000,0.000
PNW82278,4719,4539.308,61.155516,1924.322
PNW82643,3247,3067.308,1.035114,22.009
PNW83021,5983,5803.308,3.984840,160.302
PNW83210,2239,2059.308,5.584787,79.722
PNW81613,4228,4048.308,0.000000,0.000
PNW81713,1736,1556.308,0.000000,0.000
PNW82675,4592,4412.308,0.228866,7.000
PNW81896,4618,4438.308,6.598266,203.002
PNW81972,3705,3525.308,0.000000,0.000
PNW81971,3665,3485.308,0.289737,7.000
PNW82321,2361,2181.308,256.301236,3875.433
PNW82503,1824,1644.308,1.052799,12.000
PNW82382,743,563.516,0.000000,0.000
PNW82381,970,790.315,0.000000,0.000
PNW82772,2971,2791.308,0.465138,9.000
PNW82773,2313,2133.308,0.000000,0.000
PNW82705,2740,2560.308,5.634568,100.001
PNW81897,1166,986.308,0.146263,1.000
PNW81574,2401,2221.308,34.080120,524.762
PNW82459,2508,2328.308,5.576343,90.000
PNW82152,2049,1869.308,7.988414,103.513
PNW81612,7053,6873.308,0.000000,0.000
PNW82141,736,556.521,0.259218,1.000
PNW81775,2286,2106.308,0.821877,12.000
PNW82286,1138,958.308,51.138289,339.707
PNW82010,3581,3401.308,102.747142,2422.525
PNW81542,6112,5932.308,6.713258,276.064
PNW82561,656,476.591,0.000000,0.000
PNW81878,2702,2522.308,1.372652,24.000
PNW82189,1806,1626.308,0.000000,0.000
PNW82696,1910,1730.308,7.920409,95.000
PNW82875,2004,1824.308,6.881550,87.024
PNW82876,1414,1234.308,8.295410,70.976
PNW82409,8862,8682.308,0.073515,4.424
PNW81756,5437,5257.308,311.806804,11363.224
PNW82960,1928,1748.308,3.682066,44.623
PNW82161,1322,1142.308,0.000000,0.000
PNW83213,12582,12402.308,2.080851,178.894
PNW81637,3194,3014.308,9.045272,189.000
PNW81850,2673,2493.308,0.636450,11.000
PNW81838,4332,4152.308,0.317805,9.148
PNW82139,1112,932.308,0.000000,0.000
PNW81521,1185,1005.308,0.155946,1.087
PNW81522,583,403.738,0.000000,0.000
PNW81733,1405,1225.308,3.649943,31.002
PNW82290,6724,6544.308,8.166513,370.470
PNW82291,6949,6769.308,0.000000,0.000
PNW83188,3234,3054.308,5.255728,111.275
PNW82358,2635,2455.308,0.881361,15.001
PNW82882,2547,2367.308,0.670325,11.000
PNW82204,2442,2262.308,30.684190,481.193
PNW82436,883,703.368,0.615299,3.000
PNW81492,721,541.533,27.704841,104.000
PNW82005,2384,2204.308,6.686635,102.172
PNW82163,532,352.903,0.000000,0.000
PNW82284,6516,6336.308,1.935219,85.000
PNW82803,1056,876.308,0.824564,5.009
PNW81581,1092,912.308,463.624441,2931.976
PNW81630,3378,3198.308,0.000000,0.000
PNW81631,3778,3598.308,0.000000,0.000
PNW82469,2025,1845.308,8.364930,107.000
PNW82013,3299,3119.308,21.474507,464.338
PNW83042,2233,2053.308,5.690866,81.000
PNW81683,2311,2131.308,0.000000,0.000
PNW82173,3322,3142.308,8.583188,186.961
PNW82299,1184,1004.308,156.480426,1089.381
PNW82029,2012,1832.308,7.846606,99.663
PNW82037,2524,2344.308,0.246146,4.000
PNW82443,7254,7074.308,1.223531,60.000
PNW83080,1225,1045.308,0.000000,0.000
PNW82535,3448,3268.308,3.045605,69.000
PNW83074,2448,2268.308,11.638486,183.000
PNW81543,8048,7868.308,114.479345,6243.973
PNW82122,4968,4788.308,2.139064,71.000
PNW81672,2716,2536.308,0.000000,0.000
PNW81814,7770,7590.308,1.064329,56.000
PNW81946,4278,4098.308,0.176000,5.000
PNW81945,1582,1402.308,0.000000,0.000
PNW82331,2826,2646.308,5.614972,103.001
PNW82072,3083,2903.308,0.000000,0.000
PNW82681,2728,2548.308,2.943867,52.002
PNW83084,3702,3522.308,6.580700,160.676
PNW82702,1288,1108.308,2.473093,19.000
PNW82434,1529,1349.308,108.050755,1010.628
PNW82871,8946,8766.308,4.525491,275.001
PNW82116,2627,2447.308,13.794088,234.010
PNW83219,3620,3440.308,5.954406,142.000
PNW82694,5687,5507.308,5.530833,211.146
PNW82475,4417,4237.308,7.201529,211.528
PNW83141,1932,1752.308,47.761981,580.157
PNW81676,2238,2058.308,0.000000,0.000
PNW82913,3545,3365.308,21.602212,503.936
PNW81680,2465,2285.308,7.070021,112.000
PNW81582,2250,2070.308,38.054068,546.121
PNW82649,2346,2166.308,20.378436,306.016
PNW82058,4401,4221.308,0.375918,11.000
PNW82255,4409,4229.308,6.826647,200.138
PNW83037,2066,1886.308,6.806515,89.000
PNW81842,5017,4837.308,2.862958,96.000
PNW82080,1155,975.308,2513.838220,16995.415
PNW82562,2580,2400.308,22.061546,367.076
PNW82277,2300,2120.308,26.078369,383.294
PNW81740,2447,2267.308,6.299007,99.000
PNW81873,1290,1110.308,95.630987,736.029
PNW82363,2058,1878.308,3.230225,42.058
PNW82595,1483,1303.308,222.076013,2006.325
PNW81618,6070,5890.308,0.000000,0.000
PNW81617,3151,2971.308,0.000000,0.000
PNW82117,2186,2006.308,18.721324,260.367
PNW82221,1211,1031.308,0.000000,0.000
PNW82559,3814,3634.308,7.650277,192.731
PNW81849,1334,1154.308,8.748300,70.000
PNW82768,8168,7988.308,0.704299,39.000
PNW82764,1616,1436.308,20.897067,208.059
PNW82114,6249,6069.308,8.971889,377.464
PNW82181,3123,2943.308,1.715457,35.000
PNW81854,12054,11874.308,3.535348,291.000
PNW81813,1576,1396.308,3.616048,35.000
PNW82615,2862,2682.308,0.752951,14.000
PNW82692,3651,3471.308,13.491128,324.634
PNW81558,2436,2256.308,65.415390,1023.130
PNW82423,2179,1999.308,0.000000,0.000
PNW82422,1888,1708.308,2.645504,31.328
PNW82518,1160,980.308,0.294317,2.000
PNW82354,1005,825.308,0.000000,0.000
PNW82353,1258,1078.308,0.000000,0.000
PNW82073,1113,933.308,2939.479619,19017.268
PNW81620,779,599.490,7.702100,32.007
PNW82285,8878,8698.308,2.007345,121.035
PNW82863,3029,2849.308,4.252921,84.000
PNW81674,2742,2562.308,0.112602,2.000
PNW81798,8161,7981.308,1.084503,60.001
PNW81791,1813,1633.308,50.335350,569.894
PNW82166,6007,5827.308,0.000000,0.000
PNW82167,6010,5830.308,1.286647,52.000
PNW83018,7150,6970.308,0.827862,40.000
PNW81662,1332,1152.308,1.502312,12.000
PNW82698,1515,1335.308,22.906117,212.024
PNW82306,1137,957.308,261.169362,1733.112
PNW82872,19253,19073.308,2.095085,277.000
PNW82632,3579,3399.308,0.636573,15.000
PNW82821,3698,3518.308,7.339983,179.012
PNW81776,6349,6169.308,2.712495,116.000
PNW82817,1323,1143.308,3.280632,26.000
PNW82926,5568,5388.308,0.348047,13.000
PNW83061,6194,6014.308,4.293872,179.014
PNW82862,1644,1464.308,0.000000,0.000
PNW83209,13459,13279.308,0.336793,31.002
PNW82814,715,535.539,0.000000,0.000
PNW81757,1324,1144.308,76.342397,605.566
PNW82337,6807,6627.308,1.567464,72.009
PNW81682,2358,2178.308,1.721874,26.000
PNW81969,2711,2531.308,8.206631,144.000
PNW81887,2563,2383.308,0.000000,0.000
PNW82556,3533,3353.308,27.721821,644.388
PNW81615,1913,1733.308,0.000000,0.000
PNW81919,2600,2420.308,41.877889,702.600
PNW82887,1121,941.308,0.000000,0.000
PNW81551,5570,5390.308,2.676294,100.000
PNW82993,4292,4112.308,17.101277,487.491
PNW82992,4245,4065.308,5.956391,167.853
PNW82994,2424,2244.308,0.000000,0.000
PNW82577,3320,3140.308,33.277096,724.386
PNW82628,1228,1048.308,10.045725,73.000
PNW81537,5446,5266.308,0.000000,0.000
PNW81538,3717,3537.308,0.000000,0.000
PNW81536,5260,5080.308,0.028396,1.000
PNW82700,6843,6663.308,2.013448,93.000
PNW82799,1876,1696.308,169.246845,1990.114
PNW82748,1718,1538.308,16.224068,173.004
PNW82852,1692,1512.308,0.000000,0.000
PNW82281,5371,5191.308,1.949095,70.139
PNW81552,1394,1214.308,33.744511,284.043
PNW81819,1451,1271.308,35.064670,309.010
PNW81686,1217,1037.308,634.422896,4561.831
PNW82531,3230,3050.308,2.710776,57.318
PNW82714,6269,6089.308,4.063014,171.502
PNW82715,4152,3972.308,0.453891,12.498
PNW81976,3238,3058.308,2.547182,54.000
PNW82492,3104,2924.308,81.691977,1655.980
PNW81646,1906,1726.308,1.420620,17.000
PNW82812,1296,1116.308,0.000000,0.000
PNW82997,3905,3725.308,22.899902,591.355
PNW82998,4041,3861.308,0.000000,0.000
PNW82249,1968,1788.308,5.646809,70.000
PNW82313,4683,4503.308,13.955323,435.636
PNW81527,1519,1339.308,32.565890,302.340
PNW82032,3682,3502.308,48.148577,1168.935
PNW81530,2013,1833.308,21.383399,271.747
PNW82250,2904,2724.308,138.102824,2608.023
PNW81968,432,253.936,0.000000,0.000
PNW82917,1372,1192.308,1.814045,14.993
PNW82596,5396,5216.308,1.383237,50.016
PNW82230,622,442.639,1.170184,3.591
PNW82231,1252,1072.308,0.000000,0.000
PNW82669,2112,1932.308,33.577343,449.754
PNW82339,1999,1819.308,3.625856,45.727
PNW82666,3397,3217.308,12.631582,281.710
PNW82457,1184,1004.308,43.056393,299.749
PNW81607,981,801.313,0.000000,0.000
PNW81608,1121,941.308,0.000000,0.000
PNW82706,4709,4529.308,14.141887,444.009
PNW82479,1529,1349.308,5.238807,49.000
PNW82712,1495,1315.308,8.471911,77.243
PNW82383,6330,6150.308,0.891321,38.000
PNW83046,2182,2002.308,13.328714,185.000
PNW83092,1524,1344.308,1.696435,15.808
PNW81577,2208,2028.308,37.014218,520.421
PNW82393,1242,1062.308,0.000000,0.000
PNW82983,10563,10383.308,7.753884,558.094
PNW83172,18406,18226.308,0.522387,66.000
PNW83177,25739,25559.308,2.100579,372.169
PNW82062,1224,1044.308,3.730073,27.002
PNW81927,1094,914.308,6.153460,39.000
PNW82699,1949,1769.308,14.369764,176.240
PNW83151,2803,2623.308,13.033063,237.000
PNW82271,3219,3039.308,44.740823,942.608
PNW81525,3052,2872.308,3.375403,67.206
PNW81974,1945,1765.308,0.000000,0.000
PNW81975,1768,1588.308,11.988317,131.991
PNW82194,6018,5838.308,1.413967,57.224
PNW82030,6154,5974.308,1.690277,70.000
PNW83102,2246,2066.308,15.220461,218.010
PNW82348,1883,1703.308,49.752017,587.430
PNW82253,2073,1893.308,18.033696,236.678
PNW82733,3764,3584.308,12.170636,302.393
PNW82732,3756,3576.308,3.302474,81.870
PNW82734,2583,2403.308,0.000000,0.000
PNW83026,2710,2530.308,1.824417,32.000
PNW81667,1819,1639.308,30.712304,349.000
PNW81895,2845,2665.308,10.811363,199.747
PNW82629,4970,4790.308,5.421005,180.010
PNW81586,2865,2685.308,16.848700,313.627
PNW81587,2868,2688.308,7.695067,143.398
PNW82224,2394,2214.308,4.886193,75.000
PNW81889,1042,862.308,0.000000,0.000
PNW81714,5475,5295.308,0.027243,1.000
PNW81904,2608,2428.308,17.941163,302.000
PNW81499,975,795.314,30.277636,166.922
PNW82903,2818,2638.308,10.060940,184.000
PNW82981,2843,2663.308,23.688834,437.338
PNW82982,1635,1455.308,11.032970,111.301
PNW83131,1051,871.308,41.112738,248.314
PNW83217,3893,3713.308,3.224516,83.000
PNW82024,4503,4323.308,3.704202,111.010
PNW81890,6546,6366.308,3.558089,157.021
PNW81962,3133,2953.308,10.795755,221.011
PNW81884,1856,1676.308,43.697322,507.763
PNW82385,1484,1304.308,17.701256,160.043
PNW83062,4036,3856.308,1.010051,27.000
PNW81992,1821,1641.308,2.021553,23.000
PNW81883,1888,1708.308,1.857828,22.000
PNW82452,2470,2290.308,2.204593,35.001
PNW82912,2105,1925.308,9.935944,132.606
PNW82833,2066,1886.308,53.257714,696.382
PNW82980,6166,5986.308,6.034595,250.415
PNW81696,2963,2783.308,0.000000,0.000
PNW82943,6468,6288.308,1.795181,78.252
PNW81998,2690,2510.308,4.231519,73.634
PNW81997,204,55.421,3.540489,1.360
PNW81910,3123,2943.308,6.279175,128.112
PNW82495,4594,4414.308,2.026239,62.002
PNW81786,2826,2646.308,17.829861,327.070
PNW82961,2942,2762.308,0.000000,0.000
PNW82868,4760,4580.308,0.000000,0.000
PNW82867,4889,4709.308,3.584068,117.000
PNW82869,5180,5000.308,0.000000,0.000
PNW82218,5150,4970.308,0.522440,18.000
PNW82855,7707,7527.308,1.149897,60.000
PNW81692,1840,1660.308,15.146203,174.319
PNW82485,1407,1227.308,85.339750,726.035
PNW82966,4447,4267.308,18.084802,534.959
PNW82184,2029,1849.308,3.667057,47.009
PNW82453,6577,6397.308,2.333137,103.464
PNW82964,3286,3106.308,18.136445,390.525
PNW81877,1684,1504.308,330.148159,3442.693
PNW82585,2440,2260.308,2.935875,46.000
PNW81660,8747,8567.308,2.790606,165.728
PNW81659,2427,2247.308,11.829333,184.279
PNW81580,3895,3715.308,2.756836,71.000
PNW82677,3102,2922.308,2.854903,57.832
PNW81510,3147,2967.308,1.528971,31.450
PNW81511,3761,3581.308,0.951083,23.611
PNW82837,2591,2411.308,18.502019,309.260
PNW82938,1952,1772.308,0.000000,0.000
PNW83167,12285,12105.308,1.948683,163.520
PNW83168,11043,10863.308,0.099384,7.484
PNW82771,3632,3452.308,0.000000,0.000
PNW82107,1816,1636.308,0.000000,0.000
PNW81984,3292,3112.308,4.809843,103.769
PNW81872,5225,5045.308,7.424682,259.668
PNW81894,522,342.961,0.420632,1.000
PNW82494,6812,6632.308,1.044057,48.000
PNW81758,1416,1236.308,23.212149,198.927
PNW82211,1934,1754.308,1.397946,17.000
PNW81590,1397,1217.308,0.000000,0.000
PNW81592,2440,2260.308,0.065210,1.022
PNW81591,3686,3506.308,0.000000,0.000
PNW82760,3688,3508.308,5.921234,144.000
PNW81523,3448,3268.308,1885.408593,42715.060
PNW81738,2637,2457.308,3.287576,56.000
PNW81634,6697,6517.308,0.000000,0.000
PNW82027,1476,1296.308,0.000000,0.000
PNW83073,3615,3435.308,29.889323,711.761
PNW81701,2362,2182.308,5.883305,89.000
PNW81777,3513,3333.308,14.792037,341.787
PNW82335,1511,1331.308,2.925719,27.000
PNW82359,3155,2975.308,1.309119,27.000
PNW83130,4571,4391.308,4.796301,146.000
PNW82102,1066,886.308,0.000000,0.000
PNW82140,1006,826.308,0.000000,0.000
PNW81796,3241,3061.308,1.837829,39.000
PNW81832,2819,2639.308,29.911500,547.244
PNW83112,1022,842.308,14.368195,83.893
PNW81520,3727,3547.308,189.267406,4654.010
PNW82661,1299,1119.308,4.510927,35.000
PNW83066,1968,1788.308,0.597910,7.412
PNW83067,1684,1504.308,1.015556,10.590
PNW81693,1996,1816.308,0.000000,0.000
PNW81694,2923,2743.308,0.000000,0.000
PNW83137,2707,2527.308,0.171242,3.000
PNW82197,3034,2854.308,0.303248,6.000
PNW82198,2070,1890.308,0.000000,0.000
PNW82670,1375,1195.308,14.241970,118.006
PNW81909,2038,1858.308,470.968879,6066.839
PNW82502,3989,3809.308,1.098245,29.000
PNW82303,1935,1755.308,4.931117,60.000
PNW82137,2041,1861.308,44.117114,569.217
PNW82754,3519,3339.308,0.604810,14.000
PNW82921,1299,1119.308,12.372862,96.000
PNW81766,805,625.473,0.000000,0.000
PNW82045,555,375.819,0.000000,0.000
PNW82427,2900,2720.308,14.530487,274.000
PNW83170,1792,1612.308,17.536963,196.000
PNW81834,4336,4156.308,1.776458,51.182
PNW82987,4077,3897.308,3.886619,105.000
PNW82389,1710,1530.308,0.180141,1.911
PNW82545,1170,990.308,31.693816,217.569
PNW81762,5184,5004.308,24.489219,849.516
PNW82690,2255,2075.308,12.619605,181.544
PNW82288,1326,1146.308,0.000000,0.000
PNW82289,1016,836.308,0.000000,0.000
PNW82004,4206,4026.308,2.578921,71.978
PNW82483,772,592.496,8.278299,34.000
PNW82048,1424,1244.308,4.916724,42.409
PNW82435,1340,1160.308,107.195332,862.188
PNW83057,4244,4064.308,0.141978,4.000
PNW82654,4110,3930.308,0.403751,11.000
PNW82112,2342,2162.308,0.867308,13.000
PNW82907,1969,1789.308,17.817820,221.000
PNW82746,1452,1272.308,1.684751,14.859
PNW81782,3779,3599.308,5.170438,129.003
PNW82933,1977,1797.308,7.106854,88.543
PNW82977,5151,4971.308,1.299092,44.768
PNW82785,9267,9087.308,0.460373,29.000
PNW82248,5365,5185.308,1.768649,63.572
PNW82716,1548,1368.308,12.757010,121.000
PNW81983,6019,5839.308,2.379901,96.333
PNW82063,1387,1207.308,8.006957,67.010
PNW81566,2691,2511.308,8.386878,146.000
PNW82444,1068,888.308,0.162399,1.000
PNW82490,1881,1701.308,2.967785,35.000
PNW81951,2857,2677.308,18.878448,350.362
PNW82077,1730,1550.308,4577.139682,49188.634
PNW82349,5186,5006.308,0.893288,31.000
PNW83027,2591,2411.308,2.865176,47.891
PNW81885,576,396.751,0.000000,0.000
PNW81933,5831,5651.308,2.271915,89.001
PNW83005,2305,2125.308,41.829221,616.246
PNW83117,2510,2330.308,1.798070,29.045
PNW83016,2380,2200.308,1.180148,18.000
PNW81839,2784,2604.308,0.000000,0.000
PNW82588,4188,4008.308,1.115702,31.000
PNW82726,1923,1743.308,2.724083,32.919
PNW82727,1935,1755.308,2.390028,29.081
PNW82294,2504,2324.308,5.794126,93.354
PNW82347,3232,3052.308,0.897992,19.000
PNW83039,8577,8397.308,1.528964,89.000
PNW82279,6711,6531.308,3.402437,154.043
PNW81627,1672,1492.308,2.910804,30.111
PNW81666,1615,1435.308,12.463039,124.000
PNW82162,886,706.367,0.408458,2.000
PNW82123,876,696.381,6.836198,33.000
PNW82387,4646,4466.308,0.043544,1.348
PNW82919,1679,1499.308,92.117915,957.387
PNW81563,2178,1998.308,7.536194,104.392
PNW81903,552,372.829,0.000000,0.000
PNW81624,5175,4995.308,0.000000,0.000
PNW82240,4539,4359.308,0.397110,12.000
PNW82707,7232,7052.308,2.795071,136.640
PNW82049,1419,1239.308,20.140404,173.021
PNW81731,2120,1940.308,6.096641,82.000
PNW81845,2209,2029.308,97.410318,1370.268
PNW81996,1734,1554.308,168.831296,1819.042
PNW81605,2993,2813.308,0.000000,0.000
PNW82579,2753,2573.308,102.999765,1837.302
PNW81540,2584,2404.308,44.643099,744.041
PNW81541,1200,1020.308,5.464094,38.646
PNW82360,2294,2114.308,9.006439,132.000
PNW83208,2374,2194.308,0.920403,14.000
PNW81534,1519,1339.308,0.107713,1.000
PNW82804,572,392.762,0.000000,0.000
PNW81837,4972,4792.308,0.501831,16.671
PNW83197,428,250.025,5744.754312,9956.526
PNW83198,527,347.930,4.228498,10.198
PNW82593,2769,2589.308,0.000000,0.000
PNW82594,4884,4704.308,0.522500,17.039
PNW81550,1610,1430.308,47.553994,471.486
PNW82156,1885,1705.308,9.009242,106.499
PNW82534,1766,1586.308,1.273174,14.000
PNW83078,1480,1300.308,0.000000,0.000
PNW82136,2826,2646.308,12.322796,226.049
PNW82237,4344,4164.308,2.702383,78.009
PNW82731,2365,2185.308,13.970738,211.634
PNW82564,2544,2364.308,157.113864,2574.964
PNW81893,881,701.370,0.000000,0.000
PNW82911,2578,2398.308,1.142978,19.002
PNW82769,2686,2506.308,1.029431,17.885
PNW82952,1397,1217.308,8.769576,74.000
PNW81705,1672,1492.308,0.000000,0.000
PNW81704,441,262.762,0.000000,0.000
PNW83113,2875,2695.308,8.957827,167.365
PNW82496,783,603.488,0.478089,2.000
PNW81947,1345,1165.308,70.235977,567.353
PNW82642,7233,7053.308,4.323633,211.395
PNW83158,1370,1190.308,2.909263,24.005
PNW83206,1917,1737.308,2.408067,29.000
PNW83013,9906,9726.308,3.098666,208.918
PNW82555,2158,1978.308,28.953775,397.056
PNW82762,2300,2120.308,1.905051,28.000
PNW82380,2625,2445.308,0.117990,2.000
PNW81596,1511,1331.308,1.646387,15.194
PNW82108,1282,1102.308,0.000000,0.000
PNW82236,4569,4389.308,44.024181,1339.491
PNW82856,2446,2266.308,52.923174,831.414
PNW82104,8599,8419.308,3.675860,214.530
PNW82962,6285,6105.308,23.053714,975.666
PNW81717,2251,2071.308,1.114353,16.000
PNW83097,2377,2197.308,13.985345,213.018
PNW82612,5144,4964.308,0.000000,0.000
PNW82432,3633,3453.308,18.841886,451.037
PNW82603,1785,1605.308,7.908092,88.000
PNW82524,4501,4321.308,1.869478,56.000
PNW82685,7996,7816.308,2.491680,135.004
PNW83089,414,236.377,32.243948,52.833
PNW83090,1766,1586.308,24.701439,271.620
PNW82530,1871,1691.308,20.385713,239.002
PNW83030,4520,4340.308,0.066475,2.000
PNW82342,5813,5633.308,5.596387,218.536
PNW82403,4796,4599.308,0.031366,1.000
PNW82832,4034,3854.308,0.299427,8.000
PNW82915,1732,1552.308,0.000000,0.000
PNW81799,2064,1884.308,0.000000,0.000
PNW81490,2587,2407.308,0.000000,0.000
PNW82280,1257,1077.308,31.110213,232.325
PNW81844,1586,1406.308,38.372567,374.071
PNW81578,2943,2763.308,54.909411,1051.789
PNW81526,13549,13369.308,27.615504,2559.260
PNW81609,2110,1930.308,0.193537,2.590
PNW82513,3195,3015.308,16.175742,338.103
PNW82318,3691,3511.308,0.451930,11.000
PNW82591,1941,1761.308,4662.093809,56920.527
PNW81638,1299,1119.308,0.000000,0.000
PNW81963,1603,1423.308,37.329512,368.302
PNW81952,3279,3099.308,5.073518,109.000
PNW82541,1376,1196.308,28.338757,235.005
PNW81906,2412,2232.308,10.108643,156.423
PNW81905,2007,1827.308,3.014660,38.186
PNW83004,2436,2256.308,73.706076,1152.801
PNW81531,4485,4305.308,0.000000,0.000
PNW81598,10401,10221.308,5.518458,391.000
PNW82686,1520,1340.308,14.997766,139.343
PNW81706,1731,1551.308,0.185986,2.000
PNW81950,3808,3628.308,0.000000,0.000
PNW81949,3560,3380.308,16.605032,389.089
PNW82374,1879,1699.308,10.905830,128.465
PNW81789,1127,947.308,0.000000,0.000
PNW81788,492,313.148,0.460678,1.000
PNW81643,985,805.313,0.971834,5.425
PNW82366,5499,5319.308,2.956254,109.006
PNW82550,1190,1010.308,10.995425,77.005
PNW81779,2023,1843.308,2042.398286,26097.021
PNW82590,1854,1674.308,19.900156,230.964
PNW81988,3897,3717.308,0.155231,4.000
PNW82292,2786,2606.308,1.328412,24.000
PNW81710,2530,2350.308,5.585525,91.000
PNW81518,3742,3562.308,0.080993,2.000
PNW82205,3661,3481.308,10.609756,256.036
PNW81790,2472,2292.308,36.124147,574.015
PNW81816,1540,1360.308,26.550817,250.362
PNW83095,2167,1987.308,493.529970,6798.785
PNW82971,1258,1078.308,1.997235,14.929
PNW82126,2299,2119.308,399.948664,5875.582
PNW82786,3095,2915.308,13.855635,280.003
PNW82963,1376,1196.308,0.000000,0.000
PNW81585,3273,3093.308,6.016085,129.000
PNW81529,2652,2472.308,20.149598,345.320
PNW82625,2302,2122.308,16.875828,248.271
PNW81982,2246,2066.308,1.256680,18.000
PNW82371,1883,1703.308,7.792143,92.003
PNW82647,6898,6718.308,8.635195,402.147
PNW81576,1725,1545.308,31.436795,336.749
PNW83019,2081,1901.308,19.955277,263.004
PNW82096,1629,1449.308,0.099537,1.000
PNW82282,1897,1717.308,2.352108,28.000
PNW82898,1049,869.308,3.816818,23.000
PNW82176,3961,3781.308,1.983850,52.000
PNW82242,2007,1827.308,8.570065,108.555
PNW81986,3571,3391.308,94.371253,2218.500
PNW82178,4532,4352.308,6.131963,185.000
PNW82433,2435,2255.308,14.584861,228.014
PNW82888,1644,1464.308,296.927931,3013.950
PNW81709,7769,7589.308,0.608268,32.000
PNW82512,1024,844.308,27.350962,160.076
PNW82068,5037,4857.308,3.237379,109.004
PNW82738,4599,4419.308,25.176949,771.276
PNW82471,5253,5073.308,13.000622,457.202
PNW83143,2823,2643.308,2.394832,43.881
PNW83142,2793,2613.308,3.539519,64.119
PNW83105,832,652.436,0.000000,0.000
PNW81698,6916,6736.308,0.000000,0.000
PNW81699,6913,6733.308,0.448066,20.913
PNW81690,3464,3284.308,13.346172,303.846
PNW82737,2575,2395.308,8.765493,145.543
PNW83014,5335,5155.308,2.686667,96.011
PNW83020,1409,1229.308,2.229668,19.000
PNW83148,1182,1002.308,101.163085,702.871
PNW82789,4216,4036.308,0.964999,27.000
PNW82375,8255,8075.308,0.053616,3.001
PNW82039,546,366.849,0.000000,0.000
PNW82601,1860,1680.308,1.459675,17.002
PNW82506,1833,1653.308,3.228460,37.000
PNW82370,5032,4852.308,6.081162,204.544
PNW83098,1580,1400.308,0.000000,0.000
PNW81851,2974,2794.308,13.164897,255.002
PNW83187,2409,2229.308,9.965592,154.002
PNW82567,3477,3297.308,88.785804,2029.344
PNW83207,3495,3315.308,0.043513,1.000
PNW82118,616,436.655,0.000000,0.000
PNW82679,8410,8230.308,2.278680,130.003
PNW82965,1462,1282.308,0.120295,1.069
PNW81507,1476,1296.308,0.000000,0.000
PNW82510,2874,2694.308,0.535427,10.000
PNW82509,3461,3281.308,0.000000,0.000
PNW82501,4899,4719.308,1.743057,57.022
PNW82254,1549,1369.308,1.053528,10.000
PNW81565,2656,2476.308,27.380453,470.000
PNW82113,1353,1173.308,37.633629,306.084
PNW82431,1482,1302.308,5.538647,50.000
PNW82657,2648,2468.308,2.220914,38.000
PNW81715,2931,2751.308,27.389760,522.372
PNW81739,3593,3413.308,0.295849,7.000
PNW81560,895,715.361,0.604983,3.000
PNW81493,3283,3103.308,12.932545,278.203
PNW81621,5723,5543.308,0.000000,0.000
PNW82267,3034,2854.308,123.048057,2434.603
PNW82805,1857,1677.308,642.444433,7469.663
PNW81535,4075,3895.308,8.406818,227.000
PNW81661,3694,3514.308,35.080478,854.590
PNW81939,1502,1322.308,17.785666,163.025
PNW82500,3781,3601.308,6.649596,166.000
PNW81548,1858,1678.308,34.382975,400.007
PNW83106,2472,2292.308,10.715092,170.263
PNW83139,3190,3010.308,0.000000,0.000
PNW83140,3220,3040.308,1.565827,33.000
PNW81654,1942,1762.308,4.092942,50.000
PNW82101,852,672.416,0.000000,0.000
PNW82609,2138,1958.308,4.567330,62.001
PNW81752,3342,3162.308,3.512643,77.000
PNW82067,916,736.339,6.857053,35.000
PNW82324,1236,1056.308,2422.959612,17741.462
PNW82936,6404,6224.308,1.668741,72.000
PNW82792,3074,2894.308,14.437798,289.667
PNW82036,6395,6215.308,12.423208,535.240
PNW81669,2937,2757.308,4.607456,88.064
PNW82511,2126,1946.308,24.612523,332.063
PNW82060,2416,2236.308,111.740841,1732.192
PNW82262,3783,3603.308,3.242881,81.000
PNW82011,4100,3920.308,0.000000,0.000
PNW81663,3377,3197.308,14.817152,328.399
PNW82984,2554,2374.308,0.060759,1.000
PNW82758,1525,1345.308,21.126499,197.016
PNW82582,7092,6912.308,0.000000,0.000
PNW82581,7874,7694.308,0.393729,21.000
PNW81911,1009,829.308,5.740443,33.000
PNW82676,3567,3387.308,1.625510,38.168
PNW81928,936,756.328,0.190738,1.000
PNW83029,1204,1024.308,39.836952,282.859
PNW81993,2955,2775.308,1.559400,30.000
PNW82765,2485,2305.308,147.467832,2356.562
PNW81959,642,462.608,0.623683,2.000
PNW81846,4096,3916.308,4.088779,111.000
PNW83100,4137,3957.308,8.680358,238.117
PNW82229,3745,3565.308,11.733512,289.986
PNW83155,1896,1716.308,0.252158,3.000
PNW82300,2468,2288.308,15.895872,252.146
PNW82995,644,464.604,0.000000,0.000
PNW81822,1965,1785.308,52.930027,655.040
PNW82940,3335,3155.308,3.985532,87.173
PNW82939,1329,1149.308,1.264891,10.077
PNW83002,3552,3372.308,7.229722,169.006
PNW82022,5074,4894.308,2.093779,71.035
PNW83192,1166,986.308,0.000000,0.000
PNW81651,1446,1266.308,0.000000,0.000
PNW83156,3542,3362.308,16.547100,385.667
PNW82886,5653,5473.308,21.164142,802.977
PNW82257,2685,2505.308,1.094057,19.000
PNW82127,8277,8097.308,3.367336,189.008
PNW82195,1922,1742.308,2.566754,31.000
PNW82155,1677,1497.308,8.473923,87.953
PNW83048,2934,2754.308,4.975790,95.001
PNW82537,1297,1117.308,20.916522,162.000
PNW82238,2589,2409.308,5.868075,98.003
PNW81800,1677,1497.308,9.039437,93.822
PNW82549,10031,9851.308,1.534323,104.776
PNW83051,3973,3793.308,3.958578,104.090
PNW82637,4863,4683.308,6.448854,209.357
PNW82780,3864,3684.308,1.018040,26.000
PNW82143,6848,6668.308,3.418563,158.020
PNW82922,3634,3454.308,4.719162,113.000
PNW81843,5771,5591.308,3.767118,146.008
PNW82996,3485,3305.308,0.152044,3.484
PNW82268,2970,2790.308,9.151801,177.016
PNW82569,4248,4068.308,21.783492,614.319
PNW81774,2072,1892.308,11.061796,145.101
PNW82667,4016,3836.308,73.654800,1958.696
PNW82304,4288,4108.308,0.877858,25.000
PNW82099,4592,4412.308,7.519894,230.001
PNW81961,682,502.568,0.000000,0.000
PNW83010,4976,4796.308,6.010469,199.833
PNW82356,1807,1627.308,114.988465,1297.110
PNW82398,2023,1843.308,0.000000,0.000
PNW82598,4979,4799.308,4.751370,158.070
PNW82781,1566,1386.308,210.663367,2024.424
PNW82451,2393,2213.308,42.733315,655.633
PNW82891,4772,4592.308,27.431592,873.242
PNW82446,2021,1841.308,13.322747,170.049
PNW81626,1623,1443.308,0.000000,0.000
PNW82728,908,728.349,7.678271,38.766
PNW82763,3227,3047.308,19.565325,413.291
PNW83138,1237,1057.308,4677.281710,34280.544
PNW81840,7110,6930.308,0.395502,19.000
PNW82653,11456,11276.308,1.805608,141.138
PNW82565,3772,3592.308,20.205208,503.141
PNW82047,1183,1003.308,0.143785,1.000
PNW82454,2100,1920.308,2.328832,31.000
PNW82460,4884,4704.308,4.231855,138.000
PNW81985,1939,1759.308,4.100684,50.009
PNW82572,3059,2879.308,64.420509,1285.775
PNW82412,5777,5597.308,1.159794,45.000
PNW81599,2675,2495.308,2.312508,40.000
PNW83133,6737,6557.308,6.468170,294.008
PNW82957,5096,4916.308,1.584536,54.000
PNW83109,3309,3129.308,3.031246,65.754
PNW83218,1435,1255.308,7.469825,65.000
PNW81494,2597,2417.308,19.913940,333.689
PNW82932,1113,933.308,43.769622,283.172
PNW82930,919,739.337,16.864439,86.430
PNW82931,315,143.371,118.799702,118.067
PNW81999,1424,1244.308,5.101718,44.004
PNW82638,3237,3057.308,6.322863,134.000
PNW83120,1275,1095.308,0.503149,3.820
PNW83119,2349,2169.308,12.264731,184.430
PNW82065,2021,1841.308,7.051207,90.000
PNW82688,6202,6022.308,3.110108,129.835
PNW82660,2933,2753.308,12.921757,246.620
PNW82316,1670,1490.308,2.206590,22.796
PNW82600,5982,5802.308,0.000000,0.000
PNW82951,2300,2120.308,9.321192,137.001
PNW83136,2532,2352.308,10.554083,172.095
PNW82378,4464,4284.308,0.606151,18.002
PNW81724,5653,5473.308,0.000000,0.000
PNW81723,5650,5470.308,0.158229,6.000
PNW81809,2086,1906.308,0.000000,0.000
PNW82840,709,529.543,31.027300,113.893
PNW82525,1538,1358.308,4.357538,41.029
PNW81532,932,752.329,0.000000,0.000
PNW81533,1071,891.308,0.000000,0.000
PNW81652,3785,3605.308,7.362652,184.005
PNW81517,4344,4164.308,3.152434,91.000
PNW81655,3020,2840.308,56.206492,1106.635
PNW83086,2947,2767.308,7.272219,139.501
PNW83184,2296,2116.308,5.771088,84.662
PNW82838,8076,7896.308,1.004815,55.000
PNW83035,7746,7566.308,1.143973,60.000
PNW83202,1471,1291.308,18.791077,168.203
PNW82798,13321,13141.308,2.996961,273.006
PNW81570,1495,1315.308,16.306905,148.680
PNW82743,3413,3233.308,0.000000,0.000
PNW81528,2527,2347.308,0.222502,3.620
PNW82445,1108,928.308,31.232459,200.979
PNW82652,1728,1548.308,0.652211,7.000
PNW81892,792,612.483,0.235534,1.000
PNW82429,2769,2589.308,0.222856,4.000
PNW82847,3033,2853.308,0.000000,0.000
PNW82807,5202,5022.308,6.980211,243.010
PNW82417,2114,1934.308,0.395134,5.298
PNW82633,1140,960.308,15.926282,106.018
PNW82958,3836,3656.308,0.043428,1.101
PNW81645,885,705.367,0.000000,0.000
PNW82106,1012,832.308,0.000000,0.000
PNW81805,908,728.349,7242.010750,36563.793
PNW81648,2317,2137.308,64.258210,952.025
PNW83028,3180,3000.308,6.694365,139.228
PNW81583,676,496.573,0.000000,0.000
PNW82517,2052,1872.308,0.000000,0.000
PNW82372,3504,3324.308,3.211309,74.001
PNW82040,712,532.541,0.000000,0.000
PNW83008,2401,2221.308,11.173309,172.045
PNW81718,6332,6152.308,14.068086,599.965
PNW81544,1542,1362.308,103.360201,976.071
PNW82361,3388,3208.308,2.877778,64.001
PNW82021,6256,6076.308,4.848499,204.221
PNW83007,3640,3460.308,17.107528,410.350
PNW81600,1632,1452.308,11.919826,120.000
PNW83190,4037,3857.308,0.336593,9.000
PNW82223,1297,1117.308,53.712106,416.004
PNW82455,12900,12720.308,5.542520,488.717
PNW81729,5086,4906.308,0.323434,11.000
PNW82851,4849,4669.308,5.036702,163.024
PNW83072,3343,3163.308,7.023065,154.000
PNW83023,6117,5937.308,2.065270,85.000
PNW82293,3401,3221.308,7.334433,163.776
PNW81711,582,402.740,2849.349279,7954.682
PNW81679,1831,1651.308,0.873613,10.000
PNW81594,1422,1242.308,0.000000,0.000
PNW81861,1450,1270.308,7.268057,64.000
PNW83145,2132,1952.308,409.280292,5538.877
PNW81722,3133,2953.308,2.443618,50.026
PNW81765,1522,1342.308,0.000000,0.000
PNW83081,700,520.550,0.970330,3.501
PNW81519,1989,1809.308,0.318930,4.000
PNW82849,9737,9557.308,0.226414,15.000
PNW82397,2578,2398.308,2.088960,34.729
PNW83054,3663,3483.308,4.887018,118.002
PNW82025,1283,1103.308,16.213332,124.000
PNW83183,2437,2257.308,43.935446,687.477
PNW81665,1369,1189.308,14.555739,120.000
PNW82145,2691,2511.308,1.493554,26.000
PNW81787,1658,1478.308,14.444873,148.024
PNW82553,6367,6187.308,10.468683,449.000
PNW82552,6508,6328.308,0.000000,0.000
PNW82713,1328,1148.308,3260.563289,25953.962
PNW82979,8956,8776.308,0.000091,0.006
PNW82978,8953,8773.308,2.663892,162.007
PNW83075,859,679.409,7.596171,35.775
PNW83186,1801,1621.308,3.930286,44.172
PNW82075,1212,1032.308,0.000000,0.000
PNW82352,1430,1250.308,111.658513,967.746
PNW82351,885,705.367,20.301081,99.263
PNW82664,2513,2333.308,5.997180,97.000
PNW82916,2423,2243.308,0.514456,8.000
PNW81742,8447,8267.308,1.675153,96.000
PNW81857,4498,4318.308,0.467694,14.000
PNW82680,3932,3752.308,10.726380,279.000
PNW83022,6280,6100.308,0.425665,18.000
PNW82232,3846,3666.308,3.425588,87.060
PNW82170,1558,1378.308,0.000000,0.000
PNW82128,2516,2336.308,0.370483,6.000
PNW82627,1552,1372.308,7.568822,72.000
PNW82739,2764,2584.308,3.628573,65.003
PNW81642,590,410.718,0.000000,0.000
PNW83154,1727,1547.308,63.318957,679.146
PNW83169,2480,2300.308,0.376293,6.000
PNW81708,2373,2193.308,16.110457,244.940
PNW81898,2038,1858.308,0.000000,0.000
PNW82420,1842,1662.308,16.057075,185.025
PNW82441,997,817.309,48.563879,275.139
PNW81970,3488,3308.308,3.052387,70.000
PNW82081,770,590.498,292.834775,1198.654
PNW82543,3002,2822.308,11.863978,232.106
PNW81633,970,790.315,0.000000,0.000
PNW82110,472,293.330,0.000000,0.000
PNW82346,4295,4115.308,16.618864,474.085
PNW82235,5750,5570.308,4.920643,190.000
PNW83012,2951,2771.308,11.712890,225.010
PNW82573,1709,1529.308,7.074792,75.000
PNW83212,5206,5026.308,0.774929,27.000
PNW81882,2400,2220.308,13.891817,213.808
PNW82028,3371,3191.308,10.041025,222.126
PNW83065,4086,3906.308,1.514266,41.004
PNW82466,1288,1108.308,20.698158,159.017
PNW81716,3399,3219.308,7.169778,160.000
PNW82086,2122,1942.308,25.674419,345.678
PNW82334,2267,2087.308,2.757844,39.903
PNW82089,1479,1299.308,3.330861,30.000
PNW81806,4505,4325.308,9.345373,280.199
PNW82608,662,482.585,0.000000,0.000
PNW82854,14446,14266.308,2.193318,216.903
PNW82853,8358,8178.308,0.000000,0.000
PNW82864,1809,1629.308,10.270751,116.000
PNW81504,851,671.416,0.000000,0.000
PNW81505,860,680.407,0.000000,0.000
PNW82002,3458,3278.308,0.000000,0.000
PNW82631,2028,1848.308,0.156100,2.000
PNW82200,3134,2954.308,3.906630,80.004
PNW82757,2916,2736.308,0.108707,2.062
PNW83127,3915,3735.308,5.878603,152.213
PNW83203,3511,3331.308,15.514450,358.264
PNW82701,9421,9241.308,1.514457,97.016
PNW82301,3234,3054.308,0.897404,19.000
PNW83163,4282,4102.308,2.848421,81.000
PNW82576,1688,1508.308,19.320071,202.000
PNW83107,2176,1996.308,4.697137,65.000
PNW82489,3744,3564.308,45.383410,1121.308
PNW81571,1672,1492.308,110.749599,1145.653
PNW82571,1513,1333.308,2.381575,22.011
PNW82809,6043,5863.308,14.717981,598.196
PNW82986,3598,3418.308,3.376185,80.000
PNW82272,2196,2016.308,1.216376,17.001
PNW81864,2705,2525.308,10.853921,190.000
PNW81994,3472,3292.308,1.621245,37.000
PNW82710,4371,4191.308,6.822586,198.222
PNW81653,5586,5406.308,2.013995,75.476
PNW83071,2139,1959.308,5.091423,69.150
PNW82310,3517,3337.308,0.475493,11.000
PNW81735,5582,5402.308,9.453037,354.000
PNW81749,3544,3364.308,0.128639,3.000
PNW82711,1051,871.308,12.914280,78.000
PNW83159,3342,3162.308,6.986346,153.146
PNW82097,1818,1638.308,238.545018,2709.059
PNW82276,1214,1034.308,74.611750,534.946
PNW81554,2691,2511.308,50.356371,876.611
PNW81995,9489,9309.308,0.821308,53.000
PNW82034,2084,1904.308,12.234375,161.500
PNW82547,3639,3459.308,60.244017,1444.627
PNW81891,776,596.492,0.483696,2.000
PNW81870,2187,2007.308,29.971749,417.041
PNW81593,1787,1607.308,0.000000,0.000
PNW82270,2317,2137.308,431.616290,6394.661
PNW81727,9829,9649.308,0.269106,18.000
PNW82164,2238,2058.308,16.896815,241.084
PNW83205,2326,2146.308,6.649871,98.937
PNW81515,3922,3742.308,9.030751,234.270
PNW82904,3058,2878.308,8.522123,170.035
PNW82168,946,766.324,0.000000,0.000
PNW81684,2103,1923.308,0.000000,0.000
PNW83176,3823,3643.308,25.575358,645.907
PNW82740,993,813.311,0.000000,0.000
PNW82918,2101,1921.308,2.477789,33.000
PNW82305,2555,2375.308,34.371950,565.948
PNW81741,3950,3770.308,6.316740,165.091
PNW82945,6874,6694.308,1.616659,75.020
PNW81759,3563,3383.308,6.689639,156.891
PNW82969,2191,2011.308,7.889719,110.000
PNW83211,2515,2335.308,26.359517,426.711
PNW82719,1844,1664.308,3.553837,41.000
PNW81737,6783,6603.308,0.305854,14.000
PNW81736,1385,1205.308,3.111879,26.000
PNW82587,3886,3706.308,0.116769,3.000
PNW82461,858,678.410,6.804638,32.000
PNW81625,1214,1034.308,2.416795,17.328
PNW82970,1596,1416.308,1.952482,19.169
PNW83009,4414,4234.308,2.657588,78.005
PNW81965,816,636.459,0.226661,1.000
PNW82391,2537,2357.308,0.000000,0.000
PNW82129,3379,3199.308,16.600904,368.163
PNW83056,2916,2736.308,5.325020,101.004
PNW82985,6449,6269.308,3.428579,149.000
PNW82848,1051,871.308,0.662271,4.000
PNW82415,2456,2276.308,1.858147,29.320
PNW82283,2075,1895.308,11.546293,151.696
PNW83185,1145,965.308,5.081130,34.000
PNW81622,945,765.324,0.000000,0.000
PNW82357,7904,7724.308,0.224114,12.000
PNW82009,1700,1520.308,1.803009,19.001
PNW81810,2358,2178.308,56.959785,860.083
PNW82134,4318,4138.308,60.483258,1735.044
PNW81930,1196,1016.308,0.000000,0.000
PNW82645,7649,7469.308,5.669288,293.536
PNW82843,2182,2002.308,9.798406,136.000
PNW82880,996,816.309,556.737650,3150.343
PNW82373,2317,2137.308,8.368366,123.982
PNW81675,4057,3877.308,5.983088,160.808
PNW82094,1255,1075.308,73.921330,551.005
PNW83152,1866,1686.308,84.693815,990.014
PNW83077,2029,1849.308,6.579664,84.346
PNW83083,1009,829.308,0.622154,3.577
PNW83214,5580,5400.308,4.002901,149.846
PNW82424,1722,1542.308,46.477549,496.898
PNW82220,856,676.413,0.000000,0.000
PNW82622,1704,1524.308,11.570602,122.259
PNW82813,2321,2141.308,0.218503,3.243
PNW83038,4315,4135.308,2.337300,67.000
PNW81869,576,396.751,1.090814,3.000
PNW83082,1635,1455.308,0.632601,6.382
PNW81584,3528,3348.308,0.000000,0.000
PNW82364,2709,2529.308,3.708415,65.019
PNW82722,1593,1413.308,9.188940,90.023
PNW82800,1432,1252.308,2.995088,26.000
PNW83003,1698,1518.308,29.452460,309.980
PNW82846,1266,1086.308,0.416694,3.138
PNW83055,3091,2911.308,10.760143,217.149
PNW82777,1346,1166.308,53.859035,435.436
PNW83199,4079,3899.308,60.644463,1639.197
PNW82902,4887,4707.308,17.336196,565.691
PNW82207,1405,1225.308,4.827096,41.000
PNW82070,1763,1583.308,42.823886,470.007
PNW82132,5466,5286.308,0.272895,10.000
PNW82570,1570,1390.308,0.000000,0.000
PNW82252,2278,2098.308,20.150240,293.091
PNW82367,2286,2106.308,15.725191,229.599
PNW82191,1469,1289.308,104.188028,931.166
PNW82691,2902,2722.308,42.348227,799.144
PNW81573,2545,2365.308,29.580807,485.010
PNW81546,1527,1347.308,159.054592,1485.476
PNW82088,2000,1820.308,4.438089,56.001
PNW82295,2225,2045.308,100.160981,1420.070
PNW81524,1604,1424.308,66.645274,658.000
PNW83150,4664,4484.308,1.030074,32.020
PNW81924,3624,3444.308,2.931647,69.995
PNW81914,4894,4714.308,0.492375,16.090
PNW82709,16934,16754.308,0.585515,68.001
PNW81784,1791,1611.308,37.640369,420.422
PNW81685,1896,1716.308,5.295326,63.000
PNW81614,1210,1030.308,0.000000,0.000
PNW82589,1508,1328.308,15.964890,147.000
PNW83031,3327,3147.308,1.604282,35.000
PNW83011,1558,1378.308,0.418660,4.000
PNW82105,1066,886.308,0.000000,0.000
PNW82790,4308,4128.308,0.000000,0.000
PNW82954,4866,4686.308,9.138115,296.852
PNW82695,4611,4431.308,6.122314,188.062
PNW82673,4090,3910.308,18.941143,513.416
PNW82988,2490,2310.308,0.062442,1.000
PNW81539,1987,1807.308,26.854817,336.439
PNW82217,2803,2623.308,6.603613,120.084
PNW82482,1535,1355.308,3.725439,35.000
PNW82665,5518,5338.308,5.999287,222.001
PNW83124,1718,1538.308,38.918250,415.001
PNW81867,1688,1508.308,25.768828,269.425
PNW82438,2963,2783.308,9.616790,185.543
PNW82896,1731,1551.308,12.660415,136.144
PNW83006,2726,2546.308,41.115731,725.724
PNW81874,1959,1779.308,60.837411,750.368
PNW81900,756,576.505,0.000000,0.000
PNW82119,1222,1042.308,0.137459,0.993
PNW82043,1720,1540.308,7.125269,76.078
PNW82607,7808,7628.308,5.144073,272.012
PNW82472,3244,3064.308,15.636556,332.144
PNW81771,11623,11443.308,0.025213,2.000
PNW82416,1009,829.308,5.909567,33.972
PNW81514,2099,1919.308,15.480639,205.962
PNW82044,5955,5775.308,1.598778,64.005
PNW82925,1224,1044.308,0.000000,0.000
PNW82602,6899,6719.308,4.886526,227.603
PNW82972,2207,2027.308,33.172004,466.170
PNW81836,1685,1505.308,2.300029,24.000
PNW81935,6973,6793.308,2.315268,109.027
PNW82617,2378,2198.308,12.601553,192.028
PNW82906,1070,890.308,1001.476779,6180.646
PNW81871,1542,1362.308,6.671333,63.000
PNW82745,12172,11992.308,3.884330,322.902
PNW82234,3186,3006.308,4.126798,86.000
PNW82538,3806,3626.308,0.358035,9.000
PNW81868,4362,4182.308,15.827209,458.852
PNW82563,2753,2573.308,12.269126,218.856
PNW83223,3141,2961.308,10.774763,221.179
PNW83166,3569,3389.308,20.822042,489.201
PNW81807,2419,2239.308,0.000000,0.000
PNW82203,1885,1705.308,2.707040,32.000
PNW83220,2063,1883.308,6.083810,79.424
PNW82671,1656,1476.308,1.361325,13.931
PNW82208,2251,2071.308,1.810823,26.000
PNW81941,8920,8740.308,1.551509,94.001
PNW83135,1530,1350.308,7.585351,71.000
PNW82260,1916,1736.308,0.581592,7.000
PNW81916,2440,2260.308,6.123542,95.945
PNW82456,1515,1335.308,34.895421,323.000
PNW82934,1268,1088.308,15.218630,114.810
PNW82815,2612,2432.308,19.464460,328.181
PNW81579,1712,1532.308,0.000000,0.000
PNW81562,1236,1056.308,3.416148,25.014
PNW82003,3458,3278.308,38.466574,874.150
PNW81852,1943,1763.308,0.412881,5.047
PNW82192,4839,4659.308,27.371148,884.030
PNW82968,6170,5990.308,3.227075,134.002
PNW82470,2589,2409.308,0.359258,6.000
PNW81908,2060,1880.308,7.648924,99.697
PNW81569,7866,7686.308,2.439906,130.000
PNW83053,2719,2539.308,0.000000,0.000
PNW82529,2883,2703.308,2.508128,47.000
PNW82449,3429,3249.308,0.266435,6.001
PNW82519,1498,1318.308,23.428434,214.098
PNW82721,3790,3610.308,1.438486,36.000
PNW82315,2677,2497.308,10.532348,182.327
PNW81888,1436,1256.308,0.000000,0.000
PNW82818,3777,3597.308,16.374855,408.327
PNW82806,8768,8588.308,2.207335,131.410
PNW82330,6242,6062.308,4.311517,181.184
PNW82399,5281,5101.308,0.000000,0.000
PNW83215,5209,5029.308,1.921950,67.004
PNW82827,3703,3523.308,3.562182,87.000
PNW82476,4837,4657.308,2.106306,68.000
PNW82829,2735,2555.308,18.291735,324.004
PNW82085,2605,2425.308,7.494644,126.000
PNW81545,1286,1106.308,0.526112,4.035
PNW81606,1401,1221.308,0.000000,0.000
PNW82767,2185,2005.308,9.999565,139.000
PNW82659,7679,7499.308,0.019237,1.000
PNW81980,1863,1683.308,0.232650,2.715
PNW81979,3780,3600.308,1.293638,32.285
PNW82171,482,303.241,0.000000,0.000
PNW82266,2464,2284.308,3.978335,62.995
PNW82269,3427,3247.308,2.976133,66.993
PNW82212,1282,1102.308,0.000000,0.000
PNW81802,1216,1036.308,0.139206,1.000
PNW82442,2243,2063.308,117.859431,1685.703
PNW83087,2428,2248.308,12.142076,189.235
PNW82845,7371,7191.308,14.334231,714.554
PNW83181,1572,1392.308,0.000000,0.000
PNW83182,2493,2313.308,0.000000,0.000
PNW82672,4873,4693.308,0.407014,13.242
PNW83153,2719,2539.308,16.373538,288.211
PNW81681,4049,3869.308,14.475674,388.262
PNW81770,1641,1461.308,0.000000,0.000
PNW82641,7121,6941.308,1.195340,57.516
PNW81863,3292,3112.308,0.648923,14.000
PNW83000,1374,1194.308,5.063510,41.920
PNW82514,3549,3369.308,0.899137,21.000
PNW81880,1462,1282.308,706.445804,6279.482
PNW82914,2525,2345.308,4.736650,77.006
PNW81773,3415,3235.308,22.693760,508.949
PNW82885,2197,2017.308,0.000000,0.000
PNW82046,647,467.600,0.000000,0.000
PNW82928,3906,3726.308,8.254274,213.211
PNW82174,1957,1777.308,1.217520,15.000
PNW81743,2871,2691.308,3.997895,74.584
PNW82124,2342,2162.308,5.678968,85.122
PNW82580,2658,2478.308,1.222395,21.000
PNW81764,2514,2334.308,9.891581,160.058
PNW81957,1751,1571.308,4.682268,51.000
PNW82426,1226,1046.308,83.996294,609.217
PNW83033,3312,3132.308,16.858597,366.048
PNW81707,1059,879.308,0.000000,0.000
PNW81797,3700,3520.308,0.040980,1.000
PNW82273,3435,3255.308,33.704478,760.558
PNW82179,2324,2144.308,6.394461,95.048
PNW82344,3235,3055.308,0.000000,0.000
PNW81848,3360,3180.308,13.790342,304.016
PNW82927,3588,3408.308,0.042611,1.007
PNW81826,1817,1637.308,21.629428,245.487
PNW82018,2729,2549.308,3.452061,61.003
PNW82307,1766,1586.308,4.274326,47.001
PNW81664,1463,1283.308,9.442690,84.000
PNW81967,826,646.443,0.223345,1.001
PNW83058,4793,4613.308,11.545229,369.205
PNW81561,2310,2130.308,13.611594,201.004
PNW82261,4532,4352.308,8.843719,266.813
PNW82491,2153,1973.308,36.685782,501.817
PNW82450,3128,2948.308,8.660926,177.007
PNW81938,2856,2676.308,8.301031,154.000
PNW82296,3920,3740.308,4.937524,128.017
PNW82842,4689,4509.308,90.213529,2819.903
PNW82408,3720,3540.308,2.462428,60.431
PNW82816,1678,1498.308,84.264672,875.184
PNW82947,1337,1157.308,191.197538,1533.854
PNW82574,4024,3844.308,15.352524,409.120
PNW81899,1967,1787.308,0.000000,0.000
PNW82019,4514,4334.308,72.984786,2192.828
PNW82605,2023,1843.308,6.482524,82.831
PNW82606,1524,1344.308,0.661972,6.169
PNW82747,2593,2413.308,31.927685,534.113
PNW83200,7388,7208.308,0.200131,10.000
PNW82411,1687,1507.308,3.636880,38.000
PNW81760,3266,3086.308,0.186968,4.000
PNW82222,1380,1200.308,0.120186,1.000
PNW82014,1667,1487.308,5.140701,53.000
PNW81656,4869,4689.308,3.291717,107.000
PNW82120,669,489.582,0.000000,0.000
PNW81509,3461,3281.308,0.043964,1.000
PNW82340,10452,10272.308,0.491528,35.000
PNW83123,1316,1136.308,8.497605,66.934
PNW81978,5672,5492.308,22.792717,867.768
PNW81881,10153,9973.308,2.893206,200.019
PNW82575,1064,884.308,1173.217766,7191.755
PNW82308,9467,9287.308,2.019317,130.001
PNW82465,7068,6888.308,23.924840,1142.389
PNW82183,2886,2706.308,1.812542,34.003
PNW82498,3377,3197.308,16.610463,368.145
PNW82755,5680,5500.308,4.432502,169.001
PNW82937,2016,1836.308,27.307984,347.606
PNW81547,4164,3984.308,14.127131,390.175
PNW82392,1106,926.308,0.000000,0.000
PNW82909,2613,2433.308,15.063730,254.087
PNW81602,789,609.485,0.000000,0.000
PNW81720,882,702.369,0.000000,0.000
PNW81695,2106,1926.308,0.000000,0.000
PNW82327,5007,4827.308,2.629845,88.001
PNW81549,1198,1018.308,189.158330,1335.234
PNW81815,1319,1139.308,343.399565,2712.024
PNW82532,3845,3665.308,6.522171,165.712
PNW82012,3761,3581.308,2.900725,72.011
PNW81689,2725,2545.308,0.113354,2.000
PNW82546,1270,1090.308,17.224849,130.184
PNW82776,2981,2801.308,1.029951,20.000
PNW82343,4113,3933.308,0.036815,1.004
PNW83060,1968,1788.308,0.484012,6.000
PNW81944,9067,8887.308,4.506479,277.626
PNW82674,8494,8314.308,0.728957,42.013
PNW82216,1345,1165.308,0.686385,5.544
PNW82215,1620,1440.308,5.854873,58.456
PNW81553,1981,1801.308,2.803028,35.000
PNW82264,4766,4586.308,0.660547,21.000
PNW82717,3293,3113.308,19.924187,429.987
PNW82522,2363,2183.308,1.939328,29.351
PNW83129,1884,1704.308,11.466254,135.463
PNW82355,795,615.479,0.000000,0.000
PNW82440,2444,2264.308,1.083007,16.999
PNW81632,2061,1881.308,0.000000,0.000
PNW81958,826,646.443,0.223345,1.001
PNW82042,484,305.223,0.000000,0.000
PNW82956,4764,4584.308,31.438405,999.049
PNW82533,1942,1762.308,3036.449238,37093.724
PNW82610,2665,2485.308,4.237308,73.000
PNW82894,2453,2273.308,5.648472,89.011
PNW81767,2719,2539.308,0.056811,1.000
PNW82177,2829,2649.308,0.000000,0.000
PNW81719,1234,1054.308,493.006278,3603.069
PNW81700,7584,7404.308,2.564562,131.629
PNW81922,5222,5042.308,4.832506,168.910
PNW82263,2810,2630.308,8.117131,148.000
PNW82414,4247,4067.308,1.951224,55.013
PNW83180,4414,4234.308,46.650796,1369.286
PNW82345,3648,3468.308,1.539028,37.001
PNW81803,3244,3064.308,19.019440,404.001
PNW83193,1320,1140.308,0.000000,0.000
PNW81506,4336,4156.308,0.073043,2.104
PNW83108,2316,2136.308,47.802016,707.885
PNW82066,2945,2765.308,5.060331,97.001
PNW82035,2950,2770.308,60.260359,1157.210
PNW83032,2338,2158.308,20.311284,303.881
PNW81629,6237,6057.308,0.000000,0.000
PNW81785,1226,1046.308,14.339075,104.000
PNW82662,1607,1427.308,7.176093,71.000
PNW81820,1637,1457.308,66.989127,676.719
PNW82621,3885,3705.308,7.135725,183.280
PNW83015,765,585.500,5.174157,21.000
PNW82182,3764,3584.308,0.925699,23.000
PNW81567,1538,1358.308,55.306351,520.746
PNW81858,1521,1341.308,36.246062,337.009
PNW82056,1977,1797.308,1.824820,22.735
PNW82057,1855,1675.308,49.793478,578.255
PNW83171,5987,5807.308,3.628543,146.070
PNW82275,2345,2165.308,21.851124,327.979
PNW82175,7168,6988.308,1.238587,60.000
PNW81611,17645,17465.308,0.000000,0.000
PNW82826,2204,2024.308,0.000000,0.000
PNW83070,1890,1710.308,9.202133,109.098
PNW81746,2722,2542.308,0.510695,9.000
PNW82668,1656,1476.308,18.971626,194.149
PNW82540,1941,1761.308,3339.968356,40778.407
PNW83173,1704,1524.308,0.189280,2.000
PNW81876,10321,10141.308,6.399296,449.861
PNW82618,4386,4206.308,4.360977,127.156
PNW82841,3039,2859.308,632.858614,12543.542
PNW82536,2035,1855.308,152.939771,1966.931
PNW82910,3394,3214.308,2.822185,62.882
PNW82959,912,732.344,17.849957,90.616
PNW82017,1526,1346.308,7.072076,66.000
PNW82265,2460,2280.308,16.016359,253.169
PNW82074,2910,2730.308,0.000000,0.000
PNW82410,7683,7503.308,3.342231,173.837
PNW81818,1428,1248.308,0.000000,0.000
PNW81046,3588,3408.308,18.271031,431.673
PNW80752,1991,1811.308,0.000000,0.000
PNW80697,4639,4459.308,124.880283,3860.236
PNW80892,2467,2287.308,41.109116,651.802
PNW80768,1997,1817.308,3.651545,46.000
PNW81141,5602,5422.308,0.556222,20.907
PNW81139,4887,4707.308,0.064170,2.094
PNW81140,4962,4782.308,0.000000,0.000
PNW80490,4086,3906.308,1.255625,34.000
PNW80789,2053,1873.308,101.417261,1316.963
PNW80548,4268,4088.308,8.831296,250.277
PNW80343,2300,2120.308,9.404831,138.230
PNW80762,856,676.413,69.084491,323.926
PNW80828,3539,3359.308,1.768089,41.172
PNW81230,4531,4351.308,1.226675,37.000
PNW81250,3379,3199.308,0.000000,0.000
PNW81443,1458,1278.308,0.000000,0.000
PNW80519,3456,3276.308,0.264205,6.000
PNW80616,606,426.682,0.000000,0.000
PNW80713,3011,2831.308,0.067020,1.315
PNW80712,1530,1350.308,0.286814,2.685
PNW80449,8222,8042.308,4.630426,258.139
PNW81071,1299,1119.308,55.694925,432.133
PNW80683,1962,1782.308,0.212814,2.629
PNW80974,1560,1380.308,1.254159,12.000
PNW81049,2810,2630.308,24.085635,439.154
PNW80437,1305,1125.308,0.846317,6.602
PNW80328,1276,1096.308,64.360245,489.106
PNW80685,3422,3242.308,1.156852,26.001
PNW81015,2074,1894.308,30.593592,401.729
PNW80597,1218,1038.308,0.000000,0.000
PNW80599,1119,939.308,0.000000,0.000
PNW80596,1438,1258.308,0.000000,0.000
PNW80598,873,693.385,0.000000,0.000
PNW80600,748,568.512,0.000000,0.000
PNW80761,4879,4699.308,3.077857,100.262
PNW81451,1337,1157.308,0.124652,1.000
PNW80859,1625,1445.308,12.769019,127.929
PNW81396,2118,1938.308,7.070489,95.000
PNW80692,941,761.327,0.000000,0.000
PNW81061,3906,3726.308,1.330446,34.366
PNW81060,4957,4777.308,0.206630,6.843
PNW80609,1596,1416.308,0.000000,0.000
PNW80804,1041,861.308,2826.487609,16875.562
PNW80865,4628,4448.308,21.219525,654.309
PNW81298,2019,1839.308,0.000000,0.000
PNW80876,772,592.496,7.879723,32.363
PNW81237,3601,3421.308,62.464345,1481.416
PNW81062,4759,4579.308,2.017748,64.050
PNW81111,1552,1372.308,19.763776,188.007
PNW81321,1020,840.308,1.030054,6.000
PNW80965,5200,5020.308,38.439364,1337.701
PNW81258,4460,4280.308,9.163661,271.892
PNW80416,7664,7484.308,0.000000,0.000
PNW80420,1551,1371.308,1.673606,15.909
PNW80419,4276,4096.308,0.000000,0.000
PNW80418,8914,8734.308,0.000000,0.000
PNW80417,8845,8665.308,1.233552,74.096
PNW81180,5492,5312.308,0.706081,26.001
PNW80821,8750,8570.308,0.673304,40.000
PNW81355,1504,1324.308,15.905489,146.012
PNW81471,1696,1516.308,47.761007,502.011
PNW81430,2369,2189.308,0.856612,13.000
PNW80904,1477,1297.308,68.953419,620.085
PNW80425,2794,2614.308,25.629383,464.459
PNW80950,7636,7456.308,0.000000,0.000
PNW80951,7678,7498.308,0.673368,35.000
PNW80528,3110,2930.308,3.249181,65.999
PNW80790,4988,4808.308,22.843571,761.393
PNW81011,6965,6785.308,1.296904,61.000
PNW81010,6962,6782.308,0.000000,0.000
PNW80971,2258,2078.308,101.739155,1465.719
PNW80702,1602,1422.308,29.225496,288.143
PNW81251,3574,3394.308,8.248284,194.074
PNW80993,3356,3176.308,4.963131,109.278
PNW80818,4852,4672.308,4.785724,155.000
PNW80492,3002,2822.308,4.958150,97.001
PNW80369,853,673.416,0.000000,0.000
PNW80640,5014,4834.308,6.638029,222.447
PNW80639,4954,4774.308,0.000000,0.000
PNW80641,5011,4831.308,3.930401,131.630
PNW81144,2000,1820.308,1.360030,17.161
PNW80732,1314,1134.308,0.000000,0.000
PNW80931,3417,3237.308,55.894687,1254.316
PNW81031,4174,3994.308,6.536955,180.996
PNW81030,970,790.315,0.000000,0.000
PNW81324,4035,3855.308,5.721712,152.911
PNW80406,3598,3418.308,1.308272,31.000
PNW80443,3411,3231.308,0.556067,12.455
PNW80442,4261,4081.308,0.726214,20.545
PNW80480,1173,993.308,3.776041,26.000
PNW81309,4277,4097.308,2.218142,63.000
PNW80890,3067,2887.308,1.798692,36.000
PNW80889,2049,1869.308,0.000000,0.000
PNW81283,1255,1075.308,0.000000,0.000
PNW81284,935,755.328,0.000000,0.000
PNW81282,2481,2301.308,0.000000,0.000
PNW80571,1190,1010.308,3.998081,28.000
PNW80542,1499,1319.308,27.987845,255.958
PNW80547,1834,1654.308,21.992492,252.199
PNW80856,2508,2328.308,2.726212,44.000
PNW81200,798,618.478,0.821054,3.520
PNW81199,2486,2306.308,20.039318,320.371
PNW80991,4246,4066.308,4.115335,116.000
PNW80679,4442,4262.308,5.066651,149.699
PNW80881,1742,1562.308,0.092457,1.001
PNW81245,4590,4410.308,2.028576,62.017
PNW80988,2911,2731.308,13.309977,252.000
PNW81133,2308,2128.308,15.004324,221.362
PNW81478,1487,1307.308,26.264296,238.011
PNW80632,1892,1712.308,1.516485,18.000
PNW80767,2126,1946.308,22.975728,309.980
PNW81317,5595,5415.308,1.598363,60.000
PNW80522,2614,2434.308,5.748384,97.000
PNW80626,5273,5093.308,58.536113,2066.695
PNW80664,7250,7070.308,1.489471,73.000
PNW80711,3147,2967.308,44.655620,918.526
PNW81149,1669,1489.308,20.080911,207.310
PNW81159,4553,4373.308,4.024376,122.000
PNW80855,2234,2054.308,2.457819,35.000
PNW81331,4926,4746.308,1.003010,33.000
PNW80980,1825,1645.308,0.000000,0.000
PNW81268,4530,4350.308,10.911423,329.044
PNW80842,2153,1973.308,2.999099,41.024
PNW80670,4971,4791.308,0.361306,12.000
PNW81175,3878,3698.308,8.120417,208.178
PNW80515,5872,5692.308,6.259736,247.000
PNW80348,9456,9276.308,0.000000,0.000
PNW80347,10806,10626.308,6.204425,457.021
PNW80497,3131,2951.308,3.441219,70.401
PNW81104,420,242.217,87.652133,147.170
PNW81105,1596,1416.308,49.328908,484.297
PNW80693,4946,4766.308,1.997615,66.000
PNW80322,4268,4088.308,7.585087,214.960
PNW80535,2513,2333.308,22.839454,369.411
PNW80537,3322,3142.308,12.791869,278.635
PNW81378,3668,3488.308,1020.100085,24666.650
PNW81259,1515,1335.308,0.156392,1.448
PNW81260,2206,2026.308,8.724972,122.552
PNW80606,5129,4949.308,0.845281,29.000
PNW81204,4030,3850.308,4.720875,126.000
PNW81362,963,783.318,660.673570,3587.381
PNW81065,656,476.591,1.210771,4.000
PNW81195,2871,2691.308,2.842922,53.037
PNW81205,849,669.417,2.100519,9.747
PNW80722,3617,3437.308,12.335141,293.911
PNW81405,8300,8120.308,8.814143,496.141
PNW80333,3239,3059.308,7.936837,168.315
PNW81384,5671,5491.308,2.732153,104.000
PNW80921,4282,4102.308,0.527485,15.000
PNW80475,5670,5490.308,2.023213,77.000
PNW81308,455,276.542,1.051035,2.015
PNW81102,478,299.273,0.000000,0.000
PNW80351,1408,1228.308,9.865506,84.000
PNW81208,2352,2172.308,2.922002,44.000
PNW81223,1295,1115.308,23.154370,179.011
PNW81080,5632,5452.308,0.343962,13.000
PNW80798,1535,1355.308,5.641533,53.001
PNW80734,2000,1820.308,0.000000,0.000
PNW80733,2009,1829.308,0.000000,0.000
PNW81418,3303,3123.308,5.819734,126.000
PNW81448,8638,8458.308,0.624986,36.644
PNW81449,8689,8509.308,1.616805,95.368
PNW80781,582,402.740,0.358198,1.000
PNW80782,1063,883.308,0.000000,0.000
PNW81227,549,369.839,0.000000,0.000
PNW81228,885,705.367,0.228074,1.115
PNW80434,2254,2074.308,17.063682,245.357
PNW80947,1985,1805.308,0.000000,0.000
PNW81026,1987,1807.308,118.902552,1489.622
PNW80736,1578,1398.308,5.469709,53.018
PNW80888,4158,3978.308,0.038554,1.063
PNW81057,2344,2164.308,5.665618,85.000
PNW81053,1647,1467.308,26.545455,270.000
PNW80981,3824,3644.308,8.550981,216.015
PNW80470,1301,1121.308,0.257307,2.000
PNW80469,1404,1224.308,0.000000,0.000
PNW81170,2518,2338.308,11.353469,184.028
PNW81119,8492,8312.308,0.000000,0.000
PNW81118,8489,8309.308,0.798620,46.000
PNW80952,2069,1889.308,2.672469,35.000
PNW80471,5002,4822.308,1.166702,39.000
PNW81433,1719,1539.308,383.208324,4088.962
PNW80878,2878,2698.308,0.534633,10.000
PNW81027,2701,2521.308,20.847031,364.353
PNW81028,2878,2698.308,1.214355,22.714
PNW81462,2933,2753.308,0.000000,0.000
PNW81116,4429,4249.308,2.353688,69.330
PNW80601,1114,934.308,0.000000,0.000
PNW80695,2517,2337.308,4.629059,75.000
PNW80696,2498,2318.308,0.000000,0.000
PNW80835,2001,1821.308,123.972859,1565.174
PNW80375,2901,2721.308,15.751189,297.128
PNW80618,1598,1418.308,3.153106,31.000
PNW80742,8028,7848.308,0.000000,0.000
PNW81465,1101,921.308,0.156582,1.000
PNW80872,1584,1404.308,0.000000,0.000
PNW80873,1394,1214.308,1.188006,10.000
PNW80379,1832,1652.308,6.787262,77.739
PNW80378,1125,945.308,1.108097,7.261
PNW80704,2055,1875.308,3.000125,39.000
PNW81210,5346,5166.308,5.417183,194.002
PNW81211,5176,4996.308,0.000000,0.000
PNW81363,7184,7004.308,1.853790,90.007
PNW81488,4529,4349.308,1.956951,59.000
PNW80646,1926,1746.308,9.342536,113.094
PNW80647,1371,1191.308,0.000000,0.000
PNW80645,1923,1743.308,0.000000,0.000
PNW81303,3212,3032.308,0.618468,13.000
PNW80334,2684,2504.308,10.318491,179.125
PNW81404,5363,5183.308,2.143313,77.010
PNW80482,5726,5546.308,53.194384,2045.137
PNW80970,8456,8276.308,1.708200,98.000
PNW80625,2922,2742.308,3.734991,71.000
PNW81192,2023,1843.308,10.800120,138.000
PNW80932,1664,1484.308,8.358374,86.000
PNW81291,2200,2020.308,0.642650,9.000
PNW81349,2997,2817.308,27.807404,543.059
PNW81350,1869,1689.308,4.098842,47.998
PNW81354,3753,3573.308,2.301216,57.001
PNW80454,2842,2662.308,1.142113,21.078
PNW80455,2172,1992.308,0.284500,3.929
PNW81072,1170,990.308,57.414015,394.131
PNW80700,3146,2966.308,3.063919,63.001
PNW81307,3069,2889.308,10.085675,202.000
PNW81446,10802,10622.308,2.548451,187.650
PNW80836,2098,1918.308,383.444774,5098.868
PNW81467,2678,2498.308,17.557693,304.065
PNW81360,2864,2684.308,20.401824,379.624
PNW81352,1499,1319.308,3.827095,35.000
PNW80850,5248,5068.308,1.195456,42.000
PNW80534,7863,7683.308,224.835844,11974.746
PNW80338,3374,3194.308,6.233509,138.026
PNW80372,7541,7361.308,1.175828,60.000
PNW81332,7391,7211.308,0.540129,27.000
PNW80332,3697,3517.308,21.866626,533.144
PNW81083,3950,3770.308,38.555099,1007.653
PNW81432,3452,3272.308,0.661279,15.000
PNW80642,4777,4597.308,0.000000,0.000
PNW81146,2036,1856.308,4.740533,61.000
PNW80763,3507,3327.308,11.320013,261.091
PNW81479,1560,1380.308,14.189329,135.766
PNW80504,5674,5494.308,3.255805,124.001
PNW80901,6648,6468.308,3.655104,163.886
PNW81135,5497,5317.308,0.651129,24.000
PNW81136,6046,5866.308,0.000000,0.000
PNW81435,2858,2678.308,1.706238,31.678
PNW81262,4889,4709.308,2.717352,88.707
PNW81157,3692,3512.308,0.000000,0.000
PNW81128,4541,4361.308,1.637028,49.491
PNW80472,4378,4198.308,16.703114,486.099
PNW80730,3369,3189.308,77.218592,1707.147
PNW80779,1487,1307.308,11.127050,100.835
PNW80721,2268,2088.308,0.632221,9.152
PNW80698,1404,1224.308,14.139626,120.000
PNW80969,3646,3466.308,2.663586,64.001
PNW80728,966,786.316,112.876052,615.250
PNW80935,2318,2138.308,19.887862,294.789
PNW81366,9076,8896.308,1.475635,91.000
PNW81387,1913,1733.308,0.582616,7.000
PNW80459,1342,1162.308,5.212852,42.000
PNW80973,4730,4550.308,1.460955,46.082
PNW81097,6632,6452.308,1.229688,55.000
PNW80345,1533,1353.308,3.837543,36.000
PNW80843,733,553.524,3103.757113,11909.041
PNW81052,744,564.515,0.000000,0.000
PNW81051,2346,2166.308,1.331856,20.000
PNW81108,3510,3330.308,4.418382,102.000
PNW80489,1647,1467.308,8.708043,88.572
PNW81008,1766,1586.308,39.615176,435.614
PNW81023,2349,2169.308,12.302629,185.000
PNW81087,1592,1412.308,14.052349,137.572
PNW80564,2186,2006.308,1.438069,20.000
PNW80563,2080,1900.308,0.000000,0.000
PNW80757,1313,1133.308,6.491866,51.000
PNW81470,1101,921.308,35.739097,228.245
PNW80527,3106,2926.308,3.352249,68.000
PNW80344,10045,9865.308,1.345335,92.001
PNW80383,1951,1771.308,0.081443,1.000
PNW80643,9321,9141.308,1.309799,82.998
PNW80769,4051,3871.308,34.071603,914.330
PNW80882,3177,2997.308,0.000000,0.000
PNW80607,2668,2488.308,19.910939,343.438
PNW80784,3985,3805.308,0.458319,12.090
PNW80783,3615,3435.308,1.569980,37.386
PNW81244,1373,1193.308,1.253118,10.366
PNW80621,1818,1638.308,0.176109,2.000
PNW80982,1843,1663.308,466.019558,5373.156
PNW81370,3945,3765.308,2.226996,58.126
PNW80938,1392,1212.308,0.118997,1.000
PNW81394,1187,1007.308,0.000000,0.000
PNW81361,5440,5260.308,14.176185,516.920
PNW80837,1781,1601.308,5.945884,66.000
PNW80746,2357,2177.308,0.242627,3.662
PNW80747,1996,1816.308,48.705616,613.227
PNW80954,1291,1111.308,9.607116,74.008
PNW81240,5223,5043.308,9.418753,329.277
PNW81388,2184,2004.308,5.474526,76.061
PNW80582,2848,2668.308,0.866118,16.020
PNW80909,1899,1719.308,0.703980,8.390
PNW80908,1129,949.308,152.004947,1000.271
PNW81209,2998,2818.308,0.511869,10.000
PNW81296,2060,1880.308,3.313435,43.188
PNW80841,1605,1425.308,5.364318,53.000
PNW80884,1087,907.308,0.000000,0.000
PNW81319,2642,2462.308,0.000000,0.000
PNW81320,2502,2322.308,10.944249,176.181
PNW80364,1912,1732.308,3.580888,43.000
PNW80533,2535,2355.308,13.778359,224.956
PNW81437,3299,3119.308,0.832457,18.000
PNW80512,1209,1029.308,0.332999,2.376
PNW80814,4551,4371.308,14.705448,445.597
PNW80766,4110,3930.308,6.680243,182.000
PNW81358,3374,3194.308,2.619381,58.000
PNW81410,1734,1554.308,4.547853,49.000
PNW80432,900,720.356,2.403318,12.001
PNW81009,9618,9438.308,2.552549,167.002
PNW80353,4424,4244.308,9.882494,290.754
PNW80436,2740,2560.308,4.845685,86.000
PNW81372,1710,1530.308,4.640104,49.222
PNW80864,2153,1973.308,7.018746,96.008
PNW80672,526,346.935,3306.010799,7950.701
PNW81365,1384,1204.308,0.360243,3.007
PNW81151,5040,4860.308,2.666180,89.827
PNW81310,466,287.393,0.000000,0.000
PNW81311,616,436.655,0.000000,0.000
PNW80580,1061,881.308,91.127888,556.713
PNW80373,825,645.445,0.223506,1.000
PNW81004,2589,2409.308,0.000000,0.000
PNW81003,2592,2412.308,0.000000,0.000
PNW80516,2478,2298.308,0.062768,1.000
PNW81054,3180,3000.308,1.779030,37.000
PNW80919,2743,2563.308,118.925692,2113.144
PNW81172,4380,4200.308,1.751606,51.000
PNW80404,1875,1695.308,1.701879,20.000
PNW80590,3878,3698.308,23.218467,595.236
PNW80633,1770,1590.308,23.678438,261.028
PNW81353,3792,3612.308,63.412416,1587.858
PNW80960,1502,1322.308,1002.451221,9188.582
PNW81440,6742,6562.308,5.029947,228.809
PNW81110,2451,2271.308,6.225307,98.014
PNW80313,5506,5326.308,2.578347,95.196
PNW80500,1192,1012.308,24.373267,171.033
PNW81335,1086,906.308,51.809105,325.488
PNW81421,3125,2945.308,5.888016,120.213
PNW80562,5487,5307.308,1.520418,55.936
PNW81156,1929,1749.308,0.494803,6.000
PNW81155,1932,1752.308,0.000000,0.000
PNW81147,3678,3498.308,1.154642,28.000
PNW80812,3006,2826.308,0.918757,18.000
PNW80979,1426,1246.308,0.000000,0.000
PNW81255,3123,2943.308,0.000000,0.000
PNW81256,4517,4337.308,4.523413,136.000
PNW80725,3369,3189.308,0.000000,0.000
PNW80724,3801,3621.308,1.593463,40.000
PNW80558,2627,2447.308,6.178773,104.820
PNW80990,3924,3744.308,213.499278,5541.413
PNW80371,5694,5514.308,1.155661,44.175
PNW80815,3846,3666.308,18.784215,477.391
PNW80452,3339,3159.308,2.283103,50.000
PNW80316,1644,1464.308,1.964961,19.945
PNW80524,1755,1575.308,42.301698,461.930
PNW80485,1475,1295.308,0.000000,0.000
PNW80424,1463,1283.308,3.681689,32.751
PNW80423,1607,1427.308,7.025976,69.515
PNW80337,5654,5474.308,0.000000,0.000
PNW80336,6034,5854.308,0.197134,8.000
PNW80368,2109,1929.308,80.026200,1070.253
PNW80660,994,814.310,759.870087,4289.253
PNW81243,7770,7590.308,2.610148,137.334
PNW81242,5871,5691.308,1.766856,69.705
PNW80549,1212,1032.308,2.934657,21.000
PNW81359,2254,2074.308,30.828310,443.277
PNW80770,3095,2915.308,6.601943,133.416
PNW80771,3405,3225.308,1.715050,38.344
PNW81438,8110,7930.308,0.418394,23.000
PNW80401,7811,7631.308,3.478857,184.030
PNW81006,7981,7801.308,1.830831,99.008
PNW80349,2482,2302.308,80.688819,1287.743
PNW81330,4304,4124.308,0.594628,17.000
PNW81408,2754,2574.308,12.050846,215.046
PNW81196,4956,4776.308,1.691357,55.999
PNW81113,1015,835.308,312.286560,1808.226
PNW80699,1172,992.308,16.802459,115.577
PNW80764,3406,3226.308,24.287590,543.179
PNW80414,3822,3642.308,3.685878,93.062
PNW80910,696,516.555,0.000000,0.000
PNW81032,5503,5323.308,11.578582,427.257
PNW80460,453,274.571,13.660486,26.000
PNW80402,4882,4702.308,1.779373,58.000
PNW80631,1460,1280.308,0.563382,5.000
PNW81472,2752,2572.308,0.280411,5.000
PNW80794,3935,3755.308,9.606504,250.071
PNW81198,2104,1924.308,4.630964,61.773
PNW81197,2341,2161.308,0.415634,6.227
PNW81402,3379,3199.308,0.045091,1.000
PNW81050,1262,1082.308,48.748978,365.737
PNW81088,1988,1808.308,59.137805,741.294
PNW81089,1982,1802.308,83.840332,1047.453
PNW80613,6168,5988.308,2.625941,109.004
PNW80674,5517,5337.308,4.696670,173.766
PNW81201,1912,1732.308,1.415700,17.000
PNW81423,2767,2587.308,3.959076,71.006
PNW81461,2311,2131.308,0.338444,5.000
PNW80860,13434,13254.308,1.371764,126.034
PNW80594,1843,1663.308,0.000000,0.000
PNW80595,1138,958.308,0.000000,0.000
PNW80357,1759,1579.308,29.115943,318.750
PNW81091,1160,980.308,0.000000,0.000
PNW81202,3234,3054.308,1.275259,27.000
PNW80320,5879,5699.308,0.161055,6.363
PNW80473,3685,3505.308,4.854544,117.958
PNW80689,3364,3184.308,0.000000,0.000
PNW80916,6978,6798.308,4.496608,211.904
PNW80955,2049,1869.308,27.863412,361.050
PNW80330,1892,1712.308,9.453394,112.208
PNW80749,792,612.483,7.596639,32.253
PNW80748,1149,969.308,19.161224,128.747
PNW80750,789,609.485,0.000000,0.000
PNW81092,2494,2314.308,0.214516,3.441
PNW80532,1102,922.308,53.644255,342.967
PNW80620,927,747.331,0.000000,0.000
PNW81281,3940,3760.308,0.115092,3.000
PNW81393,5432,5252.308,0.769051,28.000
PNW81254,2229,2049.308,39.777847,565.068
PNW81447,15685,15505.308,1.427036,153.380
PNW81040,1400,1220.308,7.083434,59.919
PNW81039,1418,1238.308,1.905396,16.356
PNW81041,1282,1102.308,0.000000,0.000
PNW81344,2176,1996.308,0.831820,11.511
PNW80780,791,611.484,0.595500,2.524
PNW80453,3623,3443.308,0.209480,5.000
PNW80936,1224,1044.308,19.342593,140.022
PNW81270,3596,3416.308,0.000000,0.000
PNW80605,2602,2422.308,4.049738,68.000
PNW81138,5099,4919.308,6.568931,224.002
PNW81337,2669,2489.308,0.000000,0.000
PNW81338,1030,850.308,15.739911,92.775
PNW80869,1905,1725.308,7.017538,83.927
PNW80870,4362,4182.308,4.539172,131.597
PNW81391,2385,2205.308,2.706094,41.368
PNW81292,2880,2700.308,3.579405,67.000
PNW80959,2488,2308.308,4.187565,67.005
PNW81150,2599,2419.308,381.997088,6406.249
PNW80760,2706,2526.308,6.509775,114.000
PNW80377,1440,1260.308,9.271639,81.000
PNW80744,3855,3675.308,224.528352,5720.283
PNW80897,3490,3310.308,13.640283,313.000
PNW80666,4005,3825.308,0.222477,5.899
PNW81375,1616,1436.308,28.261759,281.384
PNW80570,2409,2229.308,13.827376,213.679
PNW80944,1853,1673.308,5.969398,69.240
PNW80668,497,318.111,0.000000,0.000
PNW80662,2421,2241.308,99.853865,1551.383
PNW80513,1203,1023.308,0.510896,3.624
PNW80514,1560,1380.308,0.000000,0.000
PNW80899,1900,1720.308,8.218021,98.000
PNW81142,2284,2104.308,26.228771,382.595
PNW80887,3199,3019.308,0.000000,0.000
PNW81084,1770,1590.308,1.360685,15.000
PNW81056,2743,2563.308,1.857208,33.000
PNW80476,877,697.379,0.000000,0.000
PNW80948,4509,4329.308,0.000000,0.000
PNW80949,4259,4079.308,8.663576,244.983
PNW80934,3293,3113.308,23.729708,512.114
PNW81364,6158,5978.308,0.699789,29.000
PNW80917,1147,967.308,31.631192,212.096
PNW80975,1179,999.308,5.630054,39.000
PNW80705,5517,5337.308,17.467762,646.267
PNW80743,766,586.500,0.000000,0.000
PNW81073,2919,2739.308,59.580350,1131.349
PNW80663,2551,2371.308,8.213155,135.005
PNW80912,4921,4741.308,8.902952,292.607
PNW80937,3235,3055.308,10.387598,220.000
PNW80839,6207,6027.308,0.023934,1.000
PNW80335,1409,1229.308,24.188493,206.121
PNW80985,1856,1676.308,9.638828,112.003
PNW81044,1204,1024.308,0.281674,2.000
PNW80306,2832,2652.308,0.108832,2.001
PNW80388,2278,2098.308,8.525107,124.000
PNW80636,2764,2584.308,5.247591,94.006
PNW80429,2246,2066.308,9.793339,140.274
PNW80795,10494,10314.308,4.469008,319.524
PNW80851,1146,966.308,23.635788,158.321
PNW80751,1584,1404.308,107.787710,1049.263
PNW80385,1966,1786.308,0.000000,0.000
PNW80854,4702,4522.308,25.392906,796.022
PNW81236,4567,4387.308,1.052202,32.000
PNW80467,2751,2571.308,131.897771,2350.954
PNW81037,3200,3020.308,42.861947,897.379
PNW81474,625,445.633,0.322607,0.997
PNW81248,3258,3078.308,0.046864,1.000
PNW80787,3312,3132.308,0.000000,0.000
PNW80786,3750,3570.308,0.202028,5.000
PNW81101,9114,8934.308,1.330206,82.382
PNW81413,709,529.543,7.900306,29.000
PNW80967,1126,946.308,0.609782,4.000
PNW80396,3010,2830.308,4.128721,81.003
PNW81094,8851,8671.308,0.445250,26.763
PNW80802,2810,2630.308,1.425982,26.000
PNW80554,8665,8485.308,6.648497,391.060
PNW80673,1502,1322.308,0.545487,5.000
PNW80638,4190,4010.308,10.207059,283.747
PNW80426,4684,4504.308,0.224191,7.000
PNW81305,3693,3513.308,29.695778,723.208
PNW81125,6204,6024.308,0.956993,39.964
PNW80682,2625,2445.308,7.374352,125.000
PNW81299,2405,2225.308,0.000000,0.000
PNW80875,1116,936.308,0.000000,0.000
PNW81314,2815,2635.308,108.150542,1975.662
PNW81158,1699,1519.308,1.234369,13.000
PNW80556,2096,1916.308,16.863911,224.015
PNW80886,3899,3719.308,3.959915,102.094
PNW81444,3225,3045.308,214.226082,4522.266
PNW81179,1479,1299.308,0.222057,2.000
PNW80807,5586,5406.308,1.921229,72.000
PNW80820,1835,1655.308,5.982738,68.649
PNW80997,696,516.555,2.208427,7.908
PNW80996,2702,2522.308,1.749884,30.596
PNW81124,6116,5936.308,1.360822,55.998
PNW80667,3535,3355.308,100.553528,2338.742
PNW80394,1327,1147.308,91.866565,730.618
PNW81048,4415,4235.308,1.669593,49.017
PNW81399,1612,1432.308,1.309346,13.000
PNW80363,3676,3496.308,1.899565,46.038
PNW81066,3184,3004.308,1.056454,22.001
PNW81194,1860,1680.308,13.495277,157.189
PNW80478,3887,3707.308,1.478862,38.005
PNW81287,1948,1768.308,8.413548,103.131
PNW81398,2351,2171.308,3.454851,52.000
PNW81382,1929,1749.308,0.283782,3.441
PNW81383,3581,3401.308,3.883525,91.564
PNW80623,8688,8508.308,2.103241,124.047
PNW81225,1854,1674.308,14.292846,165.885
PNW80813,1510,1330.308,1.951945,18.000
PNW81167,3881,3701.308,0.194878,5.000
PNW81231,3627,3447.308,1.423570,34.018
PNW80410,2081,1901.308,13.126261,173.000
PNW80706,3264,3084.308,19.794688,423.213
PNW81312,2594,2414.308,36.278475,607.148
PNW81168,3258,3078.308,4.686357,100.000
PNW81112,1187,1007.308,4.439640,31.000
PNW81122,2180,2000.308,0.000000,0.000
PNW81346,2259,2079.308,12.234471,176.342
PNW81347,2298,2118.308,5.699242,83.687
PNW81345,2272,2092.308,2.470330,35.829
PNW80857,1658,1478.308,38.820234,397.810
PNW80637,3609,3429.308,3.533623,84.000
PNW80588,2658,2478.308,3.958496,68.005
PNW81395,2903,2723.308,10.553262,199.221
PNW80830,3267,3087.308,1.214901,26.000
PNW80958,2543,2363.308,1.831253,30.000
PNW81288,2011,1831.308,5.986867,76.000
PNW81079,5932,5752.308,0.451417,18.000
PNW80823,3789,3609.308,1.918521,48.000
PNW80586,1186,1006.308,0.716781,5.000
PNW80816,4446,4266.308,1.251114,37.000
PNW81021,466,287.393,11.043165,22.000
PNW81348,1117,937.308,0.229185,1.489
PNW81045,2352,2172.308,495.071866,7454.907
PNW80517,1472,1292.308,14.515803,130.035
PNW81489,5072,4892.308,3.804234,129.013
PNW81376,3711,3531.308,1.983601,48.556
PNW81377,4491,4311.308,1.860347,55.598
PNW81187,13485,13305.308,2.146798,198.002
PNW81218,3034,2854.308,5.672736,112.240
PNW80365,4994,4814.308,4.584638,153.000
PNW81450,3102,2922.308,40.075390,811.814
PNW80389,2039,1859.308,8.612298,111.000
PNW81174,3879,3699.308,0.740936,19.000
PNW81131,526,346.935,0.000000,0.000
PNW80808,4278,4098.308,4.083202,116.000
PNW81074,3456,3276.308,143.606484,3261.455
PNW81191,3192,3012.308,0.000000,0.000
PNW81190,3092,2912.308,204.044802,4119.224
PNW81215,1957,1777.308,1.205843,14.856
PNW81038,3744,3564.308,7.244781,179.000
PNW80608,1068,888.308,63.798722,392.851
PNW81367,1845,1665.308,0.779642,9.000
PNW80906,1811,1631.308,21.784224,246.338
PNW80738,5374,5194.308,8.442938,304.000
PNW80874,1112,932.308,18.856221,121.862
PNW80327,7034,6854.308,18.922515,899.073
PNW80346,1076,896.308,0.000000,0.000
PNW81464,1917,1737.308,0.000000,0.000
PNW81463,1118,938.308,0.000000,0.000
PNW81304,5773,5593.308,0.279236,10.827
PNW81086,5270,5090.308,1.133609,40.000
PNW81063,2136,1956.308,1.327342,18.000
PNW80866,1680,1500.308,7.692538,80.002
PNW81035,2374,2194.308,1.249274,19.002
PNW81034,2377,2197.308,0.000000,0.000
PNW80627,3600,3420.308,8.141008,193.017
PNW81176,5448,5268.308,4.216936,154.000
PNW81177,4425,4245.308,0.000000,0.000
PNW80324,964,784.317,0.000000,0.000
PNW80630,3478,3298.308,0.526056,12.028
PNW80920,3788,3608.308,0.039980,1.000
PNW81181,3520,3340.308,3.458812,80.088
PNW80555,1407,1227.308,7.918668,67.369
PNW80765,2924,2744.308,98.716929,1877.920
PNW80983,2440,2260.308,0.000000,0.000
PNW81275,1470,1290.308,66.161687,591.770
PNW80999,2222,2042.308,0.000000,0.000
PNW81000,2079,1899.308,0.080839,1.064
PNW80998,2219,2039.308,0.000000,0.000
PNW80649,3443,3263.308,6.546905,148.097
PNW80650,3377,3197.308,6.365511,141.082
PNW80591,5471,5291.308,2.181094,80.000
PNW80754,965,785.317,0.000000,0.000
PNW80720,5848,5668.308,2.595937,102.000
PNW81329,4160,3980.308,0.109243,3.014
PNW80929,8284,8104.308,25.837145,1451.486
PNW81455,2935,2755.308,47.964058,916.091
PNW80530,3262,3082.308,10.367929,221.524
PNW80529,2316,2136.308,2.740747,40.587
PNW80506,1131,951.308,5.762485,38.000
PNW81429,4009,3829.308,0.640436,17.000
PNW81081,5881,5701.308,1.012122,40.000
PNW81082,5884,5704.308,0.000000,0.000
PNW81441,2352,2172.308,14.145352,213.004
PNW80499,1251,1071.308,14.139117,105.000
PNW80942,1846,1666.308,21.268271,245.663
PNW80961,1989,1809.308,6.378798,80.003
PNW80717,4179,3999.308,4.436828,123.001
PNW80510,627,447.630,7.412358,23.000
PNW80867,5356,5176.308,3.943508,141.500
PNW80481,1881,1701.308,2.035053,24.000
PNW81067,13324,13144.308,0.856060,78.000
PNW80915,7661,7481.308,1.369078,71.000
PNW81420,2696,2516.308,2.826118,49.295
PNW80677,4685,4505.308,0.800503,25.000
PNW81277,823,643.448,685.178511,3056.115
PNW80898,10191,10011.308,4.699387,326.125
PNW80553,2909,2729.308,0.475705,9.000
PNW80614,6506,6326.308,1.208574,53.000
PNW80838,4480,4300.308,2.683724,80.000
PNW80737,3884,3704.308,2.336765,60.003
PNW80587,3839,3659.308,37.108711,941.299
PNW80444,1771,1591.308,21.394648,236.000
PNW81342,4802,4622.308,0.062419,2.000
PNW80871,1626,1446.308,5.586286,56.006
PNW81239,2736,2556.308,2.759716,48.902
PNW80317,2043,1863.308,1.471012,19.000
PNW80318,861,681.404,0.000000,0.000
PNW80773,1017,837.308,0.000000,0.000
PNW80707,2048,1868.308,0.483722,6.265
PNW81114,8490,8310.308,0.746452,43.000
PNW80367,1568,1388.308,14.444140,139.005
PNW80544,4036,3856.308,4.639365,124.017
PNW80922,2550,2370.308,60.908153,1000.767
PNW80925,4362,4182.308,0.081799,2.371
PNW80581,3981,3801.308,0.689184,18.160
PNW80703,2829,2649.308,10.743659,197.305
PNW80845,1665,1485.308,0.000000,0.000
PNW80450,2233,2053.308,21.007061,299.001
PNW81357,1195,1015.308,10.940578,77.000
PNW80561,1997,1817.308,26.783826,337.407
PNW81469,2534,2354.308,0.612751,10.000
PNW80579,1980,1800.308,1.522489,19.000
PNW81132,1430,1250.308,44.423929,385.023
PNW80989,1837,1657.308,5.570884,64.000
PNW80521,1572,1392.308,2.176182,21.003
PNW81485,1586,1406.308,0.515732,5.028
PNW81093,6403,6223.308,0.000000,0.000
PNW81328,2971,2791.308,10.404157,201.311
PNW80740,3874,3694.308,3.592609,92.002
PNW81042,2156,1976.308,219.236654,3003.450
PNW80827,6008,5828.308,0.471149,19.035
PNW80358,2645,2465.308,77.821410,1329.912
PNW80381,1147,967.308,122.660342,822.473
PNW80756,2011,1831.308,24.795546,314.766
PNW80862,2532,2352.308,2.146452,35.000
PNW80376,1613,1433.308,29.382242,291.929
PNW81434,2088,1908.308,6.109595,80.819
PNW80701,1437,1257.308,4.360047,38.000
PNW80834,2965,2785.308,2.382495,46.000
PNW81090,1928,1748.308,99.678023,1208.008
PNW80729,1504,1324.308,156.540446,1437.038
PNW80726,3406,3226.308,0.044715,1.000
PNW80976,2922,2742.308,8.101861,154.012
PNW81486,3095,2915.308,15.144152,306.043
PNW80690,2392,2212.308,0.000000,0.000
PNW80384,2533,2353.308,2.881154,47.000
PNW81385,4335,4155.308,8.931653,257.269
PNW81007,1447,1267.308,1.024490,9.000
PNW80634,3245,3065.308,3.388955,72.010
PNW81458,3031,2851.308,0.758917,15.000
PNW81295,6085,5905.308,4.679932,191.573
PNW80928,2278,2098.308,10.107564,147.017
PNW81459,1655,1475.308,0.000000,0.000
PNW81460,2322,2142.308,0.000000,0.000
PNW80413,1968,1788.308,3.065411,38.000
PNW80310,1282,1102.308,6.281822,48.000
PNW80567,3513,3333.308,7.044910,162.781
PNW80785,9986,9806.308,0.264798,18.000
PNW81162,2085,1905.308,19.989014,264.003
PNW81163,2075,1895.308,0.000000,0.000
PNW80680,995,815.310,130.395135,736.947
PNW81100,3997,3817.308,1.064127,28.158
PNW80583,1009,829.308,0.173953,1.000
PNW81482,1831,1651.308,4.455429,51.000
PNW80741,4129,3949.308,11.101307,303.912
PNW80686,3830,3650.308,5.267433,133.285
PNW81411,5274,5094.308,4.845787,171.121
PNW80694,6819,6639.308,0.912928,42.016
PNW80589,6104,5924.308,3.338776,137.113
PNW81389,3057,2877.308,3.309063,66.000
PNW80574,722,542.532,0.265902,1.000
PNW81325,2711,2531.308,6.618596,116.135
PNW80399,1114,934.308,223.609675,1448.216
PNW80675,6203,6023.308,1.064959,44.465
PNW80461,1095,915.308,112.431570,713.359
PNW80927,3629,3449.308,1.338337,32.000
PNW80772,1027,847.308,0.000000,0.000
PNW81184,2476,2296.308,1.067988,17.000
PNW81099,5542,5362.308,0.968497,36.000
PNW81381,5281,5101.308,10.462070,369.957
PNW80877,3178,2998.308,10.440507,216.995
PNW80326,2232,2052.308,15.044005,214.022
PNW80603,2246,2066.308,10.825147,155.053
PNW81186,1463,1283.308,17.197278,152.983
PNW81487,3188,3008.308,19.731635,411.470
PNW80796,5723,5543.308,1.509407,58.000
PNW80900,2398,2218.308,8.064248,124.005
PNW80963,1016,836.308,16.926879,98.129
PNW80797,6154,5974.308,7.857133,325.390
PNW81343,3880,3700.308,0.000000,0.000
PNW80861,2573,2393.308,4.701576,78.000
PNW81431,4657,4477.308,11.329025,351.611
PNW81002,1961,1781.308,2.291024,28.289
PNW81001,561,381.798,0.000000,0.000
PNW81173,3055,2875.308,3.010331,60.000
PNW81300,1554,1374.308,0.000000,0.000
PNW81454,5227,5047.308,0.457307,16.000
PNW80380,1827,1647.308,29.360055,335.262
PNW81095,2362,2182.308,1.147073,17.352
PNW81233,7207,7027.308,2.340259,114.000
PNW80390,3005,2825.308,2.222888,43.535
PNW81123,3269,3089.308,0.000000,0.000
PNW80987,5747,5567.308,10.527340,406.272
PNW80468,1206,1026.308,5.341378,38.000
PNW81055,1700,1520.308,10.860776,114.458
PNW80315,2367,2187.308,0.683985,10.371
PNW80539,1892,1712.308,10.459758,124.153
PNW80540,1910,1730.308,0.000000,0.000
PNW81171,2527,2347.308,6.023788,98.015
PNW81261,1675,1495.308,7.814510,81.000
PNW81137,3296,3116.308,8.286289,179.000
PNW80466,2103,1923.308,28.870450,384.906
PNW81326,2505,2325.308,4.575308,73.749
PNW80879,1965,1785.308,38.707688,479.030
PNW81203,1520,1340.308,17.873782,166.063
PNW81336,1373,1193.308,46.624938,385.677
PNW81217,2120,1940.308,0.000000,0.000
PNW81406,14665,14485.308,1.573585,158.005
PNW81263,1635,1455.308,17.046407,171.965
PNW80939,1914,1734.308,0.000000,0.000
PNW80755,2031,1851.308,16.677731,214.027
PNW80311,1804,1624.308,62.264032,701.065
PNW81315,3885,3705.308,0.000000,0.000
PNW81316,4496,4316.308,0.000000,0.000
PNW80382,5338,5158.308,7.976075,285.200
PNW80361,2149,1969.308,18.662372,254.761
PNW80451,5305,5125.308,54.099400,1922.051
PNW81386,2071,1891.308,0.236405,3.099
PNW80503,2560,2380.308,0.242423,4.000
PNW80501,2572,2392.308,0.000000,0.000
PNW80502,2955,2775.308,0.000000,0.000
PNW81442,3922,3742.308,0.233973,6.070
PNW80800,2708,2528.308,1.369395,24.000
PNW80896,2735,2555.308,28.537450,505.488
PNW80397,1741,1561.308,23.007601,249.008
PNW80411,5707,5527.308,11.468023,439.395
PNW80923,4074,3894.308,8.215563,221.779
PNW80968,3331,3151.308,0.732448,16.000
PNW80933,2221,2041.308,296.112561,4190.038
PNW80488,5649,5469.308,6.842615,259.422
PNW80386,3935,3755.308,21.515841,560.088
PNW80992,20059,19879.308,1.278500,176.179
PNW81107,8780,8600.308,0.313054,18.663
PNW81407,11438,11258.308,3.691422,288.084
PNW80868,2485,2305.308,11.611627,185.556
PNW80422,3121,2941.308,2.502225,51.018
PNW80331,4813,4633.308,2.932376,94.181
PNW80657,3317,3137.308,12.694546,276.075
PNW80615,2288,2108.308,2.873840,42.000
PNW81183,2361,2181.308,12.572995,190.111
PNW80428,3659,3479.308,12.065571,291.000
PNW80723,5017,4837.308,13.780977,462.100
PNW81339,5402,5222.308,1.416016,51.261
PNW80978,2319,2139.308,0.000000,0.000
PNW81419,2559,2379.308,2.243387,37.000
PNW80552,734,554.523,0.000000,0.000
PNW81289,6069,5889.308,0.146972,6.000
PNW80403,3338,3158.308,27.985500,612.689
PNW80362,3281,3101.308,0.418644,9.000
PNW81313,3862,3682.308,1.843030,47.044
PNW81018,3639,3459.308,3.002553,72.000
PNW80577,3502,3322.308,4.038225,93.000
PNW81098,2168,1988.308,21.766070,299.997
PNW81290,2438,2258.308,3.194007,50.000
PNW80415,6242,6062.308,7.543921,317.021
PNW81414,1669,1489.308,4.201872,43.379
PNW81415,1970,1790.308,0.000000,0.000
PNW81416,2080,1900.308,4.959424,65.329
PNW81473,2627,2447.308,1.119985,19.000
PNW81356,6961,6781.308,0.603385,28.364
PNW81252,4815,4635.308,0.031122,1.000
PNW81422,3456,3276.308,1.144817,26.000
PNW80525,7583,7403.308,5.775111,296.373
PNW80575,2746,2566.308,0.337279,6.000
PNW80727,582,402.740,0.000000,0.000
PNW81164,1939,1759.308,2085.648012,25435.220
PNW80445,1985,1805.308,5.114181,64.000
PNW80447,2206,2026.308,0.000000,0.000
PNW80518,2753,2573.308,1.906149,34.002
PNW81013,2439,2259.308,42.427268,664.466
PNW81014,2419,2239.308,0.000000,0.000
PNW80774,1597,1417.308,0.000000,0.000
PNW81005,2902,2722.308,8.969020,169.252
PNW80507,1566,1386.308,18.525252,178.023
PNW80655,5452,5272.308,0.766134,28.000
PNW81427,3312,3132.308,5.950355,129.199
PNW81130,5082,4902.308,0.000000,0.000
PNW81257,2263,2083.308,8.199256,118.408
PNW80628,1044,864.308,58.089802,348.034
PNW81425,10176,9996.308,1.053491,73.000
PNW81036,5602,5422.308,2.464303,92.626
PNW80903,9276,9096.308,1.698062,107.071
PNW80966,2701,2521.308,7.610919,133.020
PNW81468,2995,2815.308,31.261471,610.082
PNW80566,2565,2385.308,21.630632,357.657
PNW80817,2657,2477.308,8.286251,142.295
PNW81273,956,776.322,0.557477,3.000
PNW81294,2945,2765.308,0.521680,10.000
PNW81293,2785,2605.308,0.000000,0.000
PNW80617,3073,2893.308,5.783767,116.000
PNW80629,1618,1438.308,10.330770,103.000
PNW80829,4558,4378.308,16.705886,507.024
PNW81341,5457,5277.308,10.731745,392.586
PNW80846,2277,2097.308,30.629150,445.297
PNW80523,2296,2116.308,9.270592,136.000
PNW80653,5609,5429.308,1.932470,72.729
PNW80833,6028,5848.308,1.702026,69.000
PNW81212,3264,3084.308,3.889175,83.151
PNW81022,2945,2765.308,4.799453,92.000
PNW81278,1198,1018.308,2.975003,21.000
PNW80462,4451,4271.308,0.439066,13.000
PNW80505,2417,2237.308,5.165474,80.110
PNW81064,1742,1562.308,3.047156,33.000
PNW80805,521,341.966,0.843713,2.000
PNW80776,2821,2641.308,2.621619,48.000
PNW80710,4078,3898.308,5.217851,141.000
PNW81476,5745,5565.308,6.350740,245.000
PNW80883,6704,6524.308,0.117596,5.318
PNW81129,2362,2182.308,204.952620,3100.431
PNW80494,8621,8441.308,1.435546,84.000
PNW81302,824,644.446,17.910280,80.009
PNW81417,3011,2831.308,4.432821,87.000
PNW81121,1371,1191.308,0.000000,0.000
PNW80314,2724,2544.308,46.671491,823.140
PNW80409,5193,5013.308,13.097897,455.175
PNW81334,1750,1570.308,220.532291,2400.544
PNW81340,1410,1230.308,6.227877,53.114
PNW80584,869,689.390,186.930128,893.298
PNW80688,3307,3127.308,36.221825,785.224
PNW80894,5046,4866.308,22.531505,760.050
PNW80847,309,138.030,11.391030,10.899
PNW80848,1368,1188.308,7.472868,61.556
PNW81058,2119,1939.308,21.127252,284.016
PNW80799,1121,941.308,0.459766,3.000
PNW81148,3254,3074.308,8.400458,179.021
PNW80370,6221,6041.308,0.358185,15.000
PNW80956,2389,2209.308,41.044908,628.591
PNW80585,3404,3224.308,4.250670,95.005
PNW81333,2374,2194.308,0.986146,15.000
PNW80840,2008,1828.308,15.642192,198.244
PNW81247,1977,1797.308,4.896158,61.000
PNW80648,3394,3214.308,27.785111,619.088
PNW81219,9197,9017.308,0.324200,20.265
PNW81220,5757,5577.308,0.174210,6.735
PNW81285,1563,1383.308,22.016636,211.117
PNW81271,5357,5177.308,0.000000,0.000
PNW81272,5345,5165.308,5.529437,197.984
PNW81077,1657,1477.308,0.000000,0.000
PNW81301,5095,4915.308,18.370407,625.925
PNW80491,3249,3069.308,6.063127,129.000
PNW80719,1607,1427.308,10.410657,103.003
PNW80831,4490,4310.308,0.301219,9.000
PNW80941,1376,1196.308,37.298880,309.308
PNW80926,5221,5041.308,4.735488,165.486
PNW81085,2489,2309.308,0.000000,0.000
PNW80902,1073,893.308,3395.400659,21025.432
PNW81126,5172,4992.308,1.716395,59.398
PNW81323,2911,2731.308,14.466207,273.891
PNW80671,1196,1016.308,0.141946,1.000
PNW80493,3737,3557.308,0.202766,5.000
PNW81216,2080,1900.308,0.086146,1.135
PNW80546,1468,1288.308,9.850019,87.965
PNW80319,1946,1766.308,4.492040,55.000
PNW80508,5591,5411.308,0.426545,16.000
PNW81109,1873,1693.308,13.114366,153.934
PNW81480,2069,1889.308,4.657918,61.002
PNW81481,2185,2005.308,0.000000,0.000
PNW81017,1786,1606.308,10.331025,115.034
PNW80977,2010,1830.308,1.421350,18.033
PNW80793,1578,1398.308,36.258886,351.455
PNW80531,2147,1967.308,6.159626,84.000
PNW80543,1687,1507.308,2.009855,21.000
PNW81143,1947,1767.308,3.741700,45.839
PNW80557,5657,5477.308,3.387480,128.616
PNW80913,7890,7710.308,2.459948,131.477
PNW81373,2272,2092.308,18.275568,265.063
PNW81069,1478,1298.308,0.000000,0.000
PNW81166,3273,3093.308,2.425089,52.000
PNW81154,3042,2862.308,17.667569,350.547
PNW81445,1194,1014.308,253.391686,1781.619
PNW80407,3020,2840.308,1.676085,33.000
PNW81477,546,366.849,0.786484,2.000
PNW80809,1603,1423.308,20.418803,201.457
PNW80659,4020,3840.308,4.282390,114.000
PNW81380,1430,1250.308,89.925049,779.382
PNW81043,4585,4405.308,7.833516,239.213
PNW81185,2201,2021.308,54.899293,769.222
PNW81169,1488,1308.308,0.000000,0.000
PNW80511,2567,2387.308,34.184852,565.711
PNW80635,1071,891.308,1.132968,7.000
PNW80359,4231,4051.308,7.778047,218.433
PNW80691,4800,4620.308,10.003484,320.387
PNW80541,1298,1118.308,28.255405,219.036
PNW81379,6210,6030.308,2.108402,88.134
PNW80745,1719,1539.308,14.526252,155.000
PNW80395,3482,3302.308,93.667145,2144.161
PNW80307,3070,2890.308,8.435077,169.000
PNW81165,4498,4318.308,4.777161,143.000
PNW80946,7033,6853.308,1.136711,54.001
PNW80758,3412,3232.308,0.357046,8.000
PNW80957,3340,3160.308,205.087169,4492.835
PNW80509,1427,1247.308,3.816696,33.000
PNW80714,1687,1507.308,20.042469,209.414
PNW80569,3252,3072.308,6.620668,141.000
PNW81265,3019,2839.308,2.184758,43.000
PNW80986,1311,1131.308,9.181190,72.000
PNW80611,2414,2234.308,6.199194,96.013
PNW80644,2361,2181.308,0.198405,3.000
PNW81369,2265,2085.308,35.684169,515.820
PNW80995,1102,922.308,0.772004,4.936
PNW80832,10736,10556.308,1.654145,121.043
PNW81484,1606,1426.308,1658.629285,16398.921
PNW80612,2212,2032.308,9.867912,139.017
PNW81033,926,746.331,0.000000,0.000
PNW80427,4402,4222.308,38.488621,1126.509
PNW80735,3876,3696.308,2.536843,65.000
PNW80753,7376,7196.308,0.060139,3.000
PNW80405,1827,1647.308,2.452057,28.000
PNW80945,1062,882.308,762.705224,4664.763
PNW80684,7869,7689.308,3.017318,160.828
PNW80953,12337,12157.308,2.017247,170.000
PNW81264,1789,1609.308,2.061750,23.000
PNW81368,2949,2769.308,3.339279,64.103
PNW80438,2244,2064.308,6.929255,99.155
PNW80572,1815,1635.308,4.317548,48.943
PNW81106,1542,1362.308,0.000000,0.000
PNW80654,1671,1491.308,7.738736,80.000
PNW80619,11432,11252.308,0.987181,77.000
PNW80329,3488,3308.308,0.130817,3.000
PNW81269,3021,2841.308,20.615249,406.031
PNW81214,1974,1794.308,0.000000,0.000
PNW80495,4707,4527.308,26.445480,829.935
PNW81453,2692,2512.308,0.000000,0.000
PNW81025,4878,4698.308,0.000000,0.000
PNW81024,4875,4695.308,0.092399,3.007
PNW81306,2221,2041.308,2.614813,37.000
PNW80994,1617,1437.308,1.605903,16.000
PNW81452,5881,5701.308,0.000000,0.000
PNW80400,1206,1026.308,10.963879,78.000
PNW80486,3774,3594.308,42.316482,1054.332
PNW80810,3459,3279.308,17.762239,403.769
PNW80863,5826,5646.308,1.124179,44.000
PNW80943,3654,3474.308,3.903076,94.000
PNW80391,2712,2532.308,3.803628,66.768
PNW80560,1770,1590.308,0.091480,1.008
PNW81426,1928,1748.308,55.189883,668.852
PNW80593,4605,4425.308,58.219373,1785.926
PNW80565,4029,3849.308,2.061235,55.000
PNW80439,1796,1616.308,0.000000,0.000
PNW80573,3314,3134.308,0.690394,15.000
PNW80496,2366,2186.308,0.989754,15.000
PNW80907,4945,4765.308,1.876930,62.000
PNW80819,1349,1169.308,17.642532,143.002
PNW80778,1855,1675.308,4.647342,53.970
PNW80458,3528,3348.308,31.385678,728.466
PNW81182,2699,2519.308,0.114524,2.000
PNW81019,3045,2865.308,0.956599,19.000
PNW81483,1505,1325.308,10.340800,95.000
PNW80479,3294,3114.308,2.284615,49.320
PNW80984,6493,6313.308,2.947679,129.000
PNW80759,4699,4519.308,4.948477,155.023
PNW80408,2141,1961.308,0.441319,6.000
PNW80824,1082,902.308,0.000000,0.000
PNW80825,2397,2217.308,0.000000,0.000
PNW80826,2492,2312.308,0.686269,11.000
PNW80905,4371,4191.308,0.826055,24.000
PNW80678,3190,3010.308,40.197128,838.800
PNW81193,6484,6304.308,1.693341,74.000
PNW81153,2714,2534.308,101.654656,1785.826
PNW80885,3205,3025.308,1.232798,25.853
PNW81145,3232,3052.308,2.552189,54.000
PNW81253,3394,3214.308,294.166726,6554.410
PNW81232,8526,8346.308,0.467608,27.054
PNW80308,2452,2272.308,5.459824,86.000
PNW80891,923,743.335,199.627552,1028.626
PNW81238,1509,1329.308,3.581259,33.000
PNW80374,6625,6445.308,0.246205,11.000
PNW80457,7607,7427.308,2.552093,131.395
PNW80393,1607,1427.308,1.516076,15.000
PNW80355,2457,2277.308,2.280490,36.000
PNW80602,771,591.497,0.000000,0.000
PNW80559,1505,1325.308,0.217701,2.000
PNW80918,5776,5596.308,7.422842,287.955
PNW81224,1550,1370.308,22.089481,209.825
PNW80536,1824,1644.308,0.000000,0.000
PNW80844,2220,2040.308,33.646742,475.873
PNW80709,2323,2143.308,45.796186,680.403
PNW81456,3631,3451.308,2.382531,57.000
PNW80526,3350,3170.308,2.593707,57.000
PNW81424,1713,1533.308,0.000000,0.000
PNW81322,4094,3914.308,17.785274,482.579
PNW80354,3477,3297.308,0.481261,11.000
PNW80972,816,636.459,0.226661,1.000
PNW81207,3132,2952.308,14.475893,296.251
PNW81400,2649,2469.308,0.000000,0.000
PNW81279,588,408.723,3.176587,9.000
PNW80398,3079,2899.308,13.462084,270.557
PNW80665,6909,6729.308,7.132519,332.710
PNW81439,2038,1858.308,8.617071,111.002
PNW80578,2081,1901.308,3.187159,42.006
PNW81152,1817,1637.308,2.026492,23.000
PNW81351,5114,4934.308,5.145574,176.000
PNW80350,4241,4061.308,2.939530,82.755
PNW80708,1582,1402.308,42.458939,412.729
PNW80341,3940,3760.308,0.968671,25.249
PNW80342,3399,3219.308,0.000000,0.000
PNW80387,2488,2308.308,8.374506,134.000
PNW80441,4240,4060.308,0.071059,2.000
PNW81206,5551,5371.308,4.438298,165.253
PNW81397,1877,1697.308,27.283856,321.010
PNW80435,12620,12440.308,0.590018,50.880
PNW80431,2102,1922.308,2.077747,27.687
PNW81267,3223,3043.308,5.087689,107.329
PNW80421,2216,2036.308,15.554339,219.557
PNW80893,957,777.321,27.081186,145.922
PNW81327,2002,1822.308,9.262143,117.000
PNW81078,3509,3329.308,6.949574,160.385
PNW81070,3892,3712.308,88.475123,2276.763
PNW80661,1065,885.308,18.576238,114.000
PNW81068,1515,1335.308,0.324106,3.000
PNW81390,5964,5784.308,1.321819,53.000
PNW81222,1706,1526.308,19.595424,207.324
PNW80366,1697,1517.308,11.356997,119.451
PNW80568,2065,1885.308,24.788042,323.949
PNW80849,1692,1512.308,0.612189,6.418
PNW81016,2213,2033.308,70.023568,986.961
PNW80340,3123,2943.308,1.029274,21.000
PNW80858,2779,2599.308,22.817123,411.122
PNW80731,1896,1716.308,4.202640,50.000
PNW80463,7897,7717.308,5.151840,275.601
PNW81020,1470,1290.308,3.913110,35.000
PNW80321,1638,1458.308,26.917683,272.107
PNW81189,18950,18770.308,1.006830,131.003
PNW81466,642,462.608,0.000000,0.000
PNW80392,3496,3316.308,4.437034,102.000
PNW80430,1952,1772.308,2.070193,25.433
PNW80940,4955,4775.308,18.451734,610.789
PNW80474,2662,2482.308,0.058115,1.000
PNW80669,1074,894.308,81.178512,503.247
PNW80456,849,669.417,1.724013,8.000
PNW80624,1861,1681.308,269.388538,3139.634
PNW81134,2498,2318.308,0.000000,0.000
PNW80484,2587,2407.308,0.265493,4.430
PNW80412,1963,1783.308,4.125639,51.000
PNW81047,16229,16049.308,25.928129,2884.563
PNW81297,9895,9715.308,0.415766,28.000
PNW80681,6956,6776.308,2.533386,119.000
PNW80656,3229,3049.308,1.466587,31.000
PNW80651,1464,1284.308,0.000000,0.000
PNW80545,1868,1688.308,17.943825,210.000
PNW80716,2521,2341.308,3.881767,63.000
PNW80448,3852,3672.308,1.532050,39.000
PNW80880,10155,9975.308,6.059223,418.982
PNW80520,4595,4415.308,1.307013,40.003
PNW80801,2876,2696.308,41.191495,769.892
PNW80687,3751,3571.308,4.160613,103.000
PNW81076,2377,2197.308,29.282331,446.015
PNW81276,3291,3111.308,3.152923,68.000
PNW80739,2440,2260.308,0.000000,0.000
PNW80550,4776,4596.308,0.564951,18.000
PNW80895,5324,5144.308,30.003202,1069.910
PNW80360,3761,3581.308,7.129828,177.000
PNW80791,1206,1026.308,2.530126,18.000
PNW80676,3013,2833.308,6.058995,119.000
PNW80551,12077,11897.308,1.313689,108.341
PNW80788,1641,1461.308,48.691395,493.227
PNW80483,1274,1094.308,6.682159,50.688
PNW80538,1928,1748.308,0.000000,0.000
PNW80498,7263,7083.308,10.846190,532.557
PNW81221,2214,2034.308,49.932609,704.131
PNW81412,6880,6700.308,15.396149,715.088
PNW80339,2797,2617.308,17.527619,318.002
PNW81318,1276,1096.308,0.000000,0.000
PNW81115,6744,6564.308,2.875258,130.833
PNW80718,1622,1442.308,7.001441,70.000
PNW81241,2789,2609.308,0.165861,3.000
PNW81161,2724,2544.308,16.670342,294.013
PNW81075,2122,1942.308,8.034898,108.181
PNW80312,2066,1886.308,9.834930,128.599
PNW80576,1233,1053.308,0.684797,5.000
PNW81117,5510,5330.308,0.606401,22.406
PNW80356,8153,7973.308,2.324034,128.450
PNW80775,3600,3420.308,0.253066,6.000
PNW81371,1851,1671.308,7.941475,92.005
PNW80911,1670,1490.308,2.129580,22.000
PNW81280,5861,5681.308,1.041077,41.000
PNW81401,2374,2194.308,0.328715,5.000
PNW81029,527,347.930,0.000000,0.000
PNW80924,2835,2655.308,70.033504,1289.061
PNW80811,3320,3140.308,2.176271,47.374
PNW81374,4288,4108.308,39.949406,1137.695
PNW81012,2591,2411.308,433.575825,7247.201
PNW81436,1781,1601.308,0.000000,0.000
PNW81226,1988,1808.308,14.697719,184.236
PNW80806,2871,2691.308,34.991988,652.807
PNW81096,1484,1304.308,1.882066,17.016
PNW80622,6462,6282.308,0.045926,2.000
PNW80464,1465,1285.308,0.448952,4.000
PNW81246,1157,977.308,3.395031,23.000
PNW81160,2891,2711.308,0.564897,10.617
PNW80352,4771,4591.308,6.315647,201.005
PNW80853,3383,3203.308,2.071636,46.001
PNW81120,5632,5452.308,4.418645,167.002
PNW80610,1101,921.308,0.000000,0.000
PNW81403,5586,5406.308,3.202900,120.032
PNW80658,5175,4995.308,82.784278,2866.571
PNW80465,4322,4142.308,2.794850,80.252
PNW81188,3766,3586.308,3.580076,89.000
PNW80792,1106,926.308,0.000000,0.000
PNW81266,4043,3863.308,7.138712,191.175
PNW80964,5012,4832.308,2.418120,81.000
PNW81229,2709,2529.308,12.950004,227.051
PNW81286,1956,1776.308,3.898256,48.000
PNW80440,4589,4409.308,2.290209,70.000
PNW80604,1266,1086.308,52.237231,393.356
PNW80309,4191,4011.308,4.315615,120.000
PNW80930,1173,993.308,21.639622,149.000
PNW81235,1470,1290.308,0.111803,1.000
PNW80852,2518,2338.308,1.295582,21.000
PNW81059,1807,1627.308,5.744438,64.799
PNW80325,658,478.589,0.000000,0.000
PNW81274,985,805.313,1354.053487,7558.803
PNW81457,4196,4016.308,0.215513,6.000
PNW81213,2441,2261.308,67.235567,1053.929
PNW81428,1486,1306.308,100.550887,910.509
PNW80803,2003,1823.308,89.030115,1125.251
PNW80592,3976,3796.308,2.667013,70.184
PNW80777,2837,2657.308,7.437527,137.001
PNW81409,1815,1635.308,4.410805,50.000
PNW80715,1666,1486.308,21.838414,225.000
PNW81475,8295,8115.308,3.555269,200.000
PNW81249,2539,2359.308,3.974442,65.000
PNW80652,2124,1944.308,34.708933,467.799
PNW80477,1765,1585.308,15.738670,172.955
PNW80962,1517,1337.308,25.673962,238.000
PNW81178,1735,1555.308,17.767471,191.556
PNW81103,1723,1543.308,0.000000,0.000
PNW81127,1242,1062.308,0.000000,0.000
PNW79592,3502,3322.308,6.210045,143.017
PNW79844,2284,2104.308,112.676537,1643.597
PNW80111,1314,1134.308,0.000000,0.000
PNW80112,631,451.622,0.000000,0.000
PNW79843,3817,3637.308,16.221841,409.009
PNW79842,2892,2712.308,0.000000,0.000
PNW80020,1858,1678.308,3.008457,35.000
PNW80233,8424,8244.308,0.717426,41.000
PNW79865,1987,1807.308,0.000000,0.000
PNW79864,1216,1036.308,0.000000,0.000
PNW80218,2309,2129.308,4.496458,66.368
PNW79548,2222,2042.308,7.703702,109.062
PNW80226,2538,2358.308,3.914956,64.000
PNW79572,2347,2167.308,1.730614,26.000
PNW80106,2579,2399.308,8.829769,146.855
PNW79942,8452,8272.308,5.032475,288.576
PNW79638,1316,1136.308,5.966905,47.000
PNW80254,5834,5654.308,37.370906,1464.757
PNW80170,2947,2767.308,20.750287,398.047
PNW79568,3148,2968.308,0.097200,2.000
PNW79874,8194,8014.308,0.036001,2.000
PNW79891,1992,1812.308,50.405174,633.227
PNW80305,2298,2118.308,0.000000,0.000
PNW80303,3011,2831.308,2.951581,57.929
PNW80304,2112,1932.308,1.266759,16.968
PNW80070,3562,3382.308,11.137759,261.134
PNW79971,2775,2595.308,0.000000,0.000
PNW79615,3678,3498.308,0.000000,0.000
PNW79978,1799,1619.308,0.000000,0.000
PNW79521,2589,2409.308,19.947517,333.145
PNW80251,6350,6170.308,13.591775,581.347
PNW80284,1728,1548.308,0.000000,0.000
PNW80283,2432,2252.308,6.981458,109.000
PNW79668,9800,9620.308,1.711099,114.108
PNW79667,9348,9168.308,30.779006,1956.124
PNW80177,3299,3119.308,1.927200,41.671
PNW80262,11002,10822.308,0.146629,11.000
PNW79765,3446,3266.308,0.927491,21.000
PNW79540,1063,883.308,40.782279,249.710
PNW80028,3194,3014.308,1.148606,24.000
PNW79639,1199,1019.308,0.000000,0.000
PNW79640,1118,938.308,0.307491,2.000
PNW79685,1726,1546.308,28.174665,302.000
PNW79966,1649,1469.308,96.735930,985.265
PNW79908,5600,5420.308,1.437200,54.000
PNW80094,704,524.547,0.000000,0.000
PNW79526,5500,5320.308,47.251328,1742.623
PNW79576,4126,3946.308,9.690515,265.088
PNW80197,5509,5329.308,3.960188,146.298
PNW79620,2346,2166.308,0.000000,0.000
PNW79619,2336,2156.308,7.024670,105.000
PNW79618,2377,2197.308,1.903945,29.000
PNW79708,5559,5379.308,4.620488,172.293
PNW79709,5562,5382.308,1.519911,56.707
PNW80162,4624,4444.308,51.824904,1596.597
PNW79791,4243,4063.308,0.177516,5.000
PNW80175,3299,3119.308,9.713870,210.041
PNW79717,3581,3401.308,11.872957,279.935
PNW80103,1309,1129.308,220.463471,1725.845
PNW79740,3161,2981.308,1.097520,22.682
PNW80145,944,764.324,3.208623,17.000
PNW79930,2731,2551.308,6.203793,109.717
PNW80078,1979,1799.308,0.000000,0.000
PNW80079,1849,1669.308,9.765385,113.000
PNW79694,1030,850.308,0.000000,0.000
PNW80239,11175,10995.308,2.464497,187.840
PNW79887,2153,1973.308,15.437644,211.168
PNW79706,1311,1131.308,5.610727,44.000
PNW79940,2401,2221.308,45.742199,704.334
PNW80073,6163,5983.308,0.000000,0.000
PNW80074,6160,5980.308,0.651310,27.000
PNW79999,4442,4262.308,0.710758,21.000
PNW80246,2415,2235.308,3.167880,49.086
PNW80090,5463,5283.308,2.621277,96.000
PNW79914,941,761.327,1.515885,8.000
PNW79949,2303,2123.308,0.000000,0.000
PNW80167,1766,1586.308,0.000000,0.000
PNW80168,1503,1323.308,1.705297,15.643
PNW79960,1526,1346.308,0.000000,0.000
PNW79696,2287,2107.308,0.068457,1.000
PNW79768,2874,2694.308,0.000000,0.000
PNW79767,5381,5201.308,2.052422,74.000
PNW79734,7157,6977.308,1.550675,75.000
PNW79606,1123,943.308,53.183126,347.760
PNW79605,666,486.582,6977.927201,23536.149
PNW79611,22517,22337.308,0.452118,70.006
PNW79711,7214,7034.308,6.219117,303.251
PNW80144,2453,2273.308,5.839447,92.020
PNW79722,5825,5645.308,0.459973,18.000
PNW80031,7236,7056.308,1.737756,85.000
PNW79541,714,534.540,4.587926,17.000
PNW80265,4185,4005.308,0.973439,27.027
PNW80002,6328,6148.308,0.000000,0.000
PNW80223,3418,3238.308,41.436046,930.141
PNW79677,2615,2435.308,0.000000,0.000
PNW80047,1984,1804.308,0.000000,0.000
PNW80007,4514,4334.308,1.664976,50.024
PNW79693,8006,7826.308,0.036993,2.007
PNW80086,2662,2482.308,0.058115,1.000
PNW79547,586,406.730,1705.371529,4808.148
PNW80204,5161,4981.308,1.621781,56.000
PNW79750,1925,1745.308,0.000000,0.000
PNW79749,15932,15752.308,0.000000,0.000
PNW79990,2524,2344.308,0.000000,0.000
PNW79991,2007,1827.308,42.976407,544.370
PNW79519,2598,2418.308,1993.777160,33422.644
PNW79779,4806,4626.308,0.498922,16.000
PNW79924,4355,4175.308,0.552819,16.000
PNW80146,8373,8193.308,4.108890,233.365
PNW80134,5938,5758.308,6.363418,254.002
PNW79789,1161,981.308,0.000000,0.000
PNW80263,1816,1636.308,1.410609,16.000
PNW80276,4200,4020.308,26.361264,734.646
PNW79784,1099,919.308,0.000000,0.000
PNW79783,2735,2555.308,0.000000,0.000
PNW79876,2143,1963.308,4.849566,66.000
PNW79877,2065,1885.308,0.000000,0.000
PNW79614,2340,2160.308,0.467444,7.000
PNW80098,4252,4072.308,0.177124,5.000
PNW79825,2326,2146.308,97.826222,1455.459
PNW80115,5502,5322.308,2.279426,84.097
PNW80186,3056,2876.308,0.300996,6.001
PNW80252,1750,1570.308,0.091868,1.000
PNW79539,3335,3155.308,1.647319,36.031
PNW80179,3309,3129.308,9.522244,206.557
PNW79566,13614,13434.308,0.687248,64.000
PNW79778,6123,5943.308,1.894048,78.032
PNW80048,2348,2168.308,0.066531,1.000
PNW80133,2526,2346.308,35.408834,575.903
PNW79532,1795,1615.308,101.887367,1140.849
PNW79845,1654,1474.308,10.684468,109.193
PNW79635,2195,2015.308,1.861141,26.000
PNW79636,2232,2052.308,0.000000,0.000
PNW80247,1971,1791.308,1.089234,13.525
PNW80248,1509,1329.308,52.474759,483.536
PNW79512,1971,1791.308,0.190775,2.369
PNW79824,655,475.592,0.000000,0.000
PNW80019,991,811.312,19.356107,108.858
PNW79895,6297,6117.308,5.231579,221.843
PNW79896,6294,6114.308,2.534088,107.404
PNW80213,1392,1212.308,0.000000,0.000
PNW80214,2456,2276.308,13.062975,206.123
PNW79867,6048,5868.308,3.134252,127.497
PNW79910,878,698.378,3.305426,16.002
PNW80052,1670,1490.308,39.610316,409.201
PNW80109,3039,2859.308,6.386156,126.576
PNW80217,2998,2818.308,4.760383,93.000
PNW80034,2928,2748.308,9.748598,185.721
PNW80033,2286,2106.308,0.381408,5.569
PNW80185,3164,2984.308,0.000000,0.000
PNW80255,3704,3524.308,2.497456,61.013
PNW80270,3384,3204.308,13.371131,296.999
PNW79836,1629,1449.308,0.398566,4.004
PNW79588,2891,2711.308,2.500734,47.000
PNW80290,1184,1004.308,4.083517,28.429
PNW80289,1397,1217.308,0.778774,6.571
PNW79597,3442,3262.308,7.373192,166.737
PNW79731,1596,1416.308,3.768699,37.000
PNW79641,3081,2901.308,2.436406,49.000
PNW80277,1191,1011.308,19.016095,133.308
PNW79801,1602,1422.308,0.000000,0.000
PNW79800,2697,2517.308,1.146149,20.000
PNW79538,2473,2293.308,52.917174,841.224
PNW79650,2315,2135.308,1.622133,24.010
PNW79787,4812,4632.308,0.591703,19.000
PNW79875,8168,7988.308,0.090315,5.001
PNW79645,2154,1974.308,8.150181,111.541
PNW79932,3029,2849.308,0.672533,13.283
PNW79885,2778,2598.308,17.767022,320.006
PNW79632,4441,4261.308,0.813088,24.018
PNW79878,3245,3065.308,8.285215,176.048
PNW79879,2919,2739.308,0.000000,0.000
PNW79967,1103,923.308,4.091692,26.188
PNW79679,5092,4912.308,5.391188,183.579
PNW79603,3098,2918.308,6.327492,128.002
PNW80285,1862,1682.308,27.905876,325.427
PNW79981,2300,2120.308,0.000000,0.000
PNW79982,3698,3518.308,0.000000,0.000
PNW79855,936,756.328,5.722193,30.000
PNW80207,608,428.677,4019.585873,11944.404
PNW80164,2281,2101.308,3.525813,51.357
PNW79501,2328,2148.308,0.201452,3.000
PNW79690,6507,6327.308,0.273596,12.000
PNW80189,2268,2088.308,0.138160,2.000
PNW80035,3507,3327.308,2.081405,48.007
PNW79662,9693,9513.308,2.385943,157.342
PNW79892,2794,2614.308,11.154138,202.137
PNW80249,2882,2702.308,0.427466,8.007
PNW79543,4314,4134.308,5.240655,150.190
PNW79624,4481,4301.308,3.369645,100.470
PNW79594,3118,2938.308,0.638254,13.000
PNW79793,4295,4115.308,1.367130,39.000
PNW80044,1578,1398.308,18.894037,183.139
PNW79712,3593,3413.308,2.493584,59.000
PNW79955,2897,2717.308,1.046634,19.715
PNW79956,2097,1917.308,3.340656,44.399
PNW79957,1877,1697.308,2.006442,23.607
PNW79989,1226,1046.308,0.160435,1.164
PNW80057,1814,1634.308,28.703005,325.173
PNW79574,2219,2039.308,17.056923,241.122
PNW79710,7687,7507.308,0.922369,48.000
PNW79642,3302,3122.308,2.864540,61.999
PNW79643,3002,2822.308,3.508753,68.645
PNW79737,2560,2380.308,0.870692,14.366
PNW79736,2420,2240.308,0.000000,0.000
PNW79766,3009,2829.308,0.000000,0.000
PNW79531,1542,1362.308,11.392005,107.579
PNW79701,2130,1950.308,10.134718,137.015
PNW80237,7265,7085.308,3.516779,172.725
PNW80110,688,508.563,0.000000,0.000
PNW79846,1573,1393.308,0.828305,8.000
PNW79727,703,523.548,0.000000,0.000
PNW79992,2166,1986.308,0.000000,0.000
PNW79746,3410,3230.308,0.000000,0.000
PNW79747,4160,3980.308,0.000000,0.000
PNW80286,3265,3085.308,0.000000,0.000
PNW80287,3045,2865.308,123.186841,2446.742
PNW79702,2816,2636.308,5.541478,101.268
PNW79733,3096,2916.308,0.701076,14.173
PNW80240,2431,2251.308,10.508878,164.000
PNW79986,1446,1266.308,0.000000,0.000
PNW79969,3797,3617.308,3.851570,96.577
PNW79528,993,813.311,0.354749,2.000
PNW80166,3302,3122.308,7.423316,160.667
PNW80211,2951,2771.308,3.800737,73.014
PNW79674,3665,3485.308,189.044927,4567.292
PNW80209,1879,1699.308,0.084894,1.000
PNW79637,1528,1348.308,1.925887,18.000
PNW79781,1927,1747.308,1.307908,15.842
PNW79780,1891,1711.308,55.064998,653.215
PNW79881,1599,1419.308,8.791196,86.492
PNW80261,1983,1803.308,3.839890,48.000
PNW80102,2039,1859.308,101.286445,1305.435
PNW80076,1317,1137.308,3.424783,27.000
PNW80077,1177,997.308,0.000000,0.000
PNW80093,3119,2939.308,6.969324,142.000
PNW79830,2829,2649.308,29.860539,548.381
PNW79899,1132,952.308,0.842508,5.562
PNW79665,9686,9506.308,14.580396,960.802
PNW79516,4120,3940.308,1.172140,32.016
PNW80149,2160,1980.308,12.748885,175.008
PNW79623,8494,8314.308,2.203841,127.016
PNW79651,2477,2297.308,0.000000,0.000
PNW79688,2241,2061.308,14.074693,201.110
PNW80154,2296,2116.308,18.268519,268.000
PNW79554,4387,4207.308,25.652861,748.157
PNW79627,6029,5849.308,32.490497,1317.387
PNW79549,781,601.489,16.788730,70.000
PNW80225,1755,1575.308,16.575687,181.005
PNW80050,5157,4977.308,8.005719,276.215
PNW79743,10891,10711.308,0.000000,0.000
PNW79742,2208,2028.308,0.000000,0.000
PNW79928,5874,5694.308,3.246041,128.129
PNW79931,2716,2536.308,0.455025,8.000
PNW79571,4499,4319.308,153.091153,4583.707
PNW80089,4906,4726.308,2.625251,86.009
PNW80242,3172,2992.308,1.831997,38.000
PNW79963,4540,4360.308,0.000000,0.000
PNW79980,952,772.323,4.180945,22.383
PNW79927,2555,2375.308,2127.792243,35034.968
PNW80171,3609,3429.308,2.295038,54.557
PNW79939,9502,9322.308,2.553599,165.017
PNW79962,1672,1492.308,0.000000,0.000
PNW80036,3304,3124.308,11.696405,253.314
PNW80037,3469,3289.308,2.300265,52.449
PNW80104,1387,1207.308,5.018554,42.000
PNW79782,3399,3219.308,0.000000,0.000
PNW79958,2516,2336.308,0.000000,0.000
PNW79612,4911,4731.308,0.000000,0.000
PNW79613,5291,5111.308,0.000000,0.000
PNW80005,756,576.505,0.000000,0.000
PNW79894,4600,4420.308,3.394128,104.000
PNW80013,8404,8224.308,0.754252,43.000
PNW79723,2932,2752.308,1.100702,21.000
PNW80101,3153,2973.308,2.620000,54.000
PNW80022,3282,3102.308,0.046501,1.000
PNW79561,2874,2694.308,4.283415,80.000
PNW79648,5902,5722.308,1.537822,61.000
PNW79698,2972,2792.308,0.770392,14.912
PNW79976,2334,2154.308,0.000000,0.000
PNW79965,1544,1364.308,0.105739,1.000
PNW79591,3133,2953.308,3.731473,76.391
PNW79937,2244,2064.308,214.661702,3071.720
PNW80097,5649,5469.308,0.474775,18.000
PNW80139,3098,2918.308,3.163707,64.000
PNW80140,3537,3357.308,0.000000,0.000
PNW79505,4581,4401.308,0.745250,22.737
PNW79504,4482,4302.308,9.531605,284.263
PNW79754,2433,2253.308,0.198943,3.107
PNW80264,4167,3987.308,4.196871,116.000
PNW79970,1862,1682.308,0.000000,0.000
PNW79869,6499,6319.308,1.603014,70.220
PNW79811,1890,1710.308,1.829096,21.685
PNW79857,2983,2803.308,6.374469,123.870
PNW79699,2979,2799.308,2.009839,39.000
PNW80174,2901,2721.308,1.699136,32.052
PNW80184,1962,1782.308,3.480879,43.006
PNW79728,13545,13365.308,10.670152,988.558
PNW80199,5050,4870.308,0.000000,0.000
PNW80200,4459,4279.308,5.722881,169.762
PNW80282,3485,3305.308,20.754392,475.526
PNW79822,5961,5781.308,0.598870,24.000
PNW80041,4874,4694.308,0.184386,6.000
PNW80212,1562,1382.308,1.982879,19.000
PNW79626,3982,3802.308,2.997330,79.001
PNW80260,11981,11801.308,0.000000,0.000
PNW80259,11924,11744.308,1.442348,117.422
PNW80203,2534,2354.308,27.051417,441.475
PNW80156,1170,990.308,20.917833,143.595
PNW80210,1376,1196.308,4.582447,38.001
PNW79950,3295,3115.308,2.673924,57.743
PNW79511,3771,3591.308,2.683308,66.800
PNW79510,3962,3782.308,3.097326,81.208
PNW79537,2687,2507.308,10.317653,179.325
PNW79985,3950,3770.308,0.232455,6.075
PNW80038,1682,1502.308,8.068653,84.026
PNW79653,3321,3141.308,0.505161,11.000
PNW79916,1819,1639.308,1.232012,14.000
PNW79973,3589,3409.308,0.475786,11.244
PNW79936,4585,4405.308,0.327470,10.000
PNW80068,841,661.425,149.567049,685.755
PNW79586,1339,1159.308,0.000000,0.000
PNW79587,2729,2549.308,0.000000,0.000
PNW79785,6235,6055.308,5.875107,246.607
PNW79630,1637,1457.308,2.969732,30.000
PNW79684,2974,2794.308,3.355733,65.000
PNW80056,887,707.367,6.322145,31.000
PNW79748,2906,2726.308,0.000000,0.000
PNW80003,2016,1836.308,0.000000,0.000
PNW79558,4601,4421.308,0.671877,20.592
PNW79557,3411,3231.308,0.375384,8.408
PNW79854,3563,3383.308,0.679522,15.937
PNW79683,3980,3800.308,2.695175,71.000
PNW79826,1757,1577.308,7.865576,86.000
PNW79929,1655,1475.308,16.529997,169.047
PNW80024,8504,8324.308,4.037897,233.000
PNW79786,4316,4136.308,0.697533,20.000
PNW79673,2700,2520.308,3.204929,55.992
PNW80071,3501,3321.308,0.000000,0.000
PNW80072,2634,2454.308,0.000000,0.000
PNW80100,2336,2156.308,12.645562,189.017
PNW79569,2743,2563.308,13.736150,244.072
PNW79660,8655,8475.308,0.000000,0.000
PNW79659,10823,10643.308,2.791606,205.960
PNW80122,2591,2411.308,62.362323,1042.384
PNW80142,8601,8421.308,0.051391,3.000
PNW79953,3088,2908.308,0.000000,0.000
PNW79954,3158,2978.308,4.172044,86.133
PNW79689,7511,7331.308,2.946241,149.728
PNW80266,4976,4796.308,3.067896,102.000
PNW80243,4958,4778.308,2.418272,80.100
PNW79744,1908,1728.308,2.337138,28.000
PNW79745,2158,1978.308,0.000000,0.000
PNW80275,8811,8631.308,1.020058,61.031
PNW79997,3048,2868.308,2.737638,54.432
PNW79998,2583,2403.308,1.234610,20.568
PNW79506,4427,4247.308,12.505572,368.188
PNW79705,2610,2430.308,5.817202,98.000
PNW79938,3144,2964.308,2.676620,55.000
PNW79880,525,345.942,33.406946,80.111
PNW79926,1757,1577.308,23.452734,256.426
PNW79585,3678,3498.308,6.046168,146.619
PNW79584,3702,3522.308,0.384203,9.381
PNW79725,2696,2516.308,6.011550,104.858
PNW79726,2693,2513.308,19.996846,348.385
PNW80032,1978,1798.308,50.259950,626.525
PNW80055,1559,1379.308,16.651378,159.208
PNW80274,2820,2640.308,2.074922,37.976
PNW79925,2184,2004.308,24.134458,335.316
PNW79714,13368,13188.308,2.647961,242.077
PNW79773,1149,969.308,4.911334,33.000
PNW80099,2734,2554.308,3.953413,70.000
PNW80191,2857,2677.308,2.855781,53.000
PNW79829,3840,3660.308,1.111565,28.204
PNW80181,3347,3167.308,18.260299,400.914
PNW80182,1596,1416.308,0.294166,2.888
PNW80294,1057,877.308,5.426367,33.000
PNW79716,1953,1773.308,61.913548,761.066
PNW80000,16698,16518.308,0.000000,0.000
PNW80001,16695,16515.308,0.821092,94.001
PNW79922,1076,896.308,2210.919487,13736.715
PNW79934,4590,4410.308,30.004640,917.297
PNW79979,2174,1994.308,0.000000,0.000
PNW80158,1770,1590.308,8.118825,89.501
PNW79774,7239,7059.308,4.089239,200.105
PNW80155,1475,1295.308,1713.730203,15387.502
PNW79596,1792,1612.308,0.268424,3.000
PNW80299,4593,4413.308,0.130750,4.000
PNW80124,3478,3298.308,0.043738,1.000
PNW80092,2322,2142.308,60.722321,901.743
PNW79669,5701,5521.308,2.065892,79.068
PNW79850,3047,2867.308,5.534339,110.000
PNW79863,5289,5109.308,0.000000,0.000
PNW79862,5286,5106.308,1.897569,67.167
PNW79607,4271,4091.308,0.528904,15.000
PNW80015,3184,3004.308,2.400894,50.000
PNW80193,9722,9542.308,5.715963,378.090
PNW79906,1192,1012.308,0.000000,0.000
PNW79994,4034,3854.308,11.110887,296.857
PNW79598,3319,3139.308,3.446472,75.000
PNW80043,3417,3237.308,12.026495,269.883
PNW80268,1460,1280.308,12.169050,108.000
PNW80169,3015,2835.308,1.322923,26.001
PNW80220,2081,1901.308,0.300331,3.958
PNW79961,4116,3936.308,0.685073,18.693
PNW79600,5178,4998.308,1.476176,51.146
PNW79601,5175,4995.308,4.593547,159.061
PNW79977,2876,2696.308,1.750453,32.717
PNW80045,1630,1450.308,0.198938,2.000
PNW79628,1606,1426.308,70.500064,697.036
PNW79812,1958,1778.308,4.221217,52.035
PNW79661,2617,2437.308,2.013177,34.013
PNW79911,1805,1625.308,3.195319,36.000
PNW80051,3612,3432.308,1.941533,46.194
PNW79680,2711,2531.308,3.305449,58.000
PNW79889,8616,8436.308,0.188100,11.000
PNW79890,8619,8439.308,0.000000,0.000
PNW79815,789,609.485,0.000000,0.000
PNW79697,1667,1487.308,0.000000,0.000
PNW79560,3194,3014.308,3.629698,75.842
PNW79509,4374,4194.308,7.085581,206.010
PNW79828,3227,3047.308,0.757445,16.000
PNW79839,2659,2479.308,0.000000,0.000
PNW79840,2339,2159.308,0.467661,7.000
PNW79835,3068,2888.308,0.000000,0.000
PNW80280,3571,3391.308,3.509855,82.510
PNW79553,1330,1150.308,357.656337,2851.890
PNW79777,4785,4605.308,1.284318,41.000
PNW80130,968,788.315,49.764694,271.940
PNW80291,1913,1733.308,0.083228,1.000
PNW79715,1024,844.308,2.654746,15.537
PNW79518,1935,1755.308,10.085364,122.715
PNW79550,2302,2122.308,22.013756,323.858
PNW79858,6870,6690.308,2.328762,108.000
PNW79868,2697,2517.308,0.000000,0.000
PNW79888,2355,2175.308,0.000000,0.000
PNW80012,2864,2684.308,4.429613,82.423
PNW79933,2686,2506.308,1.554104,27.000
PNW80121,2946,2766.308,361.253950,6927.327
PNW80258,33188,33008.308,0.060297,13.797
PNW80257,33188,33008.308,0.060297,13.797
PNW79513,1581,1401.308,1.029592,10.001
PNW79567,3659,3479.308,2.816227,67.922
PNW79700,2535,2355.308,12.548259,204.873
PNW80053,2772,2592.308,19.925041,358.046
PNW80273,1774,1594.308,59.671253,659.462
PNW79886,3519,3339.308,6.844483,158.434
PNW79570,1949,1769.308,10.762913,132.004
PNW79798,2646,2466.308,4.034343,68.972
PNW79968,2766,2586.308,2.068048,37.076
PNW80084,2305,2125.308,15.622752,230.161
PNW80173,2864,2684.308,7.958384,148.085
PNW79943,2362,2182.308,2.776391,42.000
PNW79732,6253,6073.308,13.126172,552.606
PNW79995,4003,3823.308,2.581312,68.412
PNW79610,1063,883.308,0.489955,3.000
PNW79583,1514,1334.308,17.318393,160.183
PNW79987,2597,2417.308,0.439429,7.363
PNW79903,1776,1596.308,10.110246,111.874
PNW79904,1752,1572.308,49.493201,539.431
PNW80010,3751,3571.308,5.279563,130.701
PNW80011,3760,3580.308,0.979571,24.311
PNW79944,1424,1244.308,114.621242,988.657
PNW79670,6770,6590.308,5.683542,259.643
PNW80192,4044,3864.308,3.292447,88.195
PNW79524,1894,1714.308,22.390360,266.074
PNW79764,5437,5257.308,0.658560,24.000
PNW80187,2299,2119.308,2.926994,43.000
PNW79912,3172,2992.308,0.241052,5.000
PNW79535,11779,11599.308,0.474516,38.154
PNW80256,3085,2905.308,2.185058,44.006
PNW79860,872,692.386,0.000000,0.000
PNW80238,4198,4018.308,3.843023,107.046
PNW79905,1309,1129.308,9.452935,74.000
PNW79809,1964,1784.308,22.638960,280.013
PNW79817,2719,2539.308,1.533319,26.990
PNW79816,2866,2686.308,0.970937,18.080
PNW80026,2537,2357.308,3.855420,63.000
PNW80067,1319,1139.308,2.279326,18.001
PNW80141,826,646.443,0.000000,0.000
PNW80202,1701,1521.308,12.521901,132.050
PNW79752,1405,1225.308,0.000000,0.000
PNW79753,1265,1085.308,0.000000,0.000
PNW79599,4704,4524.308,3.437880,107.819
PNW80030,3520,3340.308,5.704541,132.087
PNW79739,2458,2278.308,0.097231,1.536
PNW79738,3221,3041.308,0.000000,0.000
PNW79720,1448,1268.308,40.577600,356.750
PNW80117,997,817.309,1.059041,6.000
PNW79849,3578,3398.308,0.424507,10.000
PNW80151,1446,1266.308,2.181935,19.153
PNW80152,1106,926.308,0.000000,0.000
PNW79682,833,653.436,0.000000,0.000
PNW80298,1092,912.308,0.168406,1.065
PNW80075,7425,7245.308,2.110554,106.000
PNW79853,1280,1100.308,10.918472,83.278
PNW79921,1649,1469.308,0.000000,0.000
PNW79559,3352,3172.308,3.910847,86.000
PNW80231,1409,1229.308,15.395085,131.188
PNW80008,2314,2134.308,0.878686,13.000
PNW79893,1156,976.308,0.886222,5.998
PNW79575,946,766.324,0.000000,0.000
PNW79534,2012,1832.308,5.789302,73.532
PNW80222,3458,3278.308,0.748078,17.000
PNW80172,3570,3390.308,3.574282,84.000
PNW79799,4208,4028.308,2.255538,62.983
PNW79804,3595,3415.308,9.562623,226.391
PNW79756,1301,1121.308,664.465016,5164.755
PNW79686,3779,3599.308,0.080160,2.000
PNW79901,1670,1490.308,0.204931,2.117
PNW80113,972,792.315,0.000000,0.000
PNW79514,2309,2129.308,0.140460,2.073
PNW80272,5022,4842.308,4.467793,149.968
PNW79691,1615,1435.308,0.000000,0.000
PNW80279,1021,841.308,124.845553,728.083
PNW79814,2697,2517.308,0.000000,0.000
PNW79948,3099,2919.308,0.000000,0.000
PNW80061,3231,3051.308,0.189113,4.000
PNW80241,7196,7016.308,1.342128,65.276
PNW80297,1058,878.308,44.565413,271.330
PNW80023,1978,1798.308,26.096389,325.310
PNW80064,1525,1345.308,8.572280,79.941
PNW80063,1968,1788.308,0.873401,10.827
PNW79872,8346,8166.308,0.176653,10.000
PNW79808,1165,985.308,158.091998,1079.778
PNW79806,1615,1435.308,0.251782,2.505
PNW80230,1546,1366.308,13.218278,125.192
PNW80150,4162,3982.308,23.355673,644.733
PNW80293,2463,2283.308,23.573440,373.113
PNW79810,2130,1950.308,5.104107,69.004
PNW79622,709,529.543,0.272424,1.000
PNW80114,2858,2678.308,2.208365,41.000
PNW79646,3983,3803.308,1.175838,31.000
PNW79755,2374,2194.308,0.000000,0.000
PNW79508,1225,1045.308,0.000000,0.000
PNW79771,3595,3415.308,2.492125,59.000
PNW79819,1697,1517.308,0.644403,6.778
PNW79802,3157,2977.308,15.224271,314.205
PNW80006,4378,4198.308,1.512392,44.014
PNW79827,2321,2141.308,3.435884,51.000
PNW80138,5680,5500.308,9.748763,371.697
PNW79593,2085,1905.308,0.000000,0.000
PNW79595,2324,2144.308,366.304276,5444.798
PNW79897,1100,920.308,0.520983,3.324
PNW80004,2414,2234.308,0.129132,2.000
PNW80178,3327,3147.308,3.762690,82.090
PNW79647,8032,7852.308,1.102306,60.000
PNW80208,3418,3238.308,10.460899,234.823
PNW80085,7596,7416.308,3.540227,182.000
PNW80009,2340,2160.308,3.004998,45.000
PNW80301,9064,8884.308,0.926334,57.048
PNW80300,9067,8887.308,2.060740,126.954
PNW80271,1333,1153.308,0.000000,0.000
PNW80125,1528,1348.308,26.535601,248.011
PNW80194,5046,4866.308,0.059509,2.007
PNW80195,2280,2100.308,0.000000,0.000
PNW79918,1965,1785.308,28.863927,357.208
PNW80062,2110,1930.308,27.400476,366.638
PNW79649,1270,1090.308,7.549438,57.058
PNW79625,2681,2501.308,0.519066,9.000
PNW80244,891,711.364,2.325286,11.466
PNW80245,2146,1966.308,6.653491,90.689
PNW80302,1904,1724.308,6.107441,73.001
PNW79770,1551,1371.308,104.434198,992.728
PNW80163,2922,2742.308,2.314711,44.001
PNW79675,4712,4532.308,0.954881,30.000
PNW79556,1096,916.308,0.000000,0.000
PNW79507,911,731.346,0.000000,0.000
PNW79704,1764,1584.308,150.495218,1652.780
PNW80017,2018,1838.308,27.310829,348.021
PNW80018,2258,2078.308,5.322833,76.684
PNW79551,3552,3372.308,0.085556,2.000
PNW79695,2080,1900.308,11.404205,150.225
PNW80108,2726,2546.308,7.648689,135.005
PNW80107,2723,2543.308,39.679831,699.554
PNW79631,3923,3743.308,7.935662,205.917
PNW79866,2116,1936.308,0.000000,0.000
PNW80105,3048,2868.308,51.004767,1014.119
PNW79795,4126,3946.308,9.176068,251.015
PNW79832,1658,1478.308,3.493529,35.800
PNW79831,1366,1186.308,75.228565,618.633
PNW79517,1740,1560.308,0.184913,2.000
PNW79790,3714,3534.308,0.163269,4.000
PNW80234,2146,1966.308,10.601820,144.506
PNW79797,3117,2937.308,7.366975,150.000
PNW79941,3608,3428.308,2.019802,48.000
PNW79657,3854,3674.308,3.572851,91.000
PNW79707,6927,6747.308,4.397695,205.688
PNW79735,3669,3489.308,0.393689,9.522
PNW79851,1690,1510.308,21.644604,226.604
PNW80292,2605,2425.308,58.412598,982.033
PNW80188,3697,3517.308,18.001196,438.899
PNW79502,1266,1086.308,0.000000,0.000
PNW79555,3704,3524.308,5.689948,139.006
PNW79788,7503,7323.308,3.606591,183.087
PNW79664,3326,3146.308,0.236261,5.153
PNW80040,2134,1954.308,1.623967,22.000
PNW80198,5187,5007.308,1.181574,41.013
PNW79898,1569,1389.308,0.103925,1.001
PNW80224,1829,1649.308,1.924280,22.000
PNW80183,2259,2079.308,8.878746,127.974
PNW79759,2370,2190.308,2.963840,45.000
PNW79945,3787,3607.308,33.278541,832.147
PNW80119,2261,2081.308,3.534933,51.000
PNW79947,2956,2776.308,0.000000,0.000
PNW79503,832,652.436,0.000000,0.000
PNW79629,2128,1948.308,2.228997,30.104
PNW79658,3759,3579.308,1.289729,32.000
PNW79544,3060,2880.308,19.257620,384.498
PNW80132,1836,1656.308,0.000000,0.000
PNW79909,1822,1642.308,45.676287,519.994
PNW80206,1280,1100.308,0.000000,0.000
PNW79861,2826,2646.308,0.000000,0.000
PNW80229,9837,9657.308,1.867253,125.001
PNW79847,1601,1421.308,0.405570,3.996
PNW79972,2088,1908.308,0.000000,0.000
PNW79946,2635,2455.308,0.000000,0.000
PNW80201,6269,6089.308,9.452165,398.981
PNW80083,1794,1614.308,4.646911,52.000
PNW80123,1595,1415.308,127.250440,1248.426
PNW79883,2069,1889.308,37.210122,487.322
PNW80046,1867,1687.308,11.285660,132.000
PNW79522,2929,2749.308,0.000000,0.000
PNW79856,1645,1465.308,0.393802,4.000
PNW79761,1954,1774.308,33.819756,415.960
PNW79834,2142,1962.308,9.120579,124.063
PNW80091,2973,2793.308,0.413162,8.000
PNW79803,5592,5412.308,4.211357,158.000
PNW79848,3383,3203.308,2.252106,50.008
PNW79713,2525,2345.308,0.861298,14.003
PNW80176,3330,3150.308,6.333989,138.319
PNW80088,4924,4744.308,10.796884,355.078
PNW79655,1823,1643.308,10.989453,125.184
PNW80058,2674,2494.308,1.792956,31.001
PNW80059,2001,1821.308,0.000000,0.000
PNW80039,2417,2237.308,0.838233,13.000
PNW79563,8229,8049.308,2.419485,135.000
PNW79654,2788,2608.308,4.701187,85.000
PNW79760,4331,4151.308,7.576266,218.018
PNW79796,5915,5735.308,1.559498,62.000
PNW79996,3493,3313.308,1.088493,25.000
PNW79884,3067,2887.308,6.763659,135.372
PNW79681,1810,1630.308,11.213672,126.727
PNW79604,2395,2215.308,14.457316,222.011
PNW79581,2984,2804.308,3.138284,61.006
PNW80227,1274,1094.308,74.865560,567.903
PNW79565,2416,2236.308,8.388104,130.031
PNW80216,3276,3096.308,5.441027,116.782
PNW79533,4645,4465.308,2.710537,83.899
PNW80049,2428,2248.308,0.000000,0.000
PNW79552,1938,1758.308,29.625686,361.090
PNW79573,1876,1696.308,2.575860,30.289
PNW79589,2434,2254.308,7.999156,125.000
PNW79805,2084,1904.308,4.393779,58.000
PNW79663,1776,1596.308,0.321241,3.555
PNW79671,4529,4349.308,10.918176,329.172
PNW80095,2504,2324.308,28.670375,461.934
PNW80025,5639,5459.308,3.460831,130.970
PNW80180,5092,4912.308,4.170136,142.000
PNW80016,1206,1026.308,0.702813,5.000
PNW79523,6907,6727.308,0.557544,26.000
PNW79582,2504,2324.308,20.057468,323.164
PNW79769,2110,1930.308,0.000000,0.000
PNW80120,2598,2418.308,11.591328,194.311
PNW79644,4387,4207.308,1.171260,34.159
PNW80159,3646,3466.308,6.479045,155.679
PNW79590,1136,956.308,56.663720,375.626
PNW79542,2751,2571.308,12.326166,219.702
PNW79772,742,562.517,68.729589,267.998
PNW80157,1701,1521.308,5.025440,52.996
PNW79621,5552,5372.308,0.375937,14.000
PNW80054,1087,907.308,52.116270,327.779
PNW80021,2456,2276.308,1.394245,22.000
PNW80136,6388,6208.308,17.396881,748.682
PNW79608,1986,1806.308,12.310604,154.143
PNW79983,1552,1372.308,0.000000,0.000
PNW79757,2274,2094.308,38.135201,553.629
PNW79952,1471,1291.308,0.111717,1.000
PNW80069,3779,3599.308,3.894228,97.161
PNW79580,2951,2771.308,5.752003,110.499
PNW80129,1796,1616.308,27.825878,311.764
PNW79578,1604,1424.308,2.835969,28.000
PNW80014,9193,9013.308,0.704232,44.000
PNW80235,916,736.339,7.053316,36.002
PNW79951,1958,1778.308,102.963557,1269.238
PNW80080,4349,4169.308,1.280222,37.000
PNW80131,1880,1700.308,0.000000,0.000
PNW79730,5059,4879.308,52.723739,1783.269
PNW79718,2389,2209.308,5.680812,87.000
PNW79758,3919,3739.308,0.617271,16.000
PNW79609,8636,8456.308,4.598216,269.540
PNW79579,6410,6230.308,0.277856,12.000
PNW79833,1032,852.308,30.343073,179.270
PNW79545,2089,1909.308,5.440063,72.000
PNW79577,3687,3507.308,19.459350,473.102
PNW80118,1628,1448.308,11.036312,110.799
PNW80042,2272,2092.308,2.206337,32.000
PNW79564,4079,3899.308,7.957845,215.098
PNW80196,3108,2928.308,0.000000,0.000
PNW80295,4244,4064.308,1.452967,40.935
PNW79988,896,716.360,0.000000,0.000
PNW80027,2982,2802.308,1.286979,25.000
PNW79741,2286,2106.308,0.000000,0.000
PNW79529,1933,1753.308,3.044324,37.000
PNW80148,4119,3939.308,1.171865,32.000
PNW80082,2522,2342.308,0.677479,11.000
PNW79652,2697,2517.308,7.280292,127.039
PNW80161,2555,2375.308,3.097403,51.000
PNW79837,2380,2200.308,17.768382,271.009
PNW80147,7887,7707.308,0.243326,13.000
PNW80281,1872,1692.308,5.800621,68.047
PNW79729,5262,5082.308,10.900028,384.009
PNW79792,3860,3680.308,0.000000,0.000
PNW79818,6344,6164.308,3.721012,159.000
PNW80066,1069,889.308,38.001444,234.264
PNW79602,5240,5060.308,0.912264,32.000
PNW79676,2081,1901.308,8.022000,105.727
PNW79525,2452,2272.308,6.874041,108.276
PNW79687,3828,3648.308,0.000000,0.000
PNW79813,1828,1648.308,1.837927,21.000
PNW80267,1580,1400.308,0.515103,5.000
PNW80065,8180,8000.308,0.162287,9.000
PNW79666,927,747.331,2.509448,13.000
PNW79520,902,722.355,0.199709,1.000
PNW79562,5508,5328.308,0.216595,8.000
PNW79935,1425,1245.308,13.283664,114.669
PNW80232,971,791.315,8.203716,45.000
PNW79841,1488,1308.308,0.330795,3.000
PNW79634,2622,2442.308,7.088288,120.004
PNW80190,1690,1510.308,38.597939,404.094
PNW79838,3652,3472.308,3.697616,89.001
PNW79672,4172,3992.308,5.745408,159.000
PNW80296,2176,1996.308,17.343826,240.008
PNW79763,2390,2210.308,283.775011,4347.900
PNW79907,3150,2970.308,0.728513,15.000
PNW79807,1630,1450.308,0.248747,2.501
PNW79964,2075,1895.308,0.000000,0.000
PNW79762,2406,2226.308,1.231164,19.000
PNW80250,2656,2476.308,3.756335,64.479
PNW79917,5426,5246.308,10.064134,366.001
PNW80126,3072,2892.308,1.047423,21.000
PNW79692,7878,7698.308,2.532442,135.141
PNW79852,1073,893.308,6.459607,40.000
PNW80143,1850,1670.308,259.849484,3008.646
PNW80127,7260,7080.308,0.000000,0.000
PNW80128,2177,1997.308,0.000000,0.000
PNW79871,8989,8809.308,0.212887,13.000
PNW79974,3989,3809.308,9.344825,246.757
PNW79913,1924,1744.308,1.577174,19.070
PNW80215,884,704.367,2.048086,10.000
PNW80029,2984,2804.308,0.000000,0.000
PNW80137,5387,5207.308,4.238972,153.012
PNW79527,1760,1580.308,5.203320,57.000
PNW80278,7760,7580.308,2.416931,127.000
PNW79751,3127,2947.308,0.000000,0.000
PNW80135,2479,2299.308,51.164904,815.496
PNW79724,1478,1298.308,16.133126,145.194
PNW80236,1500,1320.308,2.185255,20.000
PNW79536,1676,1496.308,2.360769,24.487
PNW79678,4776,4596.308,28.081539,894.711
PNW79975,1990,1810.308,0.275870,3.462
PNW80205,2929,2749.308,3.463123,66.000
PNW79882,1097,917.308,25.402507,161.527
PNW79900,1491,1311.308,0.000000,0.000
PNW79719,7151,6971.308,12.775450,617.366
PNW79703,3648,3468.308,1.455787,35.000
PNW79530,3266,3086.308,29.421050,629.434
PNW79902,3187,3007.308,16.553743,345.085
PNW79775,5930,5750.308,6.522748,260.001
PNW79993,996,816.309,91.392274,517.150
PNW80060,4171,3991.308,2.602344,72.000
PNW79859,1451,1271.308,0.000000,0.000
PNW79870,883,703.368,4.288797,20.911
PNW80081,835,655.433,98.920518,449.436
PNW79515,3631,3451.308,44.808155,1071.996
PNW79915,2139,1959.308,2.012864,27.338
PNW80269,2946,2766.308,15.546006,298.107
PNW79919,2812,2632.308,2.249006,41.037
PNW79821,1314,1134.308,122.249983,961.241
PNW79721,5519,5339.308,1.729189,64.000
PNW80219,2262,2082.308,1.104007,15.936
PNW79820,1266,1086.308,0.000000,0.000
PNW79776,2510,2330.308,0.371437,6.000
PNW79823,1702,1522.308,0.000000,0.000
PNW79923,3642,3462.308,7.791966,187.010
PNW79656,1180,1000.308,49.598322,343.917
PNW80288,3288,3108.308,0.649758,14.000
PNW79873,1418,1238.308,0.135154,1.160
PNW80116,2143,1963.308,71.734649,976.270
PNW80160,2140,1960.308,0.000000,0.000
PNW79616,3529,3349.308,0.000000,0.000
PNW80087,4444,4264.308,3.382976,100.000
PNW79959,1267,1087.308,1.260213,9.498
PNW79617,3731,3551.308,9.827848,241.935
PNW79984,1252,1072.308,0.000000,0.000
PNW79633,575,395.754,5135.804082,14089.191
PNW79794,3667,3487.308,0.248204,6.000
PNW79920,2851,2671.308,229.978807,4258.575
PNW80153,11447,11267.308,2.103620,164.301
PNW80253,3859,3679.308,4.491145,114.545
PNW78468,2467,2287.308,71.357795,1131.406
PNW78489,5592,5412.308,10.848242,407.000
PNW79009,4801,4621.308,91.552504,2932.835
PNW79231,2877,2697.308,0.267416,5.000
PNW78410,3989,3809.308,5.832061,154.000
PNW79176,1665,1485.308,9.324424,96.004
PNW78246,914,734.341,0.000000,0.000
PNW79295,2992,2812.308,0.205184,4.000
PNW78994,2227,2047.308,3.882384,55.098
PNW78851,1467,1287.308,18.938764,169.000
PNW79471,2305,2125.308,26.526411,390.799
PNW79410,2021,1841.308,27.349219,349.079
PNW79087,1936,1756.308,0.328554,4.000
PNW79348,1022,842.308,0.000000,0.000
PNW79285,3945,3765.308,0.536383,14.000
PNW79228,4191,4011.308,0.000000,0.000
PNW79133,12606,12426.308,0.592073,51.000
PNW79132,12812,12632.308,0.000000,0.000
PNW78223,1735,1555.308,4.637682,50.000
PNW78758,2882,2702.308,5.178266,97.000
PNW78859,6391,6211.308,2.833745,122.010
PNW78874,609,429.675,0.000000,0.000
PNW78875,1074,894.308,0.000000,0.000
PNW78906,1061,881.308,127.561812,779.294
PNW78907,1607,1427.308,0.000000,0.000
PNW78403,2580,2400.308,5.888620,97.979
PNW79347,3684,3504.308,1.893664,46.000
PNW79326,921,741.336,2002.847135,10292.377
PNW78649,5051,4871.308,0.947658,32.000
PNW79398,892,712.363,6.480314,32.000
PNW78693,1294,1114.308,0.776772,6.000
PNW78692,2421,2241.308,0.000000,0.000
PNW79329,1664,1484.308,102.588122,1055.538
PNW78536,3177,2997.308,98.375277,2043.948
PNW79095,2028,1848.308,21.716439,278.237
PNW78722,3266,3086.308,1.124096,24.049
PNW78723,1816,1636.308,0.000000,0.000
PNW79223,3315,3135.308,0.000000,0.000
PNW79224,3826,3646.308,0.474761,12.000
PNW79337,8364,8184.308,0.246771,14.000
PNW79339,8367,8187.308,0.000000,0.000
PNW78504,2780,2600.308,1.942336,35.011
PNW78944,3963,3783.308,8.121987,213.003
PNW78201,1301,1121.308,0.000000,0.000
PNW78970,1599,1419.308,4500.990342,44283.032
PNW79059,5485,5305.308,2.691981,99.000
PNW78269,1312,1132.308,0.509616,4.000
PNW78373,1413,1233.308,0.000000,0.000
PNW78371,1275,1095.308,0.000000,0.000
PNW78372,1243,1063.308,0.000000,0.000
PNW79249,2789,2609.308,319.965957,5787.376
PNW79498,3366,3186.308,2.037453,45.002
PNW79500,3369,3189.308,0.000000,0.000
PNW79499,3845,3665.308,0.000000,0.000
PNW79260,2708,2528.308,5.819990,102.001
PNW78534,2801,2621.308,1.155715,21.000
PNW79125,1566,1386.308,2.458706,23.628
PNW79124,3974,3794.308,2.479600,65.218
PNW79456,2565,2385.308,14.575532,241.002
PNW79070,8101,7921.308,0.100164,5.500
PNW79071,8101,7921.308,0.100164,5.500
PNW79186,963,783.318,0.000000,0.000
PNW79185,714,534.540,0.000000,0.000
PNW79359,2055,1875.308,7.769556,101.000
PNW78420,1797,1617.308,9.097340,101.991
PNW78421,3897,3717.308,5.352031,137.911
PNW78521,1561,1381.308,5.117442,49.000
PNW79465,2986,2806.308,10.384941,202.019
PNW78515,2916,2736.308,2.530601,48.000
PNW79490,1574,1394.308,16.717782,161.581
PNW78427,3071,2891.308,25.026822,501.594
PNW78627,2846,2666.308,0.324630,6.000
PNW78214,2206,2026.308,91.275371,1282.070
PNW78208,2717,2537.308,28.085897,493.985
PNW79264,2163,1983.308,0.072737,1.000
PNW78730,1404,1224.308,20.742474,176.037
PNW79225,1189,1009.308,18.009189,126.000
PNW79169,1211,1031.308,50.585212,361.630
PNW79148,3598,3418.308,27.998708,663.440
PNW79282,1823,1643.308,105.644025,1203.418
PNW79006,3677,3497.308,0.165360,4.009
PNW78903,1696,1516.308,102.525905,1077.640
PNW78600,3633,3453.308,2.735564,65.484
PNW79241,1505,1325.308,0.000000,0.000
PNW78360,6998,6818.308,3.406408,161.000
PNW78359,5697,5517.308,0.000000,0.000
PNW78358,5646,5466.308,0.000000,0.000
PNW78475,3205,3025.308,0.238423,5.000
PNW78494,1846,1666.308,16.205247,187.182
PNW79341,1863,1683.308,7.627486,89.002
PNW78226,1166,986.308,0.000000,0.000
PNW78784,6369,6189.308,62.690325,2689.646
PNW78941,5119,4939.308,1.664778,57.000
PNW78394,1169,989.308,0.145820,1.000
PNW78495,1969,1789.308,44.486777,551.783
PNW79302,5492,5312.308,7.192213,264.849
PNW79309,7886,7706.308,0.074879,4.000
PNW78369,6134,5954.308,1.938234,80.000
PNW79104,3151,2971.308,1.165257,24.001
PNW78681,3558,3378.308,128.408174,3007.076
PNW79267,1743,1563.308,5.278828,57.205
PNW79284,3361,3181.308,4.625321,102.000
PNW78543,10138,9958.308,0.420107,29.000
PNW78441,2257,2077.308,67.941408,978.336
PNW78637,2533,2353.308,0.613012,10.000
PNW79266,2320,2140.308,7.684233,114.006
PNW78623,3186,3006.308,8.589482,179.000
PNW78622,3183,3003.308,0.000000,0.000
PNW79288,3263,3083.308,151.363374,3235.119
PNW78674,4730,4550.308,4.850869,153.008
PNW79145,7081,6901.308,13.572740,649.309
PNW79144,7300,7120.308,0.000000,0.000
PNW78399,1641,1461.308,1.678242,17.000
PNW78326,7377,7197.308,0.988318,49.308
PNW78302,1971,1791.308,18.361662,228.000
PNW78225,2564,2384.308,8.216258,135.797
PNW78660,5542,5362.308,4.842220,179.990
PNW79384,1912,1732.308,7.999306,96.057
PNW78579,7522,7342.308,4.658018,237.075
PNW78879,1551,1371.308,0.420797,4.000
PNW78374,3211,3031.308,0.142771,3.000
PNW79250,1015,835.308,20.033710,116.001
PNW78442,3653,3473.308,4.028802,97.000
PNW78678,4529,4349.308,3.582210,108.000
PNW78686,2734,2554.308,2.428525,43.000
PNW78990,1980,1800.308,26.129145,326.080
PNW79261,952,772.323,112.269966,601.056
PNW78557,1877,1697.308,3105.671825,36540.024
PNW78558,513,334.006,30.092816,69.674
PNW78783,3828,3648.308,0.000000,0.000
PNW78782,5943,5763.308,4.501788,179.850
PNW78838,2367,2187.308,7.720509,117.060
PNW78299,3127,2947.308,0.636305,13.000
PNW78379,6179,5999.308,2.717238,113.001
PNW79012,2241,2061.308,28.720414,410.380
PNW79106,6346,6166.308,0.818823,35.000
PNW79438,968,788.315,0.000000,0.000
PNW79440,887,707.367,6.505718,31.900
PNW79439,1030,850.308,0.000000,0.000
PNW78205,1920,1740.308,6.801311,82.049
PNW78204,3579,3399.308,5.190178,122.300
PNW78241,3225,3045.308,0.774107,16.341
PNW78346,3480,3300.308,29.767344,681.000
PNW79177,1346,1166.308,6.498957,52.542
PNW78582,4059,3879.308,0.000000,0.000
PNW78754,3724,3544.308,3.256162,80.000
PNW78757,2640,2460.308,0.000000,0.000
PNW78261,2124,1944.308,0.445178,6.000
PNW78752,1596,1416.308,4.787266,47.000
PNW79160,1527,1347.308,0.000000,0.000
PNW79159,1987,1807.308,36.751265,460.423
PNW78852,13370,13190.308,13.831471,1264.666
PNW79089,5540,5360.308,12.159199,451.801
PNW79090,3372,3192.308,1.322225,29.259
PNW79094,3821,3641.308,7.329309,185.001
PNW79210,5522,5342.308,4.076967,150.980
PNW79271,8983,8803.308,0.278580,17.000
PNW78473,1139,959.308,185.168350,1231.339
PNW78416,6053,5873.308,13.645668,555.559
PNW78210,3144,2964.308,21.569390,443.214
PNW78516,748,568.512,0.000000,0.000
PNW78517,225,69.911,0.000000,0.000
PNW78921,1995,1815.308,3.737809,47.035
PNW78651,2592,2412.308,0.938355,15.691
PNW79425,4326,4146.308,2.446761,70.324
PNW78956,4738,4558.308,0.474717,15.000
PNW78876,1879,1699.308,0.786030,9.259
PNW78814,2372,2192.308,125.064341,1900.587
PNW78576,7098,6918.308,5.611796,269.125
PNW79335,2595,2415.308,9.573353,160.284
PNW79336,2739,2559.308,6.128015,108.716
PNW78405,5062,4882.308,0.975071,33.000
PNW79432,2446,2266.308,7.255270,113.979
PNW79433,2438,2258.308,0.000000,0.000
PNW79029,1864,1684.308,4.453785,52.000
PNW79170,2150,1970.308,10.295215,140.612
PNW79235,7548,7368.308,0.097893,5.000
PNW78367,1706,1526.308,255.639652,2704.724
PNW78658,2493,2313.308,4.704414,75.438
PNW78538,3762,3582.308,0.000000,0.000
PNW78227,2446,2266.308,0.318284,5.000
PNW78813,3635,3455.308,20.662430,494.904
PNW79086,1862,1682.308,0.514509,6.000
PNW79060,1981,1801.308,5.926403,74.000
PNW78364,3664,3484.308,0.621044,15.000
PNW78862,7167,6987.308,9.911114,480.048
PNW78823,3990,3810.308,1.022236,27.000
PNW79361,4339,4159.308,1.684773,48.575
PNW79362,5278,5098.308,1.835927,64.883
PNW78438,6257,6077.308,0.213638,9.000
PNW78537,5966,5786.308,83.442342,3346.883
PNW78486,4363,4183.308,2.596918,75.306
PNW78964,381,204.563,0.000000,0.000
PNW79097,9492,9312.308,2.906616,187.628
PNW79096,9465,9285.308,7.369054,474.308
PNW78265,1801,1621.308,0.000000,0.000
PNW78264,2357,2177.308,0.000000,0.000
PNW79142,1743,1563.308,0.000000,0.000
PNW79103,675,495.574,44.421218,152.599
PNW78417,3586,3406.308,4.700959,111.000
PNW79067,3367,3187.308,0.271566,6.000
PNW79205,2442,2262.308,2.486911,39.000
PNW78317,1666,1486.308,1.166786,12.021
PNW78315,1065,885.308,0.000000,0.000
PNW78316,1041,861.308,2.006428,11.979
PNW78865,1203,1023.308,0.000000,0.000
PNW78867,3255,3075.308,7.551658,160.984
PNW78868,1791,1611.308,10.023263,111.954
PNW78574,13134,12954.308,1.425421,128.000
PNW79101,1842,1662.308,3.644896,42.000
PNW78836,778,598.491,0.000000,0.000
PNW78338,3528,3348.308,12.709741,294.995
PNW78363,4080,3900.308,0.221922,6.000
PNW78630,2002,1822.308,6.266415,79.158
PNW79314,8127,7947.308,0.000000,0.000
PNW79313,8943,8763.308,1.135874,69.000
PNW78330,2356,2176.308,13.456221,203.000
PNW79233,1823,1643.308,10.636625,121.165
PNW79232,1790,1610.308,6.526304,72.850
PNW78181,3542,3362.308,0.000000,0.000
PNW78180,904,724.353,0.000000,0.000
PNW79320,3383,3203.308,0.540418,12.000
PNW79171,6095,5915.308,2.903931,119.074
PNW79454,4364,4184.308,0.000000,0.000
PNW79453,3064,2884.308,28.340795,566.639
PNW79005,2768,2588.308,0.000000,0.000
PNW78283,3395,3215.308,0.000000,0.000
PNW79079,10240,10060.308,0.158588,11.059
PNW79317,2172,1992.308,147.423532,2035.991
PNW79318,1955,1775.308,7.532259,92.694
PNW79316,1017,837.308,0.000000,0.000
PNW78863,902,722.355,121.607318,608.924
PNW78824,6710,6530.308,1.831145,82.891
PNW78825,6992,6812.308,0.000000,0.000
PNW79406,1420,1240.308,0.000000,0.000
PNW78731,1382,1202.308,1.919781,16.000
PNW78745,1950,1770.308,43.833887,537.912
PNW78747,1489,1309.308,0.000000,0.000
PNW78744,2028,1848.308,4.262001,54.606
PNW78746,2283,2103.308,51.353325,748.728
PNW78460,2704,2524.308,58.920140,1031.000
PNW78199,3692,3512.308,65.876539,1603.895
PNW78292,2941,2761.308,6.321468,121.000
PNW78756,3646,3466.308,7.666823,184.219
PNW78889,3542,3362.308,0.943914,22.000
PNW78733,2737,2557.308,1.015399,18.000
PNW79246,4229,4049.308,0.510986,14.343
PNW78738,6162,5982.308,3.720791,154.297
PNW79495,1994,1814.308,95.088206,1195.887
PNW79011,2300,2120.308,68.988279,1013.974
PNW78971,2318,2138.308,67.304822,997.629
PNW79026,7726,7546.308,0.038233,2.000
PNW78511,7585,7405.308,2.474051,127.000
PNW78827,1270,1090.308,1.720052,13.000
PNW78791,1790,1610.308,17.566922,196.091
PNW79280,2483,2303.308,0.187896,3.000
PNW79020,2914,2734.308,1.741087,33.001
PNW78318,746,566.514,0.254646,1.000
PNW78710,1201,1021.308,5.932530,42.000
PNW78572,4333,4153.308,40.298785,1160.215
PNW79207,5206,5026.308,0.143505,5.000
PNW78217,627,447.630,0.387816,1.203
PNW78365,5007,4827.308,0.029884,1.000
PNW79458,1318,1138.308,181.436287,1431.649
PNW78422,3277,3097.308,9.315218,200.000
PNW79195,3894,3714.308,0.970978,25.000
PNW79416,2565,2385.308,16.852712,278.655
PNW79415,3176,2996.308,0.383659,7.969
PNW79417,2705,2525.308,0.000000,0.000
PNW78606,1796,1616.308,0.000000,0.000
PNW78479,1391,1211.308,21.913442,184.000
PNW78657,3968,3788.308,2.094425,55.000
PNW78832,2131,1951.308,0.887162,12.000
PNW79212,1112,932.308,0.732356,4.733
PNW79213,1053,873.308,0.000000,0.000
PNW79214,1350,1170.308,0.363433,2.948
PNW78419,2854,2674.308,38.826812,719.773
PNW79342,3514,3334.308,14.160104,327.284
PNW79038,4289,4109.308,0.105577,3.007
PNW79367,2694,2514.308,0.000000,0.000
PNW79368,2806,2626.308,6.206978,113.000
PNW78430,8921,8741.308,3.960777,239.999
PNW79215,2158,1978.308,0.688827,9.446
PNW78597,1744,1564.308,17.521800,190.000
PNW78250,4032,3852.308,0.037448,1.000
PNW78385,1376,1196.308,0.000000,0.000
PNW79494,3761,3581.308,7.311354,181.506
PNW78869,1034,854.308,0.337725,2.000
PNW78575,1227,1047.308,1.239697,9.000
PNW78229,1369,1189.308,0.000000,0.000
PNW78989,1657,1477.308,8.495630,87.000
PNW78386,1897,1717.308,0.724514,8.625
PNW78505,2749,2569.308,117.862741,2099.159
PNW78911,1106,926.308,82.615196,530.479
PNW78713,2229,2049.308,1.407895,20.000
PNW79268,1721,1541.308,14.537385,155.320
PNW78778,8025,7845.308,0.952988,51.826
PNW79378,1976,1796.308,0.000000,0.000
PNW79379,2646,2466.308,0.116985,2.000
PNW78387,3606,3426.308,10.652267,253.000
PNW78881,2989,2809.308,20.771275,404.497
PNW78680,2204,2024.308,3.755194,52.694
PNW78502,4941,4761.308,1.729150,57.070
PNW79127,5663,5483.308,1.699191,64.586
PNW78436,10897,10717.308,1.696043,126.001
PNW78810,1600,1420.308,0.812559,8.000
PNW79076,3837,3657.308,0.000000,0.000
PNW78877,1789,1609.308,0.109251,1.219
PNW79075,3787,3607.308,13.081732,327.115
PNW79187,1493,1313.308,1.976424,17.993
PNW79188,1268,1088.308,1.989273,15.007
PNW78816,708,528.544,4657.171863,17063.026
PNW78817,1268,1088.308,0.362859,2.737
PNW78331,902,722.355,56.321079,282.016
PNW78384,2397,2217.308,0.961293,14.775
PNW78383,624,444.635,12.748103,39.292
PNW79035,1912,1732.308,0.000000,0.000
PNW78376,777,597.491,0.000000,0.000
PNW78540,2603,2423.308,0.000000,0.000
PNW78976,7417,7237.308,5.681156,285.014
PNW78395,1486,1306.308,0.000000,0.000
PNW78691,1706,1526.308,0.000000,0.000
PNW78995,3436,3256.308,3.411258,77.000
PNW79462,1748,1568.308,392.778131,4270.033
PNW78216,2303,2123.308,4.076483,60.000
PNW78274,8762,8582.308,1.098343,65.342
PNW79007,6817,6637.308,0.000000,0.000
PNW79413,1862,1682.308,47.610702,555.217
PNW78294,1890,1710.308,39.323072,466.202
PNW78295,2090,1910.308,0.000000,0.000
PNW78803,1596,1416.308,0.000000,0.000
PNW78801,1286,1106.308,0.000000,0.000
PNW78802,1696,1516.308,0.000000,0.000
PNW79141,14488,14308.308,0.806583,80.000
PNW79255,1418,1238.308,19.673624,168.875
PNW79444,1481,1301.308,37.043514,334.153
PNW79244,3201,3021.308,5.681976,119.000
PNW78434,9984,9804.308,2.049410,139.283
PNW78888,7405,7225.308,1.657189,83.001
PNW79408,2959,2779.308,5.856981,112.840
PNW79395,1941,1761.308,2.785342,34.007
PNW78753,3936,3756.308,5.834298,151.916
PNW78667,2888,2708.308,0.053266,1.000
PNW78780,3410,3230.308,9.142662,204.724
PNW78735,2928,2748.308,1.627531,31.006
PNW79435,1883,1703.308,0.000000,0.000
PNW78183,982,802.313,0.000000,0.000
PNW78188,2706,2526.308,7.937357,139.000
PNW78912,2918,2738.308,96.029103,1822.795
PNW78390,5552,5372.308,2.209621,82.287
PNW78391,3588,3408.308,12.093127,285.713
PNW78785,4089,3909.308,3.545046,96.067
PNW78979,2548,2368.308,4.515968,74.138
PNW78819,2865,2685.308,80.572603,1499.802
PNW78596,896,716.360,0.000000,0.000
PNW79286,2584,2404.308,0.720010,12.000
PNW78424,12861,12681.308,1.226680,107.832
PNW78487,2769,2589.308,0.167142,3.000
PNW78488,1830,1650.308,0.000000,0.000
PNW79310,2984,2804.308,1.491831,29.000
PNW79259,1823,1643.308,104.101495,1185.847
PNW79441,2728,2548.308,0.116550,2.059
PNW78552,1484,1304.308,0.221206,2.000
PNW78675,2524,2344.308,3.446044,56.000
PNW78770,1362,1182.308,5.002655,41.000
PNW78493,3889,3709.308,2.255706,58.000
PNW78798,1496,1316.308,0.000000,0.000
PNW78411,981,801.313,0.548076,3.044
PNW79340,8805,8625.308,0.685748,41.001
PNW78448,11329,11149.308,2.930765,226.507
PNW78894,10348,10168.308,2.344580,165.259
PNW79183,1823,1643.308,17.714362,201.789
PNW79184,2106,1926.308,6.081388,81.205
PNW78670,3669,3489.308,13.445051,325.203
PNW78708,609,429.675,1.105732,3.293
PNW78707,3122,2942.308,1.750685,35.707
PNW78343,6029,5849.308,4.932567,200.000
PNW79315,2406,2226.308,245.299311,3785.595
PNW79353,5131,4951.308,1.660743,57.000
PNW78184,4067,3887.308,0.139089,3.748
PNW78185,2147,1967.308,7.473861,101.922
PNW78694,9090,8910.308,2.688702,166.069
PNW78446,11688,11508.308,5.397577,430.589
PNW78447,1298,1118.308,0.128999,1.000
PNW78546,1862,1682.308,0.771764,9.000
PNW78547,2032,1852.308,0.000000,0.000
PNW79443,1069,889.308,0.000000,0.000
PNW78285,6232,6052.308,5.458357,229.000
PNW78491,2670,2490.308,2.317151,40.000
PNW79036,4972,4792.308,0.000000,0.000
PNW79037,19632,19452.308,0.018727,2.525
PNW78312,1257,1077.308,0.000000,0.000
PNW78905,10778,10598.308,1.408798,103.499
PNW79451,2665,2485.308,26.825617,462.150
PNW79452,3485,3305.308,0.000000,0.000
PNW78321,1426,1246.308,195.932753,1692.720
PNW78392,5909,5729.308,1.863275,74.000
PNW78234,1623,1443.308,0.000000,0.000
PNW78322,11740,11560.308,0.711300,57.000
PNW78806,1889,1709.308,5.485806,65.000
PNW78972,3873,3693.308,0.742139,19.000
PNW79014,2807,2627.308,1.043254,19.000
PNW78759,626,446.632,0.000000,0.000
PNW79364,6232,6052.308,0.309863,13.000
PNW78945,3253,3073.308,0.140819,3.000
PNW79165,1241,1061.308,3.716563,27.342
PNW78520,7365,7185.308,2.730492,136.000
PNW79107,4339,4159.308,6.524813,188.123
PNW78244,2349,2169.308,2.527026,38.000
PNW78245,2379,2199.308,0.000000,0.000
PNW78423,8019,7839.308,3.183581,173.000
PNW78872,2835,2655.308,0.108658,2.000
PNW79382,4515,4335.308,14.676153,441.047
PNW78466,1614,1434.308,49.284731,490.013
PNW78389,4305,4125.308,2.063208,59.000
PNW79355,3858,3678.308,4.551649,116.056
PNW78314,811,631.465,815.847635,3571.175
PNW79045,6214,6034.308,1.864724,78.000
PNW78554,668,488.582,14.763177,50.000
PNW79455,1405,1225.308,83.516732,709.368
PNW79386,2221,2041.308,1.489917,21.083
PNW79387,2188,2008.308,0.823301,11.462
PNW78375,5127,4947.308,4.074808,139.743
PNW79013,2029,1849.308,2529.612611,32427.679
PNW79166,2526,2346.308,11.694527,190.204
PNW79374,4952,4772.308,0.575258,19.030
PNW78388,5267,5087.308,0.000000,0.000
PNW78740,722,542.532,59.024639,221.979
PNW79276,2046,1866.308,27.991426,362.127
PNW79277,1929,1749.308,0.000000,0.000
PNW78996,2747,2567.308,1.862475,33.145
PNW78736,4564,4384.308,5.934351,180.354
PNW78937,3129,2949.308,1.956534,40.000
PNW79174,1735,1555.308,27.542513,296.943
PNW78932,1816,1636.308,12.785718,145.025
PNW78635,2141,1961.308,61.066567,830.237
PNW79287,3870,3690.308,7.095533,181.510
PNW78308,5908,5728.308,2.694666,107.000
PNW78565,1203,1023.308,0.000000,0.000
PNW78566,3000,2820.308,34.581314,676.068
PNW78656,1449,1269.308,31.348946,275.831
PNW78922,6659,6479.308,1.976379,88.767
PNW78923,6455,6275.308,4.696483,204.296
PNW79485,1532,1352.308,0.106677,1.000
PNW78709,1937,1757.308,28.984782,353.078
PNW78786,6634,6454.308,13.049575,583.846
PNW79179,2830,2650.308,0.214340,3.938
PNW78192,1262,1082.308,0.399869,3.000
PNW78213,2489,2309.308,6.309386,101.000
PNW78523,2039,1859.308,0.000000,0.000
PNW78522,425,247.086,4.086926,7.000
PNW78525,1840,1660.308,2.259082,26.000
PNW78728,3878,3698.308,7.411361,190.000
PNW78955,7030,6850.308,0.845064,40.128
PNW79265,2955,2775.308,9.983835,192.071
PNW79136,3338,3158.308,0.913543,20.000
PNW78548,1851,1671.308,1.726318,20.000
PNW79149,8190,8010.308,1.224636,68.000
PNW78842,2516,2336.308,37.312378,604.276
PNW79308,7254,7074.308,5.064528,248.356
PNW78378,2261,2081.308,3.188371,46.000
PNW78704,2174,1994.308,3.040040,42.027
PNW78206,2138,1958.308,340.115838,4617.006
PNW78207,1866,1686.308,1560.563730,18241.940
PNW79328,3615,3435.308,1.921335,45.753
PNW78349,5381,5201.308,1.802803,65.000
PNW79445,1997,1817.308,7.700404,97.005
PNW78500,2243,2063.308,3.076352,44.000
PNW78621,2139,1959.308,4.270441,58.000
PNW78251,1685,1505.308,0.000000,0.000
PNW79175,2481,2301.308,0.564177,9.000
PNW79000,3050,2870.308,0.854413,17.000
PNW78239,681,501.569,0.000000,0.000
PNW78999,2918,2738.308,1.422423,27.000
PNW78200,1381,1201.308,3.602585,30.000
PNW78583,4530,4350.308,1.227224,37.008
PNW79153,5566,5386.308,5.570826,208.000
PNW79123,2834,2654.308,60.493606,1113.047
PNW79257,1809,1629.308,7.437440,84.000
PNW78705,2562,2382.308,27.971460,461.919
PNW79492,576,396.751,0.000000,0.000
PNW78988,4944,4764.308,7.085681,234.010
PNW78518,2409,2229.308,19.716284,304.683
PNW78519,2151,1971.308,17.513265,239.317
PNW79042,740,560.518,0.000000,0.000
PNW78319,1884,1704.308,32.507548,384.047
PNW78325,5904,5724.308,30.085267,1193.794
PNW79234,3785,3605.308,1.546591,38.652
PNW79431,2521,2341.308,6.475422,105.094
PNW79430,2371,2191.308,16.536978,251.196
PNW79424,2549,2369.308,10.037866,164.860
PNW78669,2673,2493.308,7.796657,134.753
PNW79181,2676,2496.308,5.201340,90.005
PNW79072,3620,3440.308,12.423104,296.265
PNW78535,2148,1968.308,1.319249,18.000
PNW79162,4252,4072.308,39.235624,1107.576
PNW78332,3918,3738.308,6.830392,177.000
PNW79333,1556,1376.308,0.000000,0.000
PNW78240,14346,14166.308,134.947375,13251.763
PNW78916,3101,2921.308,20.118041,407.395
PNW79001,2184,2004.308,0.071975,1.000
PNW78821,4603,4423.308,27.758005,851.114
PNW79222,7688,7508.308,1.479436,77.000
PNW78484,3446,3266.308,2.738306,62.000
PNW79245,5029,4849.308,9.188870,308.883
PNW78222,2080,1900.308,30.023228,395.489
PNW79043,1317,1137.308,0.000000,0.000
PNW79459,1119,939.308,12.593695,82.000
PNW78719,948,768.323,65.478330,348.734
PNW78834,3070,2890.308,1.946508,38.999
PNW79044,1288,1108.308,0.000000,0.000
PNW78640,1864,1684.308,21.926325,256.000
PNW78898,1860,1680.308,85.389503,994.594
PNW78458,841,661.425,0.000000,0.000
PNW78815,1416,1236.308,0.000000,0.000
PNW79411,8140,7960.308,6.632827,366.000
PNW78895,7564,7384.308,1.621533,83.002
PNW78792,7990,7810.308,8.350441,452.095
PNW78440,3067,2887.308,66.501570,1330.999
PNW78195,2815,2635.308,31.283416,571.476
PNW79152,2330,2150.308,0.737972,11.000
PNW78676,2192,2012.308,5.734796,79.995
PNW79154,3639,3459.308,0.233065,5.589
PNW79478,2670,2490.308,68.985480,1190.867
PNW79258,1493,1313.308,2.306748,21.000
PNW78854,2971,2791.308,2.829533,54.749
PNW78231,995,815.310,32.733815,185.000
PNW78289,4322,4142.308,12.112756,347.807
PNW78624,1526,1346.308,0.000000,0.000
PNW78235,920,740.337,0.000000,0.000
PNW79334,2605,2425.308,9.996624,168.063
PNW78218,646,466.601,0.309173,1.000
PNW78687,5400,5220.308,0.821400,29.724
PNW78688,5457,5277.308,1.294702,47.363
PNW79270,10030,9850.308,1.610983,110.000
PNW78840,2881,2701.308,0.000000,0.000
PNW78839,4346,4166.308,5.163187,149.115
PNW78896,3941,3761.308,10.777809,281.010
PNW79230,734,554.523,20.812202,80.000
PNW79330,2467,2287.308,13.185328,209.059
PNW78256,2266,2086.308,1.581469,22.871
PNW78333,1076,896.308,0.000000,0.000
PNW78580,4493,4313.308,0.000000,0.000
PNW78581,2210,2030.308,0.000000,0.000
PNW78615,6019,5839.308,20.051449,811.633
PNW79080,3779,3599.308,0.000000,0.000
PNW79428,902,722.355,0.000000,0.000
PNW78807,1841,1661.308,125.546251,1445.794
PNW78254,742,562.517,1.690453,6.592
PNW78856,2897,2717.308,16.622710,313.107
PNW78671,2350,2170.308,0.000000,0.000
PNW78724,2301,2121.308,35.389023,520.385
PNW79463,1731,1551.308,9.392274,101.000
PNW78272,5096,4916.308,3.579878,122.000
PNW78987,2168,1988.308,20.536879,283.055
PNW78986,2283,2103.308,0.000000,0.000
PNW78844,5042,4862.308,0.089007,3.000
PNW78589,5395,5215.308,1.663501,60.139
PNW79489,2029,1849.308,0.078008,1.000
PNW79238,1667,1487.308,51.882795,534.905
PNW78720,1621,1441.308,233.760121,2335.500
PNW78826,4549,4369.308,0.198101,6.000
PNW79376,4676,4496.308,9.464965,295.004
PNW78501,2780,2600.308,493.665891,8898.371
PNW78904,10869,10689.308,0.769267,57.001
PNW78432,1662,1482.308,0.681251,7.000
PNW79069,3264,3084.308,3.921203,83.836
PNW78300,2054,1874.308,24.090744,313.000
PNW79488,2936,2756.308,6.920060,132.218
PNW79487,3044,2864.308,0.000000,0.000
PNW79054,3026,2846.308,4.561504,90.000
PNW79218,2052,1872.308,4.623315,60.004
PNW78684,1854,1674.308,10.265609,119.144
PNW78685,1869,1689.308,15.806603,185.097
PNW79081,8550,8370.308,0.270791,15.712
PNW79421,4442,4262.308,3.249979,96.024
PNW78748,3165,2985.308,3.044380,63.000
PNW78645,1583,1403.308,26.009216,253.007
PNW78345,4464,4284.308,3.232497,96.000
PNW79274,1688,1508.308,16.943885,177.156
PNW78471,3218,3038.308,4.416090,93.008
PNW78472,2445,2265.308,0.000000,0.000
PNW79201,2401,2221.308,36.109114,556.004
PNW78433,10616,10436.308,1.264500,91.478
PNW78833,3580,3400.308,5.986889,141.115
PNW79021,2204,2024.308,8.551692,120.000
PNW79022,1008,828.308,0.000000,0.000
PNW78644,14031,13851.308,0.739681,71.021
PNW79208,2569,2389.308,0.543398,9.000
PNW78864,2863,2683.308,3.382910,62.924
PNW79063,2697,2517.308,6.189204,108.000
PNW79304,4655,4475.308,1.197310,37.143
PNW78655,1789,1609.308,2245.498292,25049.814
PNW78689,2565,2385.308,68.165978,1127.106
PNW78914,2980,2800.308,1.906090,37.000
PNW78830,3645,3465.308,4.458318,107.094
PNW79047,2320,2140.308,78.168167,1159.735
PNW78485,2335,2155.308,0.468529,7.000
PNW79065,3536,3356.308,1.074551,25.000
PNW78549,4426,4246.308,0.000000,0.000
PNW79031,1722,1542.308,0.000000,0.000
PNW78607,6754,6574.308,1.580780,72.040
PNW78377,4204,4024.308,2.437615,68.000
PNW79211,1629,1449.308,4.379650,44.000
PNW78765,1230,1050.308,13.324600,97.012
PNW78846,2895,2715.308,3.425717,64.480
PNW78845,2889,2709.308,0.349914,6.572
PNW78591,1146,966.308,32.284685,216.254
PNW78873,1368,1188.308,0.121400,1.000
PNW78598,1827,1647.308,0.159010,1.816
PNW78599,1210,1030.308,1.986036,14.184
PNW79100,4679,4499.308,1.476418,46.048
PNW78666,1646,1466.308,7.969062,81.000
PNW78799,2750,2570.308,14.199818,253.000
PNW79420,3071,2891.308,7.509569,150.509
PNW79083,1721,1541.308,0.338555,3.617
PNW78400,1635,1455.308,1.586034,16.000
PNW79472,1214,1034.308,181.497533,1301.288
PNW79048,3464,3284.308,2.600230,59.198
PNW78366,2559,2379.308,6.851335,113.000
PNW78933,6006,5826.308,1.188489,48.000
PNW79393,6474,6294.308,0.000000,0.000
PNW79392,8463,8283.308,0.000000,0.000
PNW79464,1493,1313.308,343.144642,3123.895
PNW78793,1112,932.308,0.000000,0.000
PNW78794,872,692.386,0.625058,3.000
PNW78257,3046,2866.308,0.000000,0.000
PNW78679,1395,1215.308,6.544643,55.135
PNW78818,3490,3310.308,0.610108,14.000
PNW78401,1169,989.308,0.185748,1.274
PNW79074,1262,1082.308,0.000000,0.000
PNW78280,3338,3158.308,2.649261,58.000
PNW78750,1461,1281.308,13.371141,118.761
PNW79475,1276,1096.308,0.000000,0.000
PNW79486,929,749.330,0.000000,0.000
PNW78275,1438,1258.308,183.406840,1599.761
PNW78614,1940,1760.308,0.635243,7.751
PNW78805,865,685.395,0.420956,2.000
PNW79206,2645,2465.308,33.099635,565.649
PNW78467,3906,3726.308,7.510527,194.000
PNW78973,5315,5135.308,8.523970,303.432
PNW78512,1869,1689.308,29.586892,346.466
PNW78455,5660,5480.308,0.670651,25.477
PNW78456,4398,4218.308,0.462457,13.523
PNW78454,5636,5456.308,0.000000,0.000
PNW79493,2169,1989.308,102.727359,1416.579
PNW78465,3352,3172.308,17.521649,385.303
PNW78238,2961,2781.308,251.260435,4844.241
PNW78328,1823,1643.308,13.958673,159.007
PNW78608,2872,2692.308,10.614537,198.097
PNW78897,2313,2133.308,29.060461,429.743
PNW78650,2912,2732.308,0.844769,16.000
PNW78620,8699,8519.308,0.255897,15.112
PNW79269,1217,1037.308,0.000000,0.000
PNW79476,1816,1636.308,30.862388,350.064
PNW78590,2588,2408.308,5.630711,94.000
PNW78224,1296,1116.308,0.000000,0.000
PNW79085,6593,6413.308,0.357815,15.907
PNW79344,2510,2330.308,4.023903,65.000
PNW79434,3223,3043.308,5.003086,105.545
PNW78917,3772,3592.308,573.987357,14293.166
PNW78788,5664,5484.308,17.318040,658.375
PNW78197,1750,1570.308,0.000000,0.000
PNW78899,3335,3155.308,17.358821,379.677
PNW79363,1756,1576.308,11.721209,128.076
PNW78293,4953,4773.308,0.302223,10.000
PNW79200,11262,11082.308,3.273352,251.464
PNW78857,1109,929.308,131.345525,846.112
PNW79105,8872,8692.308,0.248945,15.000
PNW79380,7692,7512.308,0.353098,18.387
PNW78290,4005,3825.308,7.732089,205.029
PNW79202,2230,2050.308,5.141104,73.068
PNW78242,1297,1117.308,2.388419,18.498
PNW78567,4466,4286.308,2.928113,87.001
PNW78568,4610,4430.308,0.000000,0.000
PNW78991,3826,3646.308,3.125584,79.002
PNW79346,2915,2735.308,1.529464,29.000
PNW78739,2104,1924.308,8.321477,111.001
PNW78762,1413,1233.308,27.501053,235.111
PNW78716,2128,1948.308,204.754054,2765.303
PNW78291,6576,6396.308,0.225537,10.000
PNW78925,4310,4130.308,0.314346,9.000
PNW79053,5194,5014.308,0.000000,0.000
PNW79052,5197,5017.308,2.156443,75.000
PNW79055,2895,2715.308,6.747496,127.003
PNW79349,2455,2275.308,91.946653,1450.203
PNW79325,7092,6912.308,5.259263,252.000
PNW79450,1850,1670.308,303.346163,3512.268
PNW78646,2981,2801.308,17.997196,349.477
PNW78901,2056,1876.308,3.243130,42.181
PNW78334,2949,2769.308,0.000000,0.000
PNW79046,1731,1551.308,2.138835,23.000
PNW78464,2682,2502.308,0.000000,0.000
PNW78749,3733,3553.308,7.004582,172.531
PNW79082,1671,1491.308,0.000000,0.000
PNW78496,10978,10798.308,0.000000,0.000
PNW79057,4646,4466.308,6.395049,197.991
PNW78482,1583,1403.308,48.830142,475.000
PNW78354,3349,3169.308,0.000000,0.000
PNW78659,3058,2878.308,8.319925,166.000
PNW78860,2732,2552.308,9.665191,171.000
PNW78812,1326,1146.308,110.725520,879.836
PNW78980,2022,1842.308,17.869586,228.207
PNW78982,2274,2094.308,20.366516,295.672
PNW78981,540,360.871,9.786750,24.482
PNW78965,3407,3227.308,1.117522,25.001
PNW79405,5886,5706.308,3.792136,150.000
PNW78776,1561,1381.308,2.072750,19.847
PNW78777,1419,1239.308,5.604592,48.148
PNW78910,4261,4081.308,0.070693,2.000
PNW79480,6803,6623.308,5.154171,236.639
PNW78236,2620,2440.308,186.779320,3159.556
PNW79331,2243,2063.308,50.828951,726.989
PNW78413,1612,1432.308,0.716598,7.115
PNW79397,5557,5377.308,12.609264,470.010
PNW78202,2718,2538.308,0.000000,0.000
PNW78947,3259,3079.308,5.340271,113.991
PNW78260,3565,3385.308,7.670466,180.000
PNW79351,9207,9027.308,0.047941,3.000
PNW78611,5339,5159.308,2.013207,72.000
PNW78284,6349,6169.308,7.599652,325.000
PNW78612,2576,2396.308,13.063650,217.000
PNW78663,6674,6494.308,2.176911,98.000
PNW78732,1632,1452.308,3.675280,37.000
PNW78443,3521,3341.308,24.377759,564.629
PNW78668,6613,6433.308,3.508280,156.452
PNW79473,4221,4041.308,28.333508,793.734
PNW78305,1475,1295.308,10.956183,98.375
PNW78530,3633,3453.308,2.966028,71.001
PNW78221,2265,2085.308,0.000000,0.000
PNW79216,8270,8090.308,0.000000,0.000
PNW79217,7717,7537.308,1.071814,56.000
PNW79077,5781,5601.308,0.507660,19.711
PNW78278,1631,1451.308,0.000000,0.000
PNW78885,2491,2311.308,3.994566,64.000
PNW79168,2247,2067.308,6.559490,94.000
PNW78563,3036,2856.308,2.488803,49.277
PNW78734,4070,3890.308,3.596957,97.000
PNW78263,8929,8749.308,1.698562,103.017
PNW78948,5525,5345.308,0.000000,0.000
PNW78773,1717,1537.308,716.071334,7630.795
PNW79219,3167,2987.308,96.673658,2001.892
PNW78304,3837,3657.308,2.602489,65.979
PNW78418,1600,1420.308,3.758085,37.000
PNW78247,556,376.816,0.000000,0.000
PNW79418,1568,1388.308,43.043966,414.239
PNW78198,1858,1678.308,11.085222,128.964
PNW78969,1806,1626.308,2.395016,27.000
PNW78673,19168,18988.308,0.987693,130.005
PNW78743,4908,4728.308,11.656396,382.052
PNW78968,4899,4719.308,3.923102,128.340
PNW78920,3319,3139.308,7.352474,160.000
PNW79041,2512,2332.308,0.000000,0.000
PNW78913,3444,3264.308,12.130048,274.477
PNW78940,785,605.488,12.152860,51.008
PNW78348,24640,24460.308,0.577978,98.000
PNW78721,5160,4980.308,21.339832,736.715
PNW78900,6301,6121.308,0.117835,5.000
PNW79377,2612,2432.308,0.533791,9.000
PNW79119,2722,2542.308,5.611234,98.887
PNW78934,2367,2187.308,12.750593,193.327
PNW78368,2508,2328.308,44.544913,718.937
PNW78959,2800,2620.308,1.211205,22.000
PNW79220,3069,2889.308,0.166324,3.331
PNW78809,4531,4351.308,0.066307,2.000
PNW78342,1993,1813.308,38.918560,489.194
PNW78303,3317,3137.308,5.794181,126.009
PNW78355,3915,3735.308,3.128283,81.000
PNW79323,1742,1562.308,0.184676,2.000
PNW78741,1514,1334.308,31.471904,291.093
PNW79084,2005,1825.308,0.609088,7.707
PNW79167,1596,1416.308,5.194820,51.001
PNW78425,6025,5845.308,0.000000,0.000
PNW79254,2295,2115.308,1.233152,18.082
PNW78755,2980,2800.308,1.545681,30.004
PNW78476,2034,1854.308,304.876056,3918.842
PNW79003,21583,21403.308,0.418337,62.067
PNW79066,2675,2495.308,11.216554,194.015
PNW78571,6148,5968.308,19.760560,817.529
PNW78551,2006,1826.308,0.000000,0.000
PNW78550,824,644.446,0.000000,0.000
PNW78760,2210,2030.308,22.139360,311.587
PNW78820,1410,1230.308,36.470767,311.037
PNW78984,11359,11179.308,1.678134,130.045
PNW78528,1494,1314.308,0.987854,9.000
PNW79115,2792,2612.308,6.240250,113.000
PNW78967,3280,3100.308,9.586504,206.024
PNW78695,3790,3610.308,34.524600,864.023
PNW79399,3319,3139.308,6.984869,152.000
PNW78320,1679,1499.308,1.924361,20.000
PNW78459,4408,4228.308,62.038766,1818.370
PNW78966,6343,6163.308,3.042559,129.989
PNW78309,3401,3221.308,30.230290,675.036
PNW78697,1480,1300.308,10.991545,99.074
PNW79190,1869,1689.308,135.495313,1586.667
PNW79156,10755,10575.308,2.946512,216.000
PNW78428,4471,4291.308,34.558182,1028.000
PNW79312,4520,4340.308,25.608762,770.481
PNW78884,3962,3782.308,0.953522,25.000
PNW79203,3140,2960.308,45.102569,925.531
PNW78220,3172,2992.308,28.263300,586.248
PNW79004,3684,3504.308,0.247000,6.000
PNW78237,2814,2634.308,3.266000,59.640
PNW78779,6181,6001.308,1.850940,77.000
PNW78800,5513,5333.308,17.255321,637.929
PNW78633,1619,1439.308,8.920386,89.000
PNW78702,1910,1730.308,1.750868,21.000
PNW78453,2680,2500.308,13.212634,229.000
PNW78616,6631,6451.308,0.089446,4.000
PNW78963,1417,1237.308,5.596426,48.000
PNW79391,4858,4678.308,3.854505,125.000
PNW78871,663,483.584,0.000000,0.000
PNW78870,823,643.448,0.000000,0.000
PNW79281,2200,2020.308,8.140193,114.000
PNW79113,2383,2203.308,3.470149,53.000
PNW78306,2880,2700.308,8.013840,150.005
PNW79147,860,680.407,2021.232196,9533.168
PNW79146,648,468.599,5094.022753,16546.832
PNW79423,620,440.643,0.000000,0.000
PNW78513,2058,1878.308,11.059693,144.000
PNW79307,1608,1428.308,137.679207,1363.147
PNW78297,3435,3255.308,1.949881,44.000
PNW78480,6440,6260.308,2.449495,106.298
PNW78891,2953,2773.308,427.189799,8212.427
PNW79291,2746,2566.308,5.396921,96.008
PNW79460,1285,1105.308,798.819825,6120.470
PNW78703,1905,1725.308,0.501686,6.000
PNW78796,1707,1527.308,6.045062,64.000
PNW78327,7413,7233.308,1.848637,92.692
PNW79297,4086,3906.308,3.769638,102.075
PNW79469,2646,2466.308,175.946783,3008.023
PNW78585,2354,2174.308,7.234575,109.040
PNW79404,1906,1726.308,11.031131,132.005
PNW78954,9071,8891.308,5.692980,350.879
PNW79357,6103,5923.308,0.000000,0.000
PNW79358,2443,2263.308,0.000000,0.000
PNW79068,3561,3381.308,3.327801,78.000
PNW78588,7155,6975.308,1.799299,87.000
PNW78958,9876,9696.308,0.165784,11.143
PNW78957,11184,11004.308,9.764131,744.816
PNW79091,1815,1635.308,22.075865,250.248
PNW78601,2920,2740.308,0.157932,3.000
PNW79350,8337,8157.308,4.656289,263.293
PNW78310,1947,1767.308,81.654088,1000.329
PNW78544,3544,3364.308,2.487022,58.000
PNW78533,1901,1721.308,13.587062,162.120
PNW79058,2934,2754.308,19.445882,371.272
PNW78936,4773,4593.308,0.471100,15.000
PNW78243,2918,2738.308,0.000000,0.000
PNW78978,3503,3323.308,14.389133,331.480
PNW78725,1226,1046.308,0.000000,0.000
PNW78652,4243,4063.308,3.407494,95.977
PNW79061,6790,6610.308,0.043647,2.000
PNW79242,2582,2402.308,3.362844,56.000
PNW79108,2503,2323.308,7.889955,127.067
PNW78228,983,803.313,0.000000,0.000
PNW78942,3895,3715.308,1.475490,38.000
PNW79039,3869,3689.308,0.000000,0.000
PNW78797,2472,2292.308,23.742688,377.273
PNW78414,2691,2511.308,35.392444,616.117
PNW78924,1812,1632.308,1.679186,19.000
PNW78426,1526,1346.308,11.251029,105.000
PNW79311,3477,3297.308,3.237574,74.000
PNW78407,998,818.308,0.000000,0.000
PNW79394,2377,2197.308,7.957823,121.210
PNW79497,6336,6156.308,3.076767,131.301
PNW79496,4632,4452.308,0.000000,0.000
PNW78772,2100,1920.308,10.372489,138.072
PNW78774,9370,9190.308,4.677821,298.007
PNW79018,5280,5100.308,1.555672,55.001
PNW78356,792,612.483,0.235534,1.000
PNW78946,2599,2419.308,42.171188,707.228
PNW79112,2477,2297.308,0.761576,12.128
PNW78193,1634,1454.308,27.697168,279.219
PNW78307,10830,10650.308,4.512011,333.108
PNW78561,2390,2210.308,0.130534,2.000
PNW78701,3103,2923.308,18.644635,377.817
PNW78960,4554,4374.308,0.772237,23.416
PNW78715,6580,6400.308,9.128836,405.013
PNW79010,10667,10487.308,2.504754,182.088
PNW78700,3873,3693.308,36.055133,923.071
PNW78931,2410,2230.308,35.155574,543.515
PNW78795,4139,3959.308,3.898794,107.005
PNW78595,1881,1701.308,1.527096,18.010
PNW79247,1420,1240.308,56.417509,485.061
PNW79373,5410,5230.308,5.297321,192.060
PNW78506,2572,2392.308,96.189037,1595.127
PNW78628,3949,3769.308,10.027381,262.000
PNW78811,6097,5917.308,0.536348,22.000
PNW79073,2922,2742.308,9.902190,188.235
PNW79298,1070,890.308,55.902822,345.006
PNW78194,1042,862.308,0.000000,0.000
PNW79278,3739,3559.308,0.891671,22.000
PNW79370,5036,4856.308,0.445595,15.000
PNW78672,3430,3250.308,4.042098,91.072
PNW78847,1429,1249.308,0.808306,7.000
PNW79243,2916,2736.308,2.741485,52.000
PNW79093,2899,2719.308,1.538463,29.000
PNW78927,2648,2468.308,5.106809,87.378
PNW78380,3762,3582.308,5.545564,137.709
PNW79422,3606,3426.308,5.803125,137.829
PNW78717,2117,1937.308,16.754594,225.001
PNW78182,4526,4346.308,5.509790,166.000
PNW79033,3332,3152.308,0.000000,0.000
PNW78298,1790,1610.308,76.524277,854.202
PNW78396,3052,2872.308,9.341774,186.000
PNW79319,2985,2805.308,227.496348,4423.923
PNW78587,2761,2581.308,4.247381,76.000
PNW78529,1770,1590.308,2.902793,32.000
PNW78726,3225,3045.308,13.207138,278.800
PNW78617,2246,2066.308,1.117049,16.000
PNW79017,2975,2795.308,0.516081,10.000
PNW78769,4139,3959.308,7.542560,207.010
PNW79189,1023,843.308,88.083225,514.911
PNW79407,2078,1898.308,14.821091,195.029
PNW78908,2403,2223.308,20.101301,309.796
PNW78252,2732,2552.308,10.224027,180.887
PNW79305,3826,3646.308,5.777480,146.031
PNW78711,3702,3522.308,3.320294,81.069
PNW79470,3975,3795.308,9.745453,256.390
PNW79182,1881,1701.308,13.238931,156.131
PNW78323,5282,5102.308,1.583328,56.000
PNW78397,6086,5906.308,0.244248,10.000
PNW78481,1869,1689.308,5.123772,60.000
PNW79151,2590,2410.308,38.612214,645.134
PNW78542,9105,8925.308,0.178036,11.015
PNW78665,8161,7981.308,10.140076,561.006
PNW79324,4134,3954.308,0.000000,0.000
PNW78677,5122,4942.308,4.144654,141.994
PNW79365,2973,2793.308,12.012792,232.603
PNW79366,3023,2843.308,0.000000,0.000
PNW79034,2065,1885.308,0.189653,2.479
PNW79237,2976,2796.308,0.825434,16.000
PNW78653,3208,3028.308,0.363806,7.637
PNW78507,11988,11808.308,2.125735,174.000
PNW78603,3054,2874.308,5.922378,118.000
PNW79024,2954,2774.308,17.004156,327.011
PNW78639,4031,3851.308,0.000000,0.000
PNW78329,4294,4114.308,2.279103,65.000
PNW78632,1140,960.308,12.001148,79.889
PNW78998,7889,7709.308,4.168836,222.783
PNW79389,2361,2181.308,0.000000,0.000
PNW79028,1968,1788.308,2.097386,26.000
PNW79120,2474,2294.308,1.814030,28.850
PNW78892,3227,3047.308,40.036718,845.722
PNW79117,5005,4825.308,49.146423,1643.878
PNW78790,1315,1135.308,25.159736,198.003
PNW78714,2083,1903.308,4.471882,59.000
PNW79296,2418,2238.308,25.326397,392.958
PNW79051,1982,1802.308,54.919988,686.139
PNW79015,11666,11486.308,0.893556,71.147
PNW79099,2729,2549.308,26.771024,473.086
PNW79126,4552,4372.308,1.208924,36.641
PNW79481,2542,2362.308,10.291654,168.529
PNW78861,1253,1073.308,119.896421,892.038
PNW79343,4526,4346.308,1.062128,32.000
PNW79390,2606,2426.308,2.259358,38.000
PNW78450,4481,4301.308,76.313213,2275.374
PNW78255,3765,3585.308,0.000000,0.000
PNW79447,8676,8496.308,2.835747,167.013
PNW79135,1810,1630.308,66.656302,753.292
PNW78629,2272,2092.308,3.187378,46.229
PNW79027,564,384.787,0.000000,0.000
PNW78233,1236,1056.308,2.321698,17.000
PNW78643,3825,3645.308,2.181118,55.115
PNW78822,2356,2176.308,10.802734,162.970
PNW78541,1790,1610.308,2.956326,33.000
PNW78324,6007,5827.308,2.279937,92.097
PNW78578,6188,6008.308,1.793357,74.692
PNW78939,880,700.373,0.420103,2.040
PNW78938,1236,1056.308,0.677449,4.960
PNW79477,1499,1319.308,23.727989,217.000
PNW78353,1108,928.308,3498.060131,22509.821
PNW78560,3342,3162.308,4.926824,108.000
PNW78729,1492,1312.308,5.386513,49.000
PNW78634,8014,7834.308,7.494724,407.013
PNW78766,2139,1959.308,101.500423,1378.552
PNW78835,1473,1293.308,51.731354,463.776
PNW79229,1501,1321.308,42.269766,387.156
PNW79467,3084,2904.308,8.395511,169.022
PNW78296,3812,3632.308,23.713170,597.069
PNW78573,2804,2624.308,245.115130,4459.000
PNW78893,2915,2735.308,1.845909,35.000
PNW78445,924,744.334,0.000000,0.000
PNW79474,1918,1738.308,5.786465,69.726
PNW78887,2400,2220.308,1792.413372,27586.969
PNW78742,3692,3512.308,0.492874,12.000
PNW78761,5066,4886.308,4.368607,147.971
PNW78737,1810,1630.308,134.115814,1515.662
PNW79116,1641,1461.308,5.429606,55.000
PNW78361,1256,1076.308,43.293978,323.011
PNW79400,1085,905.308,0.000000,0.000
PNW79321,2710,2530.308,0.000000,0.000
PNW78631,5185,5005.308,24.079422,835.467
PNW78279,2344,2164.308,0.000000,0.000
PNW78382,1809,1629.308,0.000000,0.000
PNW78415,1381,1201.308,133.976524,1115.670
PNW78950,4872,4692.308,0.000000,0.000
PNW78951,4618,4438.308,0.650070,20.000
PNW78949,4435,4255.308,0.000000,0.000
PNW78215,7413,7233.308,12.730643,638.322
PNW79491,2075,1895.308,454.228635,5967.699
PNW78690,2050,1870.308,16.904075,219.158
PNW78886,2688,2508.308,3.048193,53.000
PNW78683,1518,1338.308,15.630978,145.009
PNW79402,3228,3048.308,0.767761,16.223
PNW79449,3670,3490.308,2.934554,71.000
PNW79209,2202,2022.308,9.347943,131.044
PNW78408,2903,2723.308,21.595098,407.666
PNW79484,994,814.310,0.000000,0.000
PNW78553,2504,2324.308,56.772182,914.707
PNW79442,3861,3681.308,2.475370,63.168
PNW78498,9738,9558.308,6.253472,414.338
PNW78362,8014,7834.308,1.344218,73.000
PNW78341,1678,1498.308,17.693547,183.767
PNW78340,549,369.839,22.433675,57.513
PNW78858,4485,4305.308,4.744633,141.599
PNW79128,2134,1954.308,8.562647,115.999
PNW79240,2841,2661.308,2.330884,43.000
PNW78935,3017,2837.308,2.643896,52.000
PNW79102,2766,2586.308,28.238385,506.259
PNW78763,3093,2913.308,35.564230,718.212
PNW79388,1055,875.308,0.000000,0.000
PNW79016,3522,3342.308,1.640154,38.000
PNW79482,2692,2512.308,16.685725,290.583
PNW78918,3650,3470.308,8.688190,209.002
PNW78451,2335,2155.308,9.303640,139.000
PNW79172,1940,1760.308,9.998125,122.000
PNW78855,3384,3204.308,1.829823,40.644
PNW78266,3982,3802.308,7.284527,192.000
PNW78262,914,734.341,0.392898,2.000
PNW79002,2987,2807.308,0.411100,8.000
PNW78462,4616,4436.308,48.876107,1503.041
PNW78843,4205,4025.308,0.215030,6.000
PNW79290,2444,2264.308,50.664603,795.230
PNW79414,1820,1640.308,11.421858,129.872
PNW78439,3665,3485.308,2.566244,62.000
PNW79193,880,700.373,26.776988,130.000
PNW78664,1395,1215.308,400.557858,3374.460
PNW78190,3029,2849.308,0.595309,11.758
PNW78211,5559,5379.308,2.900222,108.146
PNW78311,3431,3251.308,0.931770,21.000
PNW78961,3031,2851.308,9.227340,182.378
PNW79479,1486,1306.308,66.398621,601.253
PNW79436,1502,1322.308,1.188865,10.897
PNW79437,1079,899.308,3.443856,21.469
PNW78952,11014,10834.308,0.745649,56.000
PNW78444,2412,2232.308,0.129248,2.000
PNW79419,2230,2050.308,9.371150,133.188
PNW79196,2706,2526.308,11.934618,209.001
PNW79078,5699,5519.308,0.000000,0.000
PNW79178,10610,10430.308,2.592367,187.433
PNW79256,2268,2088.308,7.806050,113.000
PNW78352,1802,1622.308,6.847051,77.000
PNW79204,4564,4384.308,0.098711,3.000
PNW78619,8264,8084.308,1.978742,110.888
PNW79030,2499,2319.308,14.617082,235.002
PNW79139,2156,1976.308,2.262843,31.000
PNW79180,1469,1289.308,66.203374,591.683
PNW78381,1653,1473.308,0.000000,0.000
PNW78928,3960,3780.308,7.542949,197.661
PNW78771,3487,3307.308,0.828755,19.000
PNW79263,5366,5186.308,2.280883,82.000
PNW79131,1192,1012.308,0.570026,4.000
PNW78764,2635,2455.308,16.874488,287.203
PNW79251,2243,2063.308,10.421875,149.060
PNW78282,3519,3339.308,7.776129,180.000
PNW78461,1752,1572.308,0.000000,0.000
PNW78564,1817,1637.308,3.890144,44.152
PNW79396,3482,3302.308,0.043685,1.000
PNW78277,1224,1044.308,0.276280,2.000
PNW78409,1786,1606.308,0.000000,0.000
PNW79121,2936,2756.308,1.308525,25.001
PNW78539,3560,3380.308,2.944695,69.000
PNW79110,3055,2875.308,0.451550,9.000
PNW79401,2276,2096.308,42.941471,624.000
PNW79092,2514,2334.308,0.061800,1.000
PNW78370,2219,2039.308,0.000000,0.000
PNW79299,3442,3262.308,20.924374,473.184
PNW78878,7193,7013.308,2.274415,110.572
PNW79199,2100,1920.308,239.050183,3182.091
PNW79409,1757,1577.308,8.139975,89.000
PNW78698,1589,1409.308,73.854583,721.499
PNW78699,1709,1529.308,0.000000,0.000
PNW78452,1641,1461.308,11.278621,114.248
PNW78463,1714,1534.308,25.472979,270.922
PNW78985,12921,12741.308,1.551210,137.005
PNW79049,6127,5947.308,0.000000,0.000
PNW78351,4525,4345.308,0.497987,15.000
PNW78186,2171,1991.308,7.751625,107.000
PNW79138,1679,1499.308,10.102895,105.000
PNW78654,3876,3696.308,0.104707,2.683
PNW78602,2141,1961.308,1.250405,17.000
PNW78276,2407,2227.308,2.137377,33.000
PNW78902,2463,2283.308,8.466381,134.003
PNW78828,2247,2067.308,12.198349,174.807
PNW78301,7753,7573.308,3.390641,178.000
PNW78406,1868,1688.308,33.476866,391.786
PNW79352,2157,1977.308,7.979095,109.366
PNW79191,912,732.344,10.243199,52.000
PNW79140,2073,1893.308,0.000000,0.000
PNW78469,3192,3012.308,9.119781,190.430
PNW78555,1060,880.308,7.210499,44.000
PNW79371,2694,2514.308,0.057376,1.000
PNW78604,9888,9708.308,0.282330,19.000
PNW79383,2552,2372.308,8.442088,138.827
PNW78258,3460,3280.308,4.001974,91.000
PNW79157,3944,3764.308,1.925968,50.256
PNW78775,2329,2149.308,18.892571,281.477
PNW78336,2788,2608.308,3.871567,70.000
PNW78831,5694,5514.308,3.819565,146.002
PNW78339,2969,2789.308,0.000000,0.000
PNW78273,3408,3228.308,15.723077,351.856
PNW79226,2734,2554.308,6.893996,122.067
PNW78787,5484,5304.308,5.488201,201.795
PNW79040,1111,931.308,0.154901,1.000
PNW78259,2964,2784.308,2.798169,54.006
PNW78393,1449,1269.308,0.795570,7.000
PNW79150,2760,2580.308,1.789064,32.000
PNW79426,2504,2324.308,0.062066,1.000
PNW79292,1954,1774.308,12.358468,152.001
PNW78219,2256,2076.308,0.000000,0.000
PNW79019,2496,2316.308,0.062280,1.000
PNW78592,2960,2780.308,18.529368,357.113
PNW78883,1403,1223.308,21.697284,183.990
PNW79173,6328,6148.308,8.903820,379.476
PNW78849,3156,2976.308,2.607252,53.791
PNW78559,2671,2491.308,6.608635,114.128
PNW78584,3476,3296.308,0.568935,13.000
PNW78997,2066,1886.308,6.806552,89.000
PNW78545,3419,3239.308,35.577415,798.876
PNW79023,6904,6724.308,5.148860,240.000
PNW78804,3275,3095.308,385.620107,8274.011
PNW79143,6709,6529.308,0.599765,27.146
PNW79301,2547,2367.308,2.620365,43.000
PNW79236,4593,4413.308,0.523002,16.000
PNW78789,6337,6157.308,6.180713,263.804
PNW79289,4376,4196.308,0.275024,8.000
PNW78570,5517,5337.308,0.027030,1.000
PNW78248,847,667.419,1435.079405,6639.373
PNW78508,6137,5957.308,4.455721,184.001
PNW78983,4292,4112.308,11.718833,334.059
PNW79300,1492,1312.308,3.628873,33.011
PNW78808,4266,4086.308,9.217431,261.092
PNW79137,2408,2228.308,12.816581,197.970
PNW78478,3598,3418.308,0.759642,18.000
PNW78212,3321,3141.308,0.000000,0.000
PNW78594,923,743.335,3.105151,16.000
PNW79198,1616,1436.308,25.114955,250.053
PNW79332,6443,6263.308,3.339733,145.000
PNW78189,1862,1682.308,0.000000,0.000
PNW78962,2081,1901.308,6.676942,88.000
PNW78337,1251,1071.308,39.318472,291.987
PNW78767,6767,6587.308,1.374262,62.752
PNW78335,5280,5100.308,0.537409,19.000
PNW79381,2928,2748.308,1.364757,26.000
PNW79253,2545,2365.308,8.017070,131.449
PNW79356,6165,5985.308,0.096410,4.000
PNW79032,933,753.329,0.191497,1.000
PNW79155,1613,1433.308,246.737239,2451.471
PNW78526,3387,3207.308,89.705825,1994.407
PNW79163,1829,1649.308,43.898243,501.882
PNW78492,2753,2573.308,30.160843,538.007
PNW79483,2212,2032.308,0.000000,0.000
PNW78270,10482,10302.308,0.042008,3.000
PNW79466,5074,4894.308,6.104329,207.101
PNW78402,2617,2437.308,389.299130,6577.281
PNW78527,5036,4856.308,55.705314,1875.234
PNW78556,1590,1410.308,10.945036,107.000
PNW78253,2682,2502.308,8.993552,156.000
PNW79360,1415,1235.308,10.393507,89.000
PNW79294,1220,1040.308,0.138671,1.000
PNW79429,2735,2555.308,0.000000,0.000
PNW79114,4215,4035.308,2.180723,61.000
PNW79303,1692,1512.308,0.190782,2.000
PNW78437,1768,1588.308,10.626703,117.000
PNW78605,6343,6163.308,8.249281,352.438
PNW79098,2886,2706.308,39.035815,732.307
PNW78503,2276,2096.308,23.948134,348.000
PNW78514,1772,1592.308,3.895729,43.000
PNW78848,1732,1552.308,0.092933,1.000
PNW79129,2192,2012.308,19.474869,271.657
PNW78497,2251,2071.308,0.975059,14.000
PNW78267,1580,1400.308,18.852758,183.000
PNW78841,6230,6050.308,2.961116,124.190
PNW78625,8198,8018.308,6.520975,362.450
PNW78209,1410,1230.308,0.147358,1.257
PNW79118,1721,1541.308,14.671084,156.749
PNW79272,1511,1331.308,2.925719,27.000
PNW78577,2638,2458.308,14.856074,253.159
PNW79192,2086,1906.308,24.945174,329.634
PNW78562,2894,2714.308,0.409777,7.710
PNW79457,2844,2664.308,129.593077,2393.419
PNW79064,2119,1939.308,5.355908,72.000
PNW78429,1881,1701.308,1.611084,19.000
PNW78449,1823,1643.308,7.551677,86.023
PNW78569,924,744.334,671.469192,3464.546
PNW78909,3280,3100.308,14.174166,304.618
PNW78431,10869,10689.308,0.094470,7.000
PNW78626,2657,2477.308,3.510816,60.289
PNW78837,4012,3832.308,181.309793,4816.529
PNW78474,4025,3845.308,5.890009,157.000
PNW78412,995,815.310,0.000000,0.000
PNW79197,712,532.541,0.000000,0.000
PNW79354,1469,1289.308,3775.856145,33746.190
PNW79008,2935,2755.308,3.036724,58.000
PNW79369,12624,12444.308,3.722016,321.071
PNW78532,1917,1737.308,32.369208,389.818
PNW79412,2162,1982.308,16.374154,225.000
PNW78919,4005,3825.308,14.587203,386.804
PNW78718,2027,1847.308,22.111685,283.148
PNW78618,4482,4302.308,9.791206,292.005
PNW78641,2618,2438.308,25.316748,427.907
PNW78662,8978,8798.308,2.919124,178.035
PNW79111,3424,3244.308,0.044466,1.000
PNW79221,6495,6315.308,0.274116,12.000
PNW78203,2643,2463.308,7.262174,124.005
PNW78196,1409,1229.308,16.656539,141.938
PNW79427,7645,7465.308,10.609407,549.024
PNW78882,1064,884.308,319.677652,1959.605
PNW78943,1440,1260.308,22.898892,200.052
PNW79293,2586,2406.308,532.557057,8883.210
PNW78586,14441,14261.308,1.213862,120.000
PNW78187,2249,2069.308,9.274213,133.032
PNW78642,8693,8513.308,3.033302,179.006
PNW78499,2305,2125.308,44.935234,662.005
PNW78313,1589,1409.308,2.667905,26.063
PNW78993,6425,6245.308,0.277188,12.000
PNW78929,3095,2915.308,2.771098,56.000
PNW79050,2556,2376.308,3.041162,50.095
PNW78974,1149,969.308,35.867982,241.002
PNW78636,4518,4338.308,2.161426,65.000
PNW78829,3366,3186.308,0.560265,12.375
PNW79122,1535,1355.308,8.408847,79.000
PNW78344,1991,1811.308,6.291905,79.000
PNW79164,877,697.379,3.180445,15.375
PNW78648,1775,1595.308,23.331492,258.012
PNW78915,6184,6004.308,4.204722,175.006
PNW79279,12989,12809.308,3.052215,271.015
PNW78593,5649,5469.308,0.342893,13.000
PNW78781,3105,2925.308,4.052740,82.181
PNW78926,7174,6994.308,0.763140,37.000
PNW78682,1961,1781.308,20.511962,253.279
PNW79161,3436,3256.308,0.000000,0.000
PNW78509,2465,2285.308,0.252501,4.000
PNW79448,3068,2888.308,8.484522,169.873
PNW78853,4400,4220.308,108.012916,3159.893
PNW78249,1569,1389.308,107.771242,1037.897
PNW79134,5863,5683.308,4.490697,176.916
PNW78890,2670,2490.308,1.920320,33.150
PNW79446,1412,1232.308,0.000000,0.000
PNW78281,14359,14179.308,32.263123,3171.129
PNW79461,3414,3234.308,17.197864,385.575
PNW78347,6039,5859.308,3.963694,160.990
PNW79372,2216,2036.308,8.784877,124.003
PNW78483,799,619.477,0.000000,0.000
PNW79283,573,393.759,417.630955,1139.923
PNW79375,1970,1790.308,33.351038,413.895
PNW78953,4316,4136.308,1.705927,48.913
PNW78271,4455,4275.308,1.923271,56.998
PNW78490,1265,1085.308,516.201091,3883.511
PNW78613,2684,2504.308,6.049549,105.018
PNW78768,1511,1331.308,37.746322,348.342
PNW78609,1239,1059.308,38.815301,285.022
PNW78638,4584,4404.308,82.744905,2526.222
PNW78751,5060,4880.308,5.358599,181.280
PNW79306,4956,4776.308,1.933015,64.000
PNW78457,2332,2152.308,78.956573,1178.000
PNW78268,4826,4646.308,1.210888,39.000
PNW79322,2861,2681.308,0.053802,1.000
PNW78287,2276,2096.308,0.000000,0.000
PNW78286,2243,2063.308,5.173865,74.000
PNW78977,5313,5133.308,1.601862,57.000
PNW78510,5523,5343.308,452.816700,16772.013
PNW78398,1667,1487.308,12.220541,125.992
PNW79262,3735,3555.308,1.765222,43.504
PNW78696,2993,2813.308,0.000000,0.000
PNW79130,1299,1119.308,15.406374,119.537
PNW79227,1569,1389.308,0.000000,0.000
PNW78350,6874,6694.308,1.012837,47.000
PNW78230,1021,841.308,0.000000,0.000
PNW78992,4449,4269.308,1.317815,39.000
PNW78712,2554,2374.308,1.154420,19.000
PNW78975,2234,2054.308,10.981035,156.373
PNW79109,2699,2519.308,77.443581,1352.444
PNW78477,3979,3799.308,27.152563,715.102
PNW78727,2670,2490.308,16.278558,281.010
PNW79468,2076,1896.308,1.521488,20.000
PNW79275,2321,2141.308,7.024588,104.268
PNW79403,4110,3930.308,0.034796,0.948
PNW78232,1449,1269.308,26.257155,231.029
PNW78661,2247,2067.308,1.684451,24.139
PNW79273,1627,1447.308,2.392201,24.000
PNW79088,2578,2398.308,2.314072,38.471
PNW78531,5742,5562.308,20.935854,807.232
PNW78404,1287,1107.308,0.152858,1.173
PNW79248,1610,1430.308,62.028304,614.996
PNW78435,572,392.762,0.000000,0.000
PNW78930,3108,2928.308,8.178460,166.013
PNW79252,1951,1771.308,6.515546,80.001
PNW78288,5048,4868.308,8.390941,283.166
PNW78610,1298,1118.308,47.583271,368.866
PNW78470,6036,5856.308,41.361949,1679.103
PNW79056,1668,1488.308,33.978783,350.553
PNW79158,3585,3405.308,1.593994,37.627
PNW79025,4216,4036.308,8.389222,234.725
PNW78647,3389,3209.308,6.787549,151.000
PNW78850,6364,6184.308,1.703275,73.018
PNW79194,2158,1978.308,3.791901,52.000
PNW78357,2718,2538.308,3.524395,62.013
PNW76999,1158,978.308,21.302970,144.467
PNW77338,6947,6767.308,0.703470,33.000
PNW77848,2088,1908.308,4.157781,55.000
PNW77892,2065,1885.308,40.738027,532.396
PNW77809,2694,2514.308,7.477933,130.332
PNW77476,4259,4079.308,6.013564,170.048
PNW77468,2512,2332.308,9.234121,149.291
PNW77469,1239,1059.308,1.020781,7.496
PNW77975,1733,1553.308,0.371492,4.000
PNW78158,1227,1047.308,0.000000,0.000
PNW78159,1511,1331.308,1.083600,10.000
PNW77685,1558,1378.308,0.000000,0.000
PNW77686,1518,1338.308,1.185725,11.000
PNW77393,3514,3334.308,15.784788,364.835
PNW78000,867,687.393,3.357859,16.000
PNW77658,3860,3680.308,6.868411,175.224
PNW77418,3024,2844.308,28.767256,567.189
PNW77600,3850,3670.308,2.594113,66.000
PNW77448,1771,1591.308,9.612298,106.031
PNW77439,1745,1565.308,730.422141,7925.494
PNW78126,1206,1026.308,62.823650,446.944
PNW78177,2652,2472.308,13.478974,231.000
PNW77300,1986,1806.308,87.671650,1097.750
PNW77149,1488,1308.308,169.061173,1533.227
PNW77150,4509,4329.308,3.465471,104.000
PNW77828,3142,2962.308,46.984340,964.797
PNW77829,3394,3214.308,12.536496,279.329
PNW78025,1632,1452.308,4.072607,41.000
PNW77098,2307,2127.308,22.349121,329.567
PNW77814,1611,1431.308,11.238694,111.507
PNW77992,1971,1791.308,0.000000,0.000
PNW77991,2779,2599.308,6.104954,110.000
PNW77920,2425,2245.308,5.268652,82.003
PNW78139,3235,3055.308,0.000000,0.000
PNW77066,634,454.618,2567.632990,8091.562
PNW78005,4115,3935.308,2.016203,55.000
PNW77682,1560,1380.308,127.598899,1220.887
PNW77251,2624,2444.308,29.144211,493.811
PNW77514,5725,5545.308,13.615886,523.388
PNW77498,2326,2146.308,4.155845,61.831
PNW77939,3047,2867.308,27.981101,556.150
PNW77568,3652,3472.308,0.000000,0.000
PNW77567,3681,3501.308,2.348508,57.000
PNW77781,2005,1825.308,0.237507,3.005
PNW77671,13550,13370.308,0.901833,83.583
PNW76987,2091,1911.308,3.937440,52.167
PNW77215,1617,1437.308,8.932799,89.000
PNW76993,3732,3552.308,15.789205,388.797
PNW77901,5282,5102.308,1.752983,62.001
PNW77943,3804,3624.308,0.882429,22.170
PNW77197,1639,1459.308,0.000000,0.000
PNW77198,1692,1512.308,0.000000,0.000
PNW77196,1575,1395.308,10.901967,105.445
PNW77232,923,743.335,0.951624,4.903
PNW77641,938,758.328,0.000000,0.000
PNW77779,2557,2377.308,12.806373,211.040
PNW77929,1487,1307.308,1.920720,17.406
PNW78027,4392,4212.308,27.518638,803.525
PNW77462,1596,1416.308,0.000000,0.000
PNW77463,1506,1326.308,0.000000,0.000
PNW77464,1189,1009.308,0.000000,0.000
PNW77763,1940,1760.308,0.000000,0.000
PNW77021,2412,2232.308,2.985312,46.195
PNW77022,3192,3012.308,8.348037,174.316
PNW77445,1548,1368.308,9.698756,91.993
PNW77747,7716,7536.308,0.957103,50.000
PNW77916,5427,5247.308,1.567060,57.000
PNW77520,2001,1821.308,15.574643,196.632
PNW78117,3793,3613.308,10.220745,256.000
PNW77301,3619,3439.308,72.998435,1740.352
PNW77758,3530,3350.308,6.927394,160.882
PNW77262,7391,7211.308,2.201707,110.059
PNW77229,3998,3818.308,1.817709,48.111
PNW77773,2980,2800.308,28.073529,544.948
PNW78116,1514,1334.308,27.461547,254.000
PNW77188,1216,1036.308,0.000000,0.000
PNW78169,2860,2680.308,48.338270,898.108
PNW78168,2947,2767.308,0.000000,0.000
PNW77287,2858,2678.308,10.176065,188.927
PNW77285,2558,2378.308,2.091834,34.486
PNW77288,981,801.313,15.734841,87.401
PNW77286,2585,2405.308,6.364621,106.120
PNW77680,1341,1161.308,43.286215,348.457
PNW77743,72700,72520.308,0.129301,65.000
PNW77011,2395,2215.308,121.867817,1871.439
PNW77353,2245,2065.308,56.606259,810.405
PNW77479,2691,2511.308,1.377837,23.986
PNW77106,5170,4990.308,0.317990,11.000
PNW77348,1491,1311.308,3.520405,32.000
PNW78043,1920,1740.308,27.122944,327.202
PNW77319,2666,2486.308,28.821007,496.726
PNW77959,2182,2002.308,10.520889,146.028
PNW77993,2583,2403.308,0.600258,10.000
PNW77309,3924,3744.308,2.983478,77.437
PNW77450,1373,1193.308,19.817647,163.930
PNW77486,996,816.309,7.245638,41.000
PNW77844,3057,2877.308,4.483803,89.430
PNW77843,1893,1713.308,31.848138,378.244
PNW77845,1644,1464.308,8.168861,82.918
PNW77702,1522,1342.308,201.542898,1875.307
PNW77697,3689,3509.308,57.009775,1386.830
PNW78026,9123,8943.308,15.123027,937.539
PNW78157,4423,4243.308,9.962515,293.039
PNW77258,2965,2785.308,28.226858,544.990
PNW77651,5458,5278.308,8.336415,305.019
PNW77378,9350,9170.308,1.831553,116.428
PNW77377,9347,9167.308,8.064942,512.502
PNW77183,1776,1596.308,13.650346,151.047
PNW77608,983,803.313,0.538746,3.000
PNW77352,1555,1375.308,73.960621,705.104
PNW77410,2088,1908.308,170.204228,2251.497
PNW77409,2180,2000.308,7.387101,102.429
PNW77867,3441,3261.308,33.064552,747.493
PNW77868,3546,3366.308,1.495333,34.893
PNW77362,13992,13812.308,1.033990,99.000
PNW77732,13346,13166.308,1.753105,160.002
PNW78002,3068,2888.308,0.802613,16.070
PNW77481,1918,1738.308,20.702773,249.464
PNW77536,4412,4232.308,11.480557,336.816
PNW77480,3081,2901.308,2.840595,57.129
PNW77419,4680,4500.308,0.032056,1.000
PNW77602,2310,2130.308,54.330524,802.304
PNW77496,2134,1954.308,92.901338,1258.542
PNW77535,1642,1462.308,5.820503,59.000
PNW78110,1614,1434.308,65.484838,651.082
PNW77035,858,678.410,9.644273,45.354
PNW77034,2369,2189.308,7.306094,110.878
PNW77421,2141,1961.308,299.494612,4071.809
PNW77805,2749,2569.308,3.538307,63.018
PNW77111,2972,2792.308,2.634840,51.000
PNW77208,2453,2273.308,1.523002,24.000
PNW77440,2650,2470.308,1.643217,28.138
PNW77894,3391,3211.308,0.000000,0.000
PNW77893,1613,1433.308,111.764225,1110.440
PNW77165,8040,7860.308,4.295260,234.035
PNW78138,3827,3647.308,0.118658,3.000
PNW77589,5525,5345.308,8.298379,307.481
PNW77240,1523,1343.308,6.873941,64.008
PNW77094,2151,1971.308,29.526513,403.477
PNW77289,1550,1370.308,72.894516,692.414
PNW77073,4890,4710.308,3.522054,115.000
PNW76997,1684,1504.308,2.108352,21.985
PNW76998,1574,1394.308,36.112982,349.040
PNW78055,2093,1913.308,0.335972,4.456
PNW78056,1087,907.308,0.000000,0.000
PNW78075,901,721.356,0.000000,0.000
PNW78083,2874,2694.308,17.137945,320.080
PNW77733,3923,3743.308,42.256645,1096.486
PNW77298,1036,856.308,0.168468,1.000
PNW77396,2540,2360.308,1015.517746,16615.322
PNW77806,1543,1363.308,31.835995,300.860
PNW78060,2049,1869.308,30.687554,397.645
PNW77801,3132,2952.308,1.075000,22.000
PNW77777,3400,3220.308,9.138611,204.000
PNW77591,1333,1153.308,0.750525,6.000
PNW77449,1080,900.308,24.093545,150.364
PNW77670,1004,824.308,102.101818,583.412
PNW78040,2772,2592.308,0.000000,0.000
PNW78039,2965,2785.308,0.000000,0.000
PNW78038,2953,2773.308,0.624210,12.000
PNW77341,6237,6057.308,0.000000,0.000
PNW77340,6993,6813.308,0.529334,25.000
PNW77804,2916,2736.308,0.000000,0.000
PNW77914,3941,3761.308,28.037566,731.024
PNW77171,1746,1566.308,7.828691,85.000
PNW77580,4748,4568.308,4.473145,141.651
PNW77906,1849,1669.308,0.738700,8.548
PNW77907,1419,1239.308,1.512038,12.990
PNW77112,2174,1994.308,161.586206,2233.825
PNW77509,3660,3480.308,16.605871,400.619
PNW77193,4929,4749.308,0.000000,0.000
PNW77475,3953,3773.308,6.449594,168.697
PNW77679,2025,1845.308,7.312261,93.535
PNW77397,1332,1152.308,4.131357,33.000
PNW77187,744,564.515,23.765998,93.000
PNW77272,3982,3802.308,4.439095,117.002
PNW77936,1964,1784.308,11.742260,145.236
PNW77766,3054,2874.308,7.779395,155.000
PNW77546,3718,3538.308,6.070840,148.901
PNW77547,3201,3021.308,3.060590,64.099
PNW77742,6210,6030.308,11.004411,460.001
PNW77127,1930,1750.308,158.338124,1921.112
PNW77579,3600,3420.308,0.084355,2.000
PNW78137,7816,7636.308,6.428055,340.264
PNW77105,758,578.504,0.000000,0.000
PNW78013,500,321.089,0.898571,2.000
PNW77516,1904,1724.308,219.315957,2621.426
PNW77210,3799,3619.308,10.121207,253.928
PNW77903,2768,2588.308,0.000000,0.000
PNW77902,2765,2585.308,1.339203,24.000
PNW78014,1036,856.308,0.000000,0.000
PNW77164,1606,1426.308,10.323878,102.073
PNW77147,1365,1185.308,74.293416,610.428
PNW77525,7628,7448.308,0.000000,0.000
PNW77526,7149,6969.308,0.144896,7.000
PNW77689,2190,2010.308,2.064701,28.772
PNW77357,2893,2713.308,21.016405,395.285
PNW77081,5506,5326.308,0.297930,11.000
PNW77118,1641,1461.308,0.000000,0.000
PNW77115,2786,2606.308,9.521825,172.028
PNW77461,4592,4412.308,0.621205,19.000
PNW77042,2633,2453.308,0.000000,0.000
PNW77043,1652,1472.308,0.097983,1.000
PNW77259,1098,918.308,96.451923,613.977
PNW77607,2226,2046.308,15.484449,219.644
PNW77097,4167,3987.308,8.102720,223.956
PNW77096,4396,4216.308,3.439918,100.539
PNW77056,6995,6815.308,6.020750,284.439
PNW77389,1613,1433.308,186.384471,1851.833
PNW78143,6277,6097.308,0.245145,10.361
PNW77585,2329,2149.308,14.032373,209.066
PNW77361,3219,3039.308,3.180149,67.000
PNW78029,8137,7957.308,1.595379,88.000
PNW78044,1793,1613.308,58.032971,649.000
PNW78097,2398,2218.308,0.455241,7.000
PNW78098,1103,923.308,0.000000,0.000
PNW77444,16502,16322.308,0.433074,49.000
PNW77443,16702,16522.308,0.000000,0.000
PNW77707,3365,3185.308,5.117696,113.000
PNW77886,9162,8982.308,2.491515,155.133
PNW77333,1859,1679.308,14.873322,173.137
PNW77334,1990,1810.308,0.627845,7.879
PNW78160,3220,3040.308,5.741366,121.000
PNW77808,1018,838.308,0.000000,0.000
PNW77807,2610,2430.308,0.653023,11.001
PNW77471,2725,2545.308,1.586957,28.000
PNW78120,728,548.527,0.000000,0.000
PNW77027,1205,1025.308,131.348590,933.539
PNW77231,11969,11789.308,1.774812,145.042
PNW77255,4443,4263.308,2.030262,60.000
PNW77559,1117,937.308,33.398458,217.001
PNW77331,6717,6537.308,20.607538,933.851
PNW77294,3235,3055.308,0.000000,0.000
PNW77293,3425,3245.308,0.000000,0.000
PNW77082,5094,4914.308,2.289706,78.000
PNW77578,1086,906.308,3.622366,22.757
PNW77167,7142,6962.308,0.414404,20.000
PNW77835,2254,2074.308,5.185235,74.558
PNW77133,1714,1534.308,205.905181,2189.941
PNW77228,4092,3912.308,72.609122,1969.141
PNW77292,2258,2078.308,32.272777,464.942
PNW78124,1545,1365.308,4.969406,47.031
PNW77837,2860,2680.308,8.234293,152.990
PNW77950,1460,1280.308,1.352117,12.000
PNW77268,2617,2437.308,140.122000,2367.387
PNW77414,4169,3989.308,16.601886,459.100
PNW77191,5245,5065.308,0.712003,25.000
PNW77888,2778,2598.308,0.000000,0.000
PNW77887,3249,3069.308,0.423009,9.000
PNW77055,5816,5636.308,0.511897,20.000
PNW77182,2216,2036.308,9.422271,133.000
PNW78063,1182,1002.308,0.143928,1.000
PNW77998,1701,1521.308,0.189653,2.000
PNW77169,2496,2316.308,4.498823,72.235
PNW76983,3492,3312.308,8.324016,191.124
PNW77222,1919,1739.308,11.694725,141.000
PNW77851,11507,11327.308,1.311835,103.005
PNW77932,10931,10751.308,5.890826,439.026
PNW77759,2281,2101.308,2.059581,30.000
PNW77139,3935,3755.308,2.036890,53.023
PNW77269,1734,1554.308,36.629652,394.659
PNW77398,10120,9940.308,0.899786,62.000
PNW78037,5851,5671.308,0.356117,14.000
PNW77588,3184,3004.308,27.658299,576.000
PNW78020,2645,2465.308,21.947441,375.066
PNW77499,2537,2357.308,3.304645,54.000
PNW77200,1568,1388.308,15.796156,152.016
PNW77770,2118,1938.308,0.223278,3.000
PNW77566,3933,3753.308,2.664615,69.327
PNW78118,6397,6217.308,1.554604,67.000
PNW77532,2735,2555.308,5.532133,97.992
PNW77662,1538,1358.308,31.368079,295.351
PNW77345,2711,2531.308,9.805271,172.051
PNW77064,8698,8518.308,0.067741,4.000
PNW77492,5051,4871.308,1.984160,67.000
PNW77748,4796,4616.308,8.110227,259.526
PNW77391,1462,1282.308,0.000000,0.000
PNW77619,3603,3423.308,102.812770,2439.751
PNW77606,2015,1835.308,5.413321,68.869
PNW77181,3657,3477.308,0.880041,21.213
PNW77201,3370,3190.308,70.766018,1564.984
PNW77417,761,581.503,2.232740,9.000
PNW77356,3586,3406.308,4.743310,112.000
PNW77912,4988,4808.308,6.870409,228.996
PNW77944,2483,2303.308,4.889625,78.069
PNW77415,1483,1303.308,7.305404,66.000
PNW78144,1240,1060.308,10.470353,76.957
PNW77741,3246,3066.308,0.564564,12.000
PNW77784,23966,23786.308,0.510705,84.207
PNW77785,11253,11073.308,1.117822,85.803
PNW77783,13188,13008.308,0.000000,0.000
PNW77603,6443,6263.308,0.246967,10.722
PNW78167,1361,1181.308,21.497061,176.033
PNW77528,2753,2573.308,1.401508,25.000
PNW77312,3312,3132.308,0.138167,3.000
PNW77313,6518,6338.308,0.000000,0.000
PNW77314,6515,6335.308,0.296021,13.000
PNW77663,5204,5024.308,13.459861,468.780
PNW77875,2773,2593.308,3.873567,69.633
PNW78023,2644,2464.308,0.000000,0.000
PNW78021,2774,2594.308,0.000000,0.000
PNW78022,2639,2459.308,0.703909,12.000
PNW77159,4055,3875.308,0.335030,9.000
PNW77237,2455,2275.308,1.711871,27.000
PNW77495,2751,2571.308,3.702928,66.001
PNW78016,2705,2525.308,238.326339,4171.949
PNW77291,2281,2101.308,12.299785,179.159
PNW77371,8880,8700.308,0.000000,0.000
PNW77370,11994,11814.308,2.344527,192.007
PNW77412,2852,2672.308,1.000147,18.527
PNW77411,2626,2446.308,44.249411,750.363
PNW77515,8811,8631.308,1.389931,83.161
PNW77847,1325,1145.308,59.930732,475.800
PNW78155,3759,3579.308,4.554354,113.000
PNW77318,9131,8951.308,0.966968,60.000
PNW77652,8048,7868.308,3.376093,184.140
PNW77896,2063,1883.308,7.200355,94.000
PNW77905,734,554.523,2.390185,9.188
PNW77904,894,714.362,0.000000,0.000
PNW77426,1210,1030.308,728.419363,5202.370
PNW77839,4033,3853.308,0.000000,0.000
PNW77838,4006,3826.308,37.852221,1003.977
PNW77184,2038,1858.308,83.551592,1076.279
PNW77512,2753,2573.308,109.094458,1946.019
PNW78090,3180,3000.308,0.000000,0.000
PNW78089,4364,4184.308,3.314979,96.152
PNW78088,3156,2976.308,1.743747,35.976
PNW77540,3516,3336.308,2.088997,48.312
PNW77541,3750,3570.308,0.553165,13.690
PNW77633,3261,3081.308,0.000000,0.000
PNW77634,2668,2488.308,0.059563,1.027
PNW77833,3899,3719.308,2.972217,76.629
PNW78078,2150,1970.308,5.198423,71.000
PNW77065,972,792.315,282.662312,1552.452
PNW77007,3444,3264.308,1.903634,43.075
PNW77006,6110,5930.308,13.167872,541.309
PNW77605,1026,846.308,0.511376,3.000
PNW77050,2568,2388.308,0.000000,0.000
PNW77049,4028,3848.308,1.424496,38.000
PNW77812,2489,2309.308,16.379688,262.204
PNW77953,27606,27426.308,0.000000,0.000
PNW77954,27612,27432.308,0.000000,0.000
PNW77952,27594,27414.308,0.673568,128.000
PNW77153,2436,2256.308,65.524502,1024.837
PNW77878,2153,1973.308,1.535224,21.000
PNW77084,5268,5088.308,0.000000,0.000
PNW77085,8018,7838.308,1.380625,75.015
PNW77882,4178,3998.308,1.948362,54.001
PNW77684,975,795.314,1.813881,10.000
PNW77823,2442,2262.308,29.512130,462.812
PNW77054,4949,4769.308,6.261270,207.000
PNW77386,1762,1582.308,5.289883,58.022
PNW77482,960,780.320,196.474531,1062.751
PNW77945,2915,2735.308,7.281237,138.059
PNW77983,4715,4535.308,22.779265,716.142
PNW77053,718,538.537,4118.210177,15373.629
PNW77729,1582,1402.308,0.102874,1.000
PNW77138,2465,2285.308,2.714383,43.000
PNW77972,2459,2279.308,8.227962,130.001
PNW77158,5769,5589.308,0.412961,16.000
PNW77317,7062,6882.308,0.230572,11.000
PNW77140,3537,3357.308,0.000000,0.000
PNW77141,3360,3180.308,5.407316,119.207
PNW77922,1571,1391.308,31.673104,305.469
PNW77508,3073,2893.308,9.075177,182.013
PNW77521,4055,3875.308,1.824052,49.000
PNW77537,2288,2108.308,39.367719,575.343
PNW77248,2231,2051.308,3.516305,50.000
PNW77408,4049,3869.308,12.713620,341.001
PNW78093,1003,823.308,0.175221,1.000
PNW77695,8874,8694.308,5.362039,323.160
PNW78149,2424,2244.308,0.502508,7.818
PNW78150,2234,2054.308,50.981317,725.988
PNW77746,2628,2448.308,0.178037,3.022
PNW77842,10303,10123.308,4.741092,332.700
PNW77622,1495,1315.308,20.812671,189.761
PNW77803,3442,3262.308,1.412177,31.935
PNW77799,2623,2443.308,1.417035,24.000
PNW78071,2981,2801.308,10.611305,206.055
PNW77456,1868,1688.308,11.378757,133.168
PNW77750,11682,11502.308,1.518538,121.077
PNW76981,1481,1301.308,16.185277,146.000
PNW77572,2990,2810.308,1.683413,32.794
PNW77427,1290,1110.308,1.169355,9.000
PNW77484,962,782.319,13.276885,72.000
PNW77369,2969,2789.308,2.902365,56.118
PNW76991,8021,7841.308,3.109553,169.020
PNW77917,1767,1587.308,2.999163,33.000
PNW78074,1671,1491.308,1.934684,20.000
PNW77330,2291,2111.308,1.784491,26.117
PNW77209,2355,2175.308,18.601617,280.494
PNW77307,4338,4158.308,34.792615,1002.897
PNW77968,2110,1930.308,43.053410,576.085
PNW77816,3055,2875.308,14.952629,298.026
PNW77815,2832,2652.308,42.623696,783.660
PNW77004,4260,4080.308,1.375949,38.918
PNW77003,3880,3700.308,10.144011,260.196
PNW77320,1604,1424.308,14.990635,148.005
PNW77738,1117,937.308,0.153909,1.000
PNW77359,3517,3337.308,0.000000,0.000
PNW77869,3612,3432.308,0.000000,0.000
PNW77870,1766,1586.308,0.000000,0.000
PNW78081,9782,9602.308,2.466615,164.183
PNW77510,7436,7256.308,3.776429,189.954
PNW77866,2221,2041.308,4.435383,62.761
PNW77677,17648,17468.308,2.413152,292.205
PNW77978,4505,4325.308,0.833843,25.001
PNW77039,1857,1677.308,24.190205,281.258
PNW77782,1356,1176.308,0.000000,0.000
PNW77401,1423,1243.308,0.000000,0.000
PNW77722,3268,3088.308,27.847175,596.148
PNW78146,1879,1699.308,29.914608,352.377
PNW77881,2889,2709.308,1.011679,19.000
PNW77649,3794,3614.308,3.038969,76.138
PNW77648,2684,2504.308,13.924816,241.730
PNW77798,2195,2015.308,314.634515,4395.420
PNW78113,1415,1235.308,3.269999,28.001
PNW77214,1873,1693.308,7.170784,84.170
PNW77095,13176,12996.308,2.797340,252.010
PNW77156,6360,6180.308,7.029734,301.163
PNW77246,1806,1626.308,7.894895,89.002
PNW77713,2883,2703.308,0.000000,0.000
PNW77205,1614,1434.308,5.552033,55.201
PNW77490,3637,3457.308,1.338570,32.080
PNW77981,2973,2793.308,53.838274,1042.467
PNW77223,8392,8212.308,1.672054,95.185
PNW77373,2695,2515.308,50.073802,873.081
PNW77850,3758,3578.308,2.459233,61.000
PNW78009,2446,2266.308,6.493105,102.006
PNW77611,2206,2026.308,8.642771,121.398
PNW77122,3067,2887.308,1.710437,34.234
PNW77123,2663,2483.308,0.000000,0.000
PNW77669,1664,1484.308,15.453273,159.000
PNW77452,7008,6828.308,0.274649,13.000
PNW77643,2901,2721.308,0.000000,0.000
PNW77402,1056,876.308,1.327328,8.063
PNW77407,1730,1550.308,16.202913,174.126
PNW77017,4262,4082.308,11.641631,329.437
PNW77018,3030,2850.308,2.988193,59.041
PNW77859,3327,3147.308,4.721135,103.000
PNW77581,3847,3667.308,2.045814,52.008
PNW77768,1954,1774.308,0.813052,10.000
PNW77933,2675,2495.308,16.187557,280.000
PNW77175,8564,8384.308,2.494872,145.000
PNW77297,2297,2117.308,27.426771,402.542
PNW77666,1478,1298.308,31.348616,282.130
PNW77047,2231,2051.308,10.689572,152.000
PNW77518,1448,1268.308,30.939626,272.015
PNW77620,1124,944.308,3.516057,23.016
PNW77343,6496,6316.308,13.531327,592.456
PNW77076,9785,9605.308,4.010080,267.003
PNW77322,4434,4254.308,15.807825,466.180
PNW77194,1820,1640.308,11.992431,136.359
PNW77195,597,417.702,3.329526,9.641
PNW78175,2447,2267.308,86.212783,1354.986
PNW77057,4580,4400.308,4.586741,139.907
PNW77058,3915,3735.308,0.544291,14.093
PNW77283,3258,3078.308,1.499634,32.000
PNW77927,492,313.148,0.000000,0.000
PNW77928,2837,2657.308,0.000000,0.000
PNW77926,2643,2463.308,6.054630,103.385
PNW78062,4107,3927.308,3.416138,93.000
PNW77955,1255,1075.308,19.081833,142.235
PNW77069,3345,3165.308,7.656600,167.998
PNW77399,2487,2307.308,2.626002,42.000
PNW77647,1830,1650.308,0.000000,0.000
PNW78031,783,603.488,0.000000,0.000
PNW78033,1342,1162.308,0.000000,0.000
PNW78032,1648,1468.308,0.294748,3.000
PNW77800,1373,1193.308,1960.303590,16215.432
PNW77840,3426,3246.308,0.000000,0.000
PNW77832,2869,2689.308,11.285184,210.379
PNW77280,1840,1660.308,0.347551,4.000
PNW77930,4425,4245.308,0.743792,21.888
PNW77999,1999,1819.308,0.951530,12.000
PNW77403,1078,898.308,0.000000,0.000
PNW77529,1535,1355.308,1.490175,14.000
PNW77485,3373,3193.308,12.378455,274.006
PNW78131,3986,3806.308,1.419013,37.441
PNW77226,2567,2387.308,5.704951,94.409
PNW77326,1214,1034.308,29.697200,212.921
PNW77980,3018,2838.308,0.000000,0.000
PNW77366,6118,5938.308,0.121466,5.000
PNW78006,4838,4658.308,1.672295,54.000
PNW77249,3359,3179.308,0.680622,15.000
PNW77586,5643,5463.308,2.774376,105.069
PNW77119,2579,2399.308,2.405035,40.000
PNW77020,2714,2534.308,2.622552,46.072
PNW77548,2349,2169.308,128.412853,1931.000
PNW77614,4875,4695.308,7.712196,251.012
PNW77721,2291,2111.308,39.219648,573.995
PNW77400,2464,2284.308,54.423161,861.769
PNW76985,621,441.641,0.000000,0.000
PNW77224,2778,2598.308,0.555209,10.000
PNW77776,12648,12468.308,1.376851,119.000
PNW78141,622,442.639,0.651820,2.000
PNW77544,5659,5479.308,7.891705,299.743
PNW77871,2526,2346.308,2.043647,33.239
PNW77134,2609,2429.308,37.423262,630.198
PNW77473,1354,1174.308,40.935374,333.222
PNW77388,7641,7461.308,15.705834,812.323
PNW77067,9406,9226.308,4.956542,317.000
PNW77561,2823,2643.308,4.420651,81.000
PNW77594,4739,4559.308,9.080932,287.000
PNW78092,3044,2864.308,0.000000,0.000
PNW78091,1758,1578.308,0.000000,0.000
PNW77379,1715,1535.308,267.311683,2844.894
PNW77117,5836,5656.308,5.714731,224.069
PNW77714,2204,2024.308,3.349413,47.000
PNW77029,6196,6016.308,1.846611,77.012
PNW78046,3073,2893.308,15.307037,307.000
PNW78045,3076,2896.308,0.000000,0.000
PNW78132,1864,1684.308,3.340339,39.000
PNW78133,1215,1035.308,0.000000,0.000
PNW77973,1262,1082.308,0.000000,0.000
PNW78041,1366,1186.308,0.000000,0.000
PNW78053,5373,5193.308,11.389233,410.007
PNW77225,2462,2282.308,9.103563,144.025
PNW77233,6743,6563.308,3.893040,177.119
PNW77178,6374,6194.308,0.186314,8.000
PNW77177,5670,5490.308,0.000000,0.000
PNW77467,1310,1130.308,14.300108,112.044
PNW77864,6900,6720.308,0.708541,33.007
PNW77435,2029,1849.308,0.546055,7.000
PNW77008,2464,2284.308,0.126306,2.000
PNW77989,1877,1697.308,9.179320,108.000
PNW77990,1128,948.308,0.000000,0.000
PNW77711,1126,946.308,0.762228,5.000
PNW77675,2885,2705.308,6.124398,114.850
PNW77674,1637,1457.308,2.984651,30.151
PNW78145,3336,3156.308,8.821176,193.001
PNW77279,3448,3268.308,3.839251,86.981
PNW77451,4795,4615.308,25.926751,829.471
PNW78129,2016,1836.308,0.000000,0.000
PNW77698,2935,2755.308,12.044273,230.040
PNW77086,2396,2216.308,8.668512,133.176
PNW77527,12461,12281.308,3.007397,256.028
PNW77668,3470,3290.308,11.598538,264.541
PNW77897,589,409.720,3295.623991,9360.042
PNW77068,2086,1906.308,10.425956,137.772
PNW77522,5821,5641.308,10.562356,413.041
PNW77635,2892,2712.308,0.000000,0.000
PNW77637,3082,2902.308,0.000000,0.000
PNW77636,2322,2142.308,0.067339,1.000
PNW77621,1887,1707.308,8.618580,102.000
PNW77919,7305,7125.308,6.748945,333.344
PNW77441,2896,2716.308,4.248723,80.000
PNW77530,2032,1852.308,51.369630,659.587
PNW77694,2329,2149.308,0.612185,9.121
PNW77795,2121,1941.308,684.620479,9212.912
PNW78036,7544,7364.308,1.410419,72.000
PNW77977,3585,3405.308,4.151615,98.000
PNW77023,4651,4471.308,1.774591,55.003
PNW77234,6255,6075.308,9.811498,413.196
PNW77238,2351,2171.308,1.860304,28.000
PNW77841,2947,2767.308,18.194298,349.016
PNW77974,4776,4596.308,35.487456,1130.672
PNW77130,1990,1810.308,11.271269,141.442
PNW77131,1984,1804.308,60.856342,761.148
PNW78008,2304,2124.308,3.531086,51.997
PNW77477,2044,1864.308,1.702364,22.000
PNW78154,3404,3224.308,4.742881,106.006
PNW77513,4534,4354.308,42.958314,1296.639
PNW77002,1318,1138.308,28.809532,227.326
PNW77213,2195,2015.308,1.789587,25.000
PNW78100,875,695.382,3.734191,18.000
PNW77074,1520,1340.308,23.239374,215.914
PNW77143,1657,1477.308,10.155696,104.000
PNW77979,1152,972.308,40.667048,274.094
PNW77239,1822,1642.308,70.696115,804.827
PNW77778,627,447.630,17.402928,54.000
PNW77148,3338,3158.308,0.685148,15.000
PNW77433,1002,822.308,5.964743,34.000
PNW77266,5508,5328.308,5.161577,190.644
PNW77632,1611,1431.308,1.113790,11.051
PNW77967,1812,1632.308,26.692567,302.027
PNW77374,3528,3348.308,3.663385,85.028
PNW77570,1271,1091.308,39.906027,301.883
PNW77820,2752,2572.308,0.000000,0.000
PNW77819,3135,2955.308,0.000000,0.000
PNW78094,3020,2840.308,0.355533,7.000
PNW76990,2713,2533.308,8.871652,155.792
PNW77431,14373,14193.308,1.911039,188.021
PNW77243,2483,2303.308,0.751582,12.000
PNW77985,7528,7348.308,1.257310,64.045
PNW77565,1661,1481.308,7.888366,81.000
PNW77874,2314,2134.308,0.067591,1.000
PNW77542,4300,4120.308,102.686476,2932.888
PNW78148,456,277.528,28.591360,55.004
PNW77046,1704,1524.308,0.189290,2.000
PNW77129,1877,1697.308,16.218378,190.819
PNW77413,2397,2217.308,20.942355,321.888
PNW77342,3054,2874.308,7.018604,139.842
PNW78164,1218,1038.308,1.261930,9.083
PNW78165,1173,993.308,2.166478,14.917
PNW77185,1692,1512.308,1786.089751,18723.893
PNW77646,2556,2376.308,0.082687,1.362
PNW77346,7454,7274.308,6.408971,323.171
PNW78067,1166,986.308,609.439979,4166.738
PNW77328,2948,2768.308,15.476755,296.993
PNW77070,5738,5558.308,4.256651,164.007
PNW78096,3645,3465.308,3.414884,82.030
PNW77242,1560,1380.308,3.135398,30.000
PNW77986,708,528.544,244.118594,894.406
PNW77557,17254,17074.308,0.684404,81.004
PNW77558,16521,16341.308,0.000000,0.000
PNW77771,2008,1828.308,14.876076,188.534
PNW77598,2077,1897.308,2.433137,32.001
PNW77970,1731,1551.308,2.231827,24.000
PNW77493,2658,2478.308,5.611258,96.398
PNW77860,2951,2771.308,6.351134,122.008
PNW77994,2096,1916.308,18.977403,252.089
PNW77995,1931,1751.308,67.907264,824.387
PNW77044,3228,3048.308,18.205981,384.703
PNW77354,3329,3149.308,5.863302,128.000
PNW77802,4503,4323.308,104.451818,3130.291
PNW77935,2255,2075.308,8.479479,121.984
PNW77351,1741,1561.308,1969.183958,21312.161
PNW77455,3899,3719.308,16.838242,434.122
PNW77387,3679,3499.308,4.611812,111.868
PNW77254,3129,2949.308,6.994823,143.004
PNW77120,8100,7920.308,5.487166,301.261
PNW77241,2281,2101.308,3.981857,58.000
PNW77725,1696,1516.308,0.951393,10.000
PNW77726,1410,1230.308,0.000000,0.000
PNW77791,2552,2372.308,193.096934,3175.404
PNW77454,13252,13072.308,0.154498,14.000
PNW77221,3134,2954.308,5.611247,114.913
PNW77275,5572,5392.308,0.187271,7.000
PNW77494,1035,855.308,0.000000,0.000
PNW77862,2610,2430.308,4.056351,68.336
PNW77861,3221,3041.308,27.953858,589.325
PNW77911,2077,1897.308,2.970840,39.072
PNW77137,2020,1840.308,1.881344,24.000
PNW77765,1774,1594.308,0.180969,2.000
PNW78030,6354,6174.308,0.654210,28.000
PNW78010,1448,1268.308,2.958874,26.014
PNW78172,2418,2238.308,29.590730,459.122
PNW78121,3994,3814.308,6.164804,163.000
PNW77337,1606,1426.308,6.203500,61.334
PNW77913,2842,2662.308,5.375482,99.204
PNW77597,1411,1231.308,25.451832,217.239
PNW78080,5481,5301.308,0.136061,5.000
PNW77855,2333,2153.308,3.094157,46.185
PNW77856,746,566.514,23.705761,93.093
PNW77113,2520,2340.308,1.109550,18.000
PNW78076,2439,2259.308,125.787850,1970.002
PNW77416,1781,1601.308,12.071947,134.000
PNW77699,2572,2392.308,18.234091,302.381
PNW77745,5185,5005.308,0.980055,34.004
PNW77997,7142,6962.308,1.305373,63.000
PNW77693,2566,2386.308,0.355189,5.875
PNW77059,3422,3242.308,6.255805,140.602
PNW77179,1370,1190.308,3.151476,26.003
PNW77423,2384,2204.308,1.505311,23.001
PNW77453,878,698.378,0.000000,0.000
PNW77876,1271,1091.308,132.472193,1002.132
PNW77270,3084,2904.308,4.668276,93.984
PNW78073,3985,3805.308,7.620585,201.016
PNW77676,2897,2717.308,29.846149,562.186
PNW77890,2287,2107.308,4.723550,69.000
PNW77638,6990,6810.308,0.101773,4.805
PNW77132,1556,1376.308,21.907943,209.011
PNW77737,2876,2696.308,38.800800,725.208
PNW77549,3103,2923.308,6.218532,126.013
PNW77604,986,806.313,0.000000,0.000
PNW78035,10309,10129.308,1.452673,102.000
PNW78151,2049,1869.308,56.105001,727.001
PNW77631,1695,1515.308,1.142425,12.000
PNW77135,7064,6884.308,0.941739,44.941
PNW78170,1900,1720.308,23.900631,285.015
PNW78112,1856,1676.308,3.012046,35.000
PNW77487,5461,5281.308,0.163892,6.000
PNW77488,5485,5305.308,0.000000,0.000
PNW78106,1902,1722.308,0.000000,0.000
PNW77899,1885,1705.308,73.719409,871.440
PNW77274,6193,6013.308,1.176934,49.059
PNW77910,1033,853.308,3.426828,20.270
PNW77142,1030,850.308,0.000000,0.000
PNW77813,3817,3637.308,10.139533,255.653
PNW77942,3716,3536.308,3.169390,77.692
PNW77230,4802,4622.308,14.388922,461.041
PNW78087,3484,3304.308,3.274920,75.013
PNW77692,4603,4423.308,2.706938,83.000
PNW77877,5958,5778.308,1.324352,53.047
PNW78072,3853,3673.308,1.103840,28.107
PNW78047,3811,3631.308,3.140709,79.058
PNW77438,1783,1603.308,35.774526,397.597
PNW77010,1456,1276.308,0.000000,0.000
PNW77428,4839,4659.308,12.777086,412.673
PNW77429,4842,4662.308,14.094305,455.509
PNW77947,3205,3025.308,5.769833,121.000
PNW77938,2527,2347.308,82.436598,1341.352
PNW77949,3637,3457.308,0.000000,0.000
PNW77430,1477,1297.308,10.230395,92.000
PNW77661,1966,1786.308,2.422771,30.000
PNW77755,1269,1089.308,63.782170,481.618
PNW77539,2654,2474.308,5.072393,87.000
PNW77672,7158,6978.308,0.092201,4.460
PNW78059,867,687.393,2.333602,11.119
PNW77316,3066,2886.308,12.598138,252.059
PNW77306,9555,9375.308,2.293353,149.042
PNW78125,1421,1241.308,0.000000,0.000
PNW77884,2159,1979.308,5.612092,77.000
PNW76979,1986,1806.308,0.082662,1.035
PNW77227,2648,2468.308,1.870243,32.000
PNW77948,653,473.594,0.000000,0.000
PNW78134,5584,5404.308,121.417300,4548.552
PNW77235,4965,4785.308,1.539352,51.062
PNW77574,1899,1719.308,0.000000,0.000
PNW77575,4801,4621.308,0.478768,15.337
PNW77915,1782,1602.308,37.725969,419.024
PNW77982,3108,2928.308,1.231603,25.000
PNW77988,507,328.041,0.000000,0.000
PNW77596,6416,6236.308,2.105045,91.000
PNW77969,3475,3295.308,6.920984,158.094
PNW77256,4254,4074.308,2.730146,77.107
PNW77364,2578,2398.308,6.496302,108.000
PNW77458,718,538.537,205.892116,768.613
PNW77216,1581,1401.308,25.677210,249.422
PNW78103,1601,1421.308,6.898420,67.966
PNW77964,1445,1265.308,17.064303,149.671
PNW77965,1325,1145.308,6.885598,54.666
PNW77754,2568,2388.308,1.932890,32.000
PNW77019,3181,3001.308,0.109807,2.285
PNW77190,3187,3007.308,13.863324,289.000
PNW77749,2738,2558.308,1.466115,26.000
PNW76980,1803,1623.308,30.928024,348.021
PNW77617,6383,6203.308,5.162490,221.991
PNW77571,1710,1530.308,4.032190,42.773
PNW77186,1665,1485.308,27.500580,283.146
PNW77447,2427,2247.308,10.983364,171.100
PNW78001,1626,1446.308,0.897696,9.000
PNW77160,4015,3835.308,0.000000,0.000
PNW77162,1277,1097.308,2.874662,21.866
PNW77161,4695,4515.308,1.441998,45.134
PNW77727,1865,1685.308,8.817534,103.010
PNW78024,3773,3593.308,1.204621,30.005
PNW77075,6227,6047.308,10.998847,461.065
PNW77885,5675,5495.308,4.818040,183.533
PNW77368,2508,2328.308,257.269951,4152.236
PNW77665,2168,1988.308,14.438325,199.000
PNW78003,1371,1191.308,0.000000,0.000
PNW78004,2221,2041.308,6.089016,86.161
PNW77872,2854,2674.308,2.112809,39.167
PNW77202,3567,3387.308,0.638828,15.000
PNW77432,2276,2096.308,0.000000,0.000
PNW77720,2927,2747.308,18.467621,351.699
PNW77774,3738,3558.308,11.399340,281.174
PNW76986,1658,1478.308,4052.506489,41528.023
PNW78173,3042,2862.308,4.937918,97.974
PNW78174,615,435.658,2.672972,8.072
PNW77880,1949,1769.308,138.960360,1704.304
PNW77355,4186,4006.308,16.759965,465.447
PNW77071,3277,3097.308,1.583587,34.000
PNW77048,3138,2958.308,3.023436,62.001
PNW77110,3803,3623.308,4.669625,117.284
PNW77757,2226,2046.308,85.060544,1206.568
PNW78176,1725,1545.308,17.317086,185.499
PNW77673,2699,2519.308,10.490989,183.210
PNW77052,995,815.310,7.431461,42.000
PNW77422,1578,1398.308,24.598264,238.429
PNW77406,1599,1419.308,6.809975,67.000
PNW77811,2418,2238.308,5.220506,81.000
PNW78107,3703,3523.308,1.474006,36.000
PNW77404,3241,3061.308,0.000000,0.000
PNW77405,3371,3191.308,3.210279,71.017
PNW77717,2386,2206.308,7.202777,110.159
PNW77121,1436,1256.308,0.127512,1.110
PNW77012,1762,1582.308,5.287914,58.000
PNW77934,1700,1520.308,147.077465,1549.995
PNW77822,3119,2939.308,0.834420,17.001
PNW77556,3436,3256.308,5.406606,122.040
PNW78068,7175,6995.308,2.227226,108.000
PNW78123,3894,3714.308,10.048465,258.720
PNW77146,1340,1160.308,896.721354,7212.460
PNW77218,1210,1030.308,1.901604,13.581
PNW77217,1162,982.308,1.530084,10.419
PNW77024,3243,3063.308,0.518023,11.000
PNW77163,2363,2183.308,22.331583,337.977
PNW77310,6163,5983.308,0.433994,18.000
PNW77895,1651,1471.308,24.268845,247.517
PNW77376,1655,1475.308,0.000000,0.000
PNW77375,1652,1472.308,3.050403,31.132
PNW77394,4705,4525.308,1.243266,39.000
PNW77088,1970,1790.308,26.518920,329.106
PNW77459,5007,4827.308,0.358611,12.000
PNW78156,2605,2425.308,2.081846,35.000
PNW77392,6848,6668.308,34.553223,1597.191
PNW77794,1593,1413.308,0.000000,0.000
PNW77723,2224,2044.308,1.129071,16.000
PNW78082,1623,1443.308,2.198928,22.000
PNW77170,23494,23314.308,0.507386,82.000
PNW77898,286,118.068,0.000000,0.000
PNW77090,1784,1604.308,0.000000,0.000
PNW77091,1934,1754.308,9.309258,113.207
PNW77705,2060,1880.308,4.144522,54.020
PNW77321,2772,2592.308,14.524562,261.001
PNW77278,2595,2415.308,10.140434,169.778
PNW78104,2318,2138.308,1.821552,27.000
PNW78105,1719,1539.308,0.000000,0.000
PNW77818,3325,3145.308,7.675147,167.341
PNW77817,3316,3136.308,0.993968,21.609
PNW77220,2865,2685.308,40.666531,756.979
PNW77507,3090,2910.308,6.766204,136.501
PNW77957,2656,2476.308,142.277442,2442.268
PNW77691,3601,3421.308,1.791922,42.498
PNW78061,1492,1312.308,20.721585,188.500
PNW77756,1546,1366.308,168.504638,1595.927
PNW78077,2217,2037.308,0.424856,6.000
PNW77797,9058,8878.308,1.689860,104.000
PNW77504,2433,2253.308,0.000000,0.000
PNW77308,3715,3535.308,7.712770,189.012
PNW77032,6705,6525.308,37.635216,1702.347
PNW77192,1220,1040.308,4.576140,33.000
PNW77315,7310,7130.308,2.230882,110.265
PNW77465,9170,8990.308,3.205921,199.793
PNW77204,991,811.312,1.244680,7.000
PNW77365,3264,3084.308,0.608041,13.000
PNW77569,1713,1533.308,6.021407,64.000
PNW77136,1567,1387.308,568.963007,5471.540
PNW77290,1402,1222.308,7.080308,59.991
PNW77792,1737,1557.308,21.688066,234.125
PNW77640,4451,4271.308,0.545508,16.152
PNW77253,3512,3332.308,5.281504,121.999
PNW77553,25021,24841.308,1.900015,327.178
PNW77961,5222,5042.308,3.604862,126.000
PNW77687,2688,2508.308,7.365236,128.062
PNW77900,5450,5270.308,5.139458,187.761
PNW78111,1436,1256.308,60.509672,526.955
PNW77660,1469,1289.308,35.779363,319.773
PNW77627,3752,3572.308,4.630835,114.673
PNW77626,3614,3434.308,5.121825,121.932
PNW77753,3051,2871.308,3.466704,69.000
PNW77360,3319,3139.308,0.000000,0.000
PNW77502,2263,2083.308,17.999574,259.937
PNW77030,6855,6675.308,0.561888,26.000
PNW76995,4019,3839.308,0.037575,1.000
PNW77555,1657,1477.308,31.877648,326.445
PNW77595,1998,1818.308,5.236292,66.000
PNW77657,5132,4952.308,0.640859,22.000
PNW77168,2186,2006.308,1.294262,18.000
PNW77358,3529,3349.308,1.679798,39.000
PNW77000,5744,5564.308,0.596299,23.000
PNW77101,2298,2118.308,9.466144,139.000
PNW77420,2305,2125.308,0.068428,1.008
PNW77472,2859,2679.308,2.315225,43.000
PNW77245,2115,1935.308,1.416286,19.000
PNW77244,1587,1407.308,0.000000,0.000
PNW77276,4399,4219.308,0.000000,0.000
PNW77650,5227,5047.308,10.451756,365.680
PNW77854,4636,4456.308,5.724812,176.843
PNW77853,3688,3508.308,6.466806,157.268
PNW77564,2423,2243.308,2.315053,36.000
PNW77277,1640,1460.308,16.800247,170.064
PNW77264,4232,4052.308,4.702391,132.091
PNW77265,512,333.012,23.990874,55.381
PNW77263,5107,4927.308,8.513471,290.783
PNW77267,7887,7707.308,2.650721,141.618
PNW77271,7372,7192.308,2.007013,100.062
PNW77116,3259,3079.308,7.220496,154.125
PNW77100,3431,3251.308,0.798660,18.000
PNW78166,2002,1822.308,142.707485,1802.690
PNW77505,2157,1977.308,22.323358,305.975
PNW77506,2253,2073.308,1.887607,27.129
PNW77189,2800,2620.308,4.074061,74.000
PNW77925,2088,1908.308,3.159046,41.789
PNW77924,2578,2398.308,0.000000,0.000
PNW77873,4997,4817.308,2.568356,85.765
PNW78171,1129,949.308,62.126999,408.828
PNW77577,2586,2406.308,41.748069,696.370
PNW77690,2666,2486.308,1.410337,24.307
PNW78161,2098,1918.308,17.168128,228.294
PNW77642,1186,1006.308,158.125849,1103.028
PNW76992,1331,1151.308,0.000000,0.000
PNW77793,1736,1556.308,2505.466580,27029.423
PNW77909,8868,8688.308,1.864912,112.317
PNW78049,9813,9633.308,0.419305,28.000
PNW77260,1659,1479.308,4.591440,47.083
PNW77703,1812,1632.308,16.460275,186.248
PNW77609,1972,1792.308,0.482932,6.000
PNW77311,5608,5428.308,0.504936,19.000
PNW77712,3272,3092.308,0.046651,1.000
PNW77550,1585,1405.308,26.428219,257.449
PNW77041,4367,4187.308,6.068329,176.139
PNW77796,2028,1848.308,10.470600,134.152
PNW77500,3557,3377.308,3.032842,71.002
PNW77284,1498,1318.308,18.452676,168.628
PNW77710,2201,2021.308,4.567739,64.001
PNW78178,1689,1509.308,9.271338,97.000
PNW78034,1381,1201.308,12.008617,100.000
PNW78086,1209,1029.308,0.000000,0.000
PNW78085,1103,923.308,0.000000,0.000
PNW77810,2208,2028.308,140.895116,1980.991
PNW77107,2889,2709.308,0.053246,1.000
PNW77752,4797,4617.308,0.874711,27.997
PNW77026,9077,8897.308,6.096497,376.003
PNW77025,9221,9041.308,0.000000,0.000
PNW77625,1454,1274.308,4.075449,36.000
PNW77155,3997,3817.308,298.025989,7886.129
PNW77299,459,280.486,7004.868507,13619.562
PNW77599,2375,2195.308,3.549807,54.020
PNW77157,1322,1142.308,31.572254,250.001
PNW77560,919,739.337,57.859036,296.528
PNW77089,3004,2824.308,93.682494,1834.100
PNW77772,3864,3684.308,1.409594,36.000
PNW77831,2861,2681.308,13.134685,244.129
PNW77946,2077,1897.308,11.781881,154.955
PNW77830,7489,7309.308,0.315785,16.000
PNW78064,2420,2240.308,0.064393,1.000
PNW77347,1516,1336.308,16.393778,151.858
PNW78109,5798,5618.308,14.550670,566.684
PNW78054,4132,3952.308,4.485350,122.885
PNW77583,5618,5438.308,3.448476,130.000
PNW77497,1882,1702.308,61.065010,720.582
PNW76978,1628,1448.308,0.099608,1.000
PNW77470,5347,5167.308,3.831773,137.251
PNW78153,2202,2022.308,1.426692,20.000
PNW77031,1093,913.308,0.473861,3.000
PNW77176,2744,2564.308,2.419055,43.000
PNW77372,3496,3316.308,18.096078,415.999
PNW77060,2618,2438.308,13.220229,223.450
PNW77775,1922,1742.308,0.331194,4.000
PNW77282,10762,10582.308,2.603853,191.007
PNW77730,1185,1005.308,0.000000,0.000
PNW77247,1632,1452.308,0.708168,7.129
PNW77511,3480,3300.308,0.917936,21.000
PNW77706,2284,2104.308,48.557027,708.295
PNW77125,2324,2144.308,1.108085,16.471
PNW77601,3972,3792.308,8.022772,210.902
PNW78122,1392,1212.308,3.191293,26.818
PNW77001,2868,2688.308,2.853893,53.183
PNW77033,2148,1968.308,8.822797,120.379
PNW77923,6202,6022.308,12.599581,525.983
PNW77719,1293,1113.308,22.933481,176.986
PNW77016,7288,7108.308,5.471838,269.620
PNW78079,5980,5800.308,0.198969,8.000
PNW77656,4186,4006.308,5.149193,143.000
PNW77654,4001,3821.308,1.963141,52.002
PNW77199,2896,2716.308,25.402088,478.301
PNW77538,2881,2701.308,14.398318,269.612
PNW77013,5748,5568.308,0.752360,29.040
PNW78102,3007,2827.308,3.775774,74.000
PNW77460,522,342.961,0.000000,0.000
PNW77305,3747,3567.308,9.463312,234.011
PNW77731,3399,3219.308,1.254744,28.001
PNW77645,535,355.893,0.000000,0.000
PNW77618,8131,7951.308,0.780149,43.000
PNW77879,1892,1712.308,3.032969,36.000
PNW77659,835,655.433,13.205967,60.000
PNW77154,1836,1656.308,17.855013,205.000
PNW78130,2450,2270.308,2.732317,43.000
PNW77099,3688,3508.308,1.685968,41.001
PNW77281,3275,3095.308,0.000000,0.000
PNW77573,2876,2696.308,1.134573,21.206
PNW77760,4957,4777.308,1.377410,45.614
PNW77442,749,569.511,0.000000,0.000
PNW77038,1750,1570.308,16.360198,178.084
PNW77257,7080,6900.308,25.432505,1216.495
PNW77434,1520,1340.308,42.454278,394.438
PNW77984,3995,3815.308,1.058707,28.000
PNW77457,3016,2836.308,22.849595,449.246
PNW77172,9241,9061.308,1.910573,120.007
PNW77063,5415,5235.308,4.987824,181.011
PNW77296,2422,2242.308,7.012593,109.000
PNW77252,2844,2664.308,6.167767,113.911
PNW77744,1998,1818.308,2.064746,26.025
PNW77612,3414,3234.308,0.288505,6.468
PNW77940,1115,935.308,0.308502,2.000
PNW78101,2499,2319.308,3.109990,50.000
PNW77325,3257,3077.308,7.969692,170.006
PNW77639,1226,1046.308,0.000000,0.000
PNW78140,2551,2371.308,9.139741,150.236
PNW77446,1845,1665.308,10.135395,117.001
PNW77436,4142,3962.308,0.000000,0.000
PNW77437,3862,3682.308,0.000000,0.000
PNW77531,3117,2937.308,5.304222,108.000
PNW77009,8108,7928.308,2.984082,164.000
PNW78099,6702,6522.308,8.962412,405.209
PNW77144,2711,2531.308,11.740241,206.003
PNW77629,1355,1175.308,4.909708,40.000
PNW77918,3822,3642.308,25.269605,638.010
PNW77036,2922,2742.308,11.786447,224.053
PNW77836,2412,2232.308,3.397345,52.571
PNW77734,4664,4484.308,2.099286,65.256
PNW76996,1615,1435.308,76.410881,760.244
PNW77976,700,520.550,4269.086574,15404.588
PNW77736,3424,3244.308,3.868484,86.999
PNW77789,2369,2189.308,0.922505,14.000
PNW77061,2757,2577.308,1.455306,26.000
PNW77304,1640,1460.308,0.000000,0.000
PNW77363,1745,1565.308,72.614778,787.911
PNW77709,4279,4099.308,3.238667,92.030
PNW77273,2970,2790.308,8.995898,174.000
PNW77787,4503,4323.308,49.106545,1471.662
PNW77762,4093,3913.308,1.769510,48.001
PNW78163,2780,2600.308,6.772406,122.073
PNW77524,1144,964.308,223.448965,1493.643
PNW78114,8458,8278.308,0.470511,27.000
PNW77688,4007,3827.308,4.787613,127.018
PNW77827,4282,4102.308,0.000000,0.000
PNW77971,5394,5214.308,1.604652,58.000
PNW77327,6256,6076.308,0.854704,36.000
PNW77114,1596,1416.308,33.300278,326.933
PNW77028,914,734.341,0.392898,2.000
PNW77865,7746,7566.308,3.684588,193.253
PNW77390,5779,5599.308,13.613945,528.410
PNW77203,2619,2439.308,6.801092,115.000
PNW77503,2103,1923.308,37.369715,498.220
PNW77145,6031,5851.308,4.845560,196.539
PNW77562,973,793.315,5.816314,31.985
PNW77826,4901,4721.308,0.244442,8.000
PNW77858,3183,3003.308,17.965982,374.027
PNW78162,974,794.315,0.363272,2.000
PNW77093,1515,1335.308,1.973503,18.267
PNW77092,1545,1365.308,47.412797,448.724
PNW77079,2137,1957.308,33.173496,450.094
PNW77072,6723,6543.308,0.044094,2.000
PNW77124,4714,4534.308,0.036088,1.134
PNW77261,1790,1610.308,6.640597,74.126
PNW77489,2737,2557.308,133.638479,2369.011
PNW78018,2831,2651.308,13.769736,253.069
PNW77610,4009,3829.308,0.321416,8.532
PNW77704,1408,1228.308,14.839213,126.349
PNW77207,1128,948.308,0.000000,0.000
PNW77206,1585,1405.308,0.000000,0.000
PNW77045,1562,1382.308,17.314382,165.907
PNW78070,2597,2417.308,25.605466,429.059
PNW77078,2896,2716.308,6.426768,121.011
PNW77534,1647,1467.308,0.000000,0.000
PNW77533,2658,2478.308,5.471671,94.000
PNW77350,2235,2055.308,12.137936,172.932
PNW77329,1711,1531.308,37.072449,393.520
PNW77846,1524,1344.308,21.796248,203.111
PNW77005,1547,1367.308,693.562204,6573.617
PNW77250,3548,3368.308,23.442945,547.364
PNW78095,2414,2234.308,29.317998,454.077
PNW77863,1597,1417.308,22.772505,223.732
PNW77615,1228,1048.308,61.958399,450.238
PNW77834,2926,2746.308,10.153588,193.295
PNW77108,773,593.495,0.243070,1.000
PNW77174,2145,1965.308,1.541474,21.000
PNW77211,2718,2538.308,0.170500,3.000
PNW77584,2795,2615.308,759.375279,13766.764
PNW77891,2422,2242.308,4.661975,72.463
PNW77383,3673,3493.308,1.858458,45.003
PNW77087,3008,2828.308,83.431312,1635.718
PNW77517,1227,1047.308,88.025357,639.050
PNW78015,12109,11929.308,4.511687,373.084
PNW77128,3183,3003.308,28.537265,594.107
PNW77545,962,782.319,1.262422,6.846
PNW77037,1287,1107.308,35.180679,270.038
PNW77425,7964,7784.308,2.446306,132.003
PNW77324,745,565.514,0.000000,0.000
PNW78048,8511,8331.308,0.692619,40.000
PNW77219,1124,944.308,225.538943,1476.345
PNW77323,1733,1553.308,15.697622,169.022
PNW77382,1937,1757.308,0.000000,0.000
PNW77380,1955,1775.308,0.000000,0.000
PNW77381,1797,1617.308,2.999743,33.630
PNW77780,9029,8849.308,3.829554,234.915
PNW77883,4041,3861.308,0.112082,3.000
PNW77941,1205,1025.308,12.663122,90.001
PNW77852,3849,3669.308,5.346902,136.000
PNW77180,1342,1162.308,2.606426,21.000
PNW77576,2750,2570.308,38.888090,692.874
PNW77951,3227,3047.308,0.757452,16.000
PNW77908,4429,4249.308,0.478219,14.086
PNW77962,1399,1219.308,13.078780,110.544
PNW77963,1279,1099.308,12.132920,92.456
PNW77395,956,776.322,0.000000,0.000
PNW77104,1231,1051.308,15.505859,113.000
PNW77173,4459,4279.308,2.595776,77.000
PNW77824,10490,10310.308,1.463914,104.626
PNW77040,1913,1733.308,10.237723,123.008
PNW78135,1499,1319.308,0.000000,0.000
PNW77519,3964,3784.308,1.982277,52.000
PNW77996,7382,7202.308,2.123832,106.034
PNW77385,2243,2063.308,26.292590,376.054
PNW77552,3542,3362.308,5.620581,131.000
PNW78065,5703,5523.308,0.104474,4.000
PNW77466,2535,2355.308,2.511213,41.000
PNW77483,1477,1297.308,140.288069,1261.585
PNW77109,2405,2225.308,8.276328,127.668
PNW77303,1108,928.308,0.000000,0.000
PNW77335,1518,1338.308,259.198232,2404.588
PNW77424,2854,2674.308,0.215772,4.000
PNW78057,1452,1272.308,0.924946,8.158
PNW77644,1309,1129.308,0.000000,0.000
PNW78017,1391,1211.308,0.000000,0.000
PNW77151,2851,2671.308,5.130924,95.011
PNW77077,1165,985.308,25.329197,173.000
PNW78084,7681,7501.308,1.442354,75.000
PNW77367,7639,7459.308,1.373116,71.000
PNW77563,4083,3903.308,59.739372,1616.390
PNW77295,2430,2250.308,8.716480,135.968
PNW77718,2493,2313.308,2.432084,39.000
PNW77501,1276,1096.308,36.451160,277.011
PNW77664,6152,5972.308,0.169084,7.000
PNW77302,1726,1546.308,24.513031,262.752
PNW77788,1505,1325.308,0.000000,0.000
PNW77681,1688,1508.308,40.017593,418.402
PNW78051,1561,1381.308,73.534021,704.095
PNW77735,1125,945.308,17.868608,117.089
PNW77554,7023,6843.308,0.252967,12.000
PNW77592,2249,2069.308,12.410839,178.024
PNW77716,2565,2385.308,1.935321,32.000
PNW77593,4596,4416.308,32.700298,1001.068
PNW77667,2463,2283.308,17.816895,282.000
PNW77821,3088,2908.308,0.000000,0.000
PNW77767,2335,2155.308,17.737155,265.000
PNW78058,1896,1716.308,96.099269,1143.320
PNW78012,1194,1014.308,43.653360,306.931
PNW77474,2920,2740.308,7.754992,147.310
PNW76994,1468,1288.308,6.830579,61.000
PNW77582,1945,1765.308,9.235229,113.011
PNW77103,9364,9184.308,1.507905,96.000
PNW77152,1359,1179.308,126.440313,1033.631
PNW77478,3479,3299.308,5.290661,121.000
PNW76984,1994,1814.308,17.651815,222.000
PNW78019,2837,2657.308,6.731740,124.000
PNW78179,10842,10662.308,1.001216,74.000
PNW77587,2363,2183.308,60.445096,914.805
PNW77790,2963,2783.308,205.360338,3962.145
PNW78042,808,628.468,0.229543,1.000
PNW77543,1828,1648.308,4.376529,50.006
PNW78108,2517,2337.308,10.677697,173.000
PNW77102,4121,3941.308,1.793507,49.000
PNW78011,4003,3823.308,2.156062,57.142
PNW77966,2969,2789.308,14.786177,285.894
PNW78142,1892,1712.308,1.933651,22.952
PNW77724,1576,1396.308,3.512732,34.000
PNW76982,766,586.500,0.000000,0.000
PNW78115,907,727.350,0.000000,0.000
PNW77616,3002,2822.308,3.120832,61.056
PNW77623,12526,12346.308,3.482367,298.033
PNW77655,5197,5017.308,5.664276,197.001
PNW77769,1750,1570.308,0.000000,0.000
PNW77931,11213,11033.308,2.105075,161.000
PNW77653,1943,1763.308,33.679614,411.669
PNW77523,798,618.478,591.335443,2535.189
PNW78050,2923,2743.308,0.736209,14.000
PNW77339,9145,8965.308,1.174641,73.000
PNW77761,2195,2015.308,0.144053,2.012
PNW78069,2231,2051.308,0.389891,5.544
PNW77960,1001,821.308,0.000000,0.000
PNW77857,1524,1344.308,2.268219,21.137
PNW78007,3054,2874.308,8.688600,173.115
PNW77080,3416,3236.308,11.625919,260.813
PNW77921,2918,2738.308,1.000965,19.000
PNW77956,1182,1002.308,202.361865,1405.991
PNW77987,1170,990.308,3.350463,23.000
PNW77764,1813,1633.308,0.883241,10.000
PNW77624,2532,2352.308,11.621593,189.501
PNW77849,1892,1712.308,17.946015,213.011
PNW77014,11655,11475.308,0.389713,31.000
PNW78052,3405,3225.308,7.558987,169.000
PNW77628,3943,3763.308,35.669469,930.506
PNW78147,1357,1177.308,22.178687,181.000
PNW77678,2139,1959.308,31.184039,423.533
PNW78119,3121,2941.308,2.248764,45.850
PNW77700,2018,1838.308,0.000000,0.000
PNW77701,1951,1771.308,8.117020,99.665
PNW77786,7355,7175.308,1.829567,91.000
PNW77739,972,792.315,165.712621,910.135
PNW77630,4369,4189.308,1.962860,57.001
PNW77889,3058,2878.308,10.364550,206.795
PNW77332,4554,4374.308,9.300091,282.000
PNW77751,3066,2886.308,6.969741,139.448
PNW77344,5323,5143.308,0.897702,32.006
PNW78127,15286,15106.308,0.869022,91.000
PNW77212,2784,2604.308,0.609323,11.000
PNW77551,3725,3545.308,0.325524,8.000
PNW77696,3578,3398.308,2.844196,67.000
PNW76989,656,476.591,2.353269,7.774
PNW77336,7740,7560.308,0.591520,31.000
PNW78136,3130,2950.308,0.000000,0.000
PNW77613,3314,3134.308,32.076263,696.912
PNW77683,2884,2704.308,4.937345,92.556
PNW77958,1041,861.308,395.322408,2360.275
PNW77166,5601,5421.308,3.166579,119.000
PNW77062,3828,3648.308,7.276597,184.023
PNW78128,3970,3790.308,0.000000,0.000
PNW77715,3021,2841.308,4.061856,80.001
PNW77384,1395,1215.308,68.705908,578.806
PNW78152,3348,3168.308,0.910647,20.000
PNW77015,1758,1578.308,5.301315,58.000
PNW77728,2960,2780.308,14.892066,287.012
PNW77590,7152,6972.308,2.731234,132.004
PNW77126,4485,4305.308,8.221482,245.362
PNW77236,4076,3896.308,5.001302,135.079
PNW77825,1360,1180.308,132.868221,1087.099
PNW77051,771,591.497,0.000000,0.000
PNW77083,3048,2868.308,2.514733,50.000
PNW77708,3958,3778.308,15.706850,411.376
PNW77740,2216,2036.308,1.983636,28.000
PNW77349,2000,1820.308,3.170024,40.000
PNW77937,1795,1615.308,47.407952,530.835
PNW78066,3413,3233.308,0.223085,5.000
PNW76585,5364,5184.308,0.000000,0.000
PNW76583,6311,6131.308,3.293957,139.999
PNW76584,6356,6176.308,0.000000,0.000
PNW76377,1555,1375.308,4.817140,45.924
PNW76765,2465,2285.308,6.514590,103.201
PNW76438,2756,2576.308,0.304428,5.437
PNW76437,2829,2649.308,0.000000,0.000
PNW76886,2201,2021.308,11.990138,168.000
PNW76697,3052,2872.308,0.000000,0.000
PNW76696,3030,2850.308,0.000000,0.000
PNW76972,2341,2161.308,10.182661,152.556
PNW76577,1578,1398.308,525.819266,5096.734
PNW76607,2471,2291.308,1.900238,30.182
PNW76608,3982,3802.308,18.994179,500.634
PNW76609,2667,2487.308,3.975657,68.547
PNW76464,3227,3047.308,7.574449,160.000
PNW76508,13269,13089.308,2.105059,191.000
PNW76544,2852,2672.308,4.210712,78.000
PNW76511,3148,2968.308,5.686273,117.001
PNW76512,2457,2277.308,0.000000,0.000
PNW76513,3196,3016.308,0.000000,0.000
PNW76854,7303,7123.308,27.436604,1354.767
PNW76562,2681,2501.308,16.786884,291.065
PNW76661,2928,2748.308,54.919766,1046.277
PNW76610,682,502.568,0.000000,0.000
PNW76515,3571,3391.308,0.042538,1.000
PNW76652,3823,3643.308,8.127585,205.263
PNW76687,2705,2525.308,0.171378,3.000
PNW76488,2609,2429.308,8.371708,140.977
PNW76489,3080,2900.308,0.995923,20.023
PNW76771,2793,2613.308,0.220809,4.000
PNW76618,1997,1817.308,90.574914,1141.009
PNW76409,1348,1168.308,9.260859,75.000
PNW76934,3070,2890.308,0.249911,5.007
PNW76533,2464,2284.308,5.999518,95.000
PNW76375,2752,2572.308,1.289889,23.000
PNW76841,2919,2739.308,0.263316,5.000
PNW76421,1678,1498.308,0.000000,0.000
PNW76420,1988,1808.308,13.399934,167.968
PNW76419,1016,836.308,11.390251,66.032
PNW76431,9665,9485.308,1.885896,124.000
PNW76560,653,473.594,0.000000,0.000
PNW76561,1279,1099.308,0.393685,3.000
PNW76906,2323,2143.308,4.442289,66.000
PNW76634,3308,3128.308,0.368916,8.000
PNW76790,1287,1107.308,6.514380,50.003
PNW76832,3032,2852.308,14.680122,290.254
PNW76452,1415,1235.308,0.881007,7.544
PNW76469,2945,2765.308,52.895197,1013.940
PNW76806,3390,3210.308,4.223506,93.988
PNW76920,2472,2292.308,1.630578,25.910
PNW76921,2234,2054.308,7.618341,108.487
PNW76856,5215,5035.308,3.975757,138.771
PNW76722,2997,2817.308,3.994280,78.006
PNW76802,1972,1792.308,8.209844,102.000
PNW76895,11757,11577.308,0.286594,23.000
PNW76964,1615,1435.308,14.416160,143.432
PNW76852,3828,3648.308,3.469386,87.740
PNW76817,2201,2021.308,16.415071,230.000
PNW76459,2603,2423.308,8.810365,147.998
PNW76539,1203,1023.308,0.000000,0.000
PNW76540,1476,1296.308,5.977575,53.714
PNW76447,1551,1371.308,0.529320,5.032
PNW76395,1587,1407.308,1.742638,17.000
PNW76594,2109,1929.308,1.495464,20.000
PNW76412,2287,2107.308,562.200812,8212.437
PNW76710,3999,3819.308,0.226628,6.000
PNW76709,6087,5907.308,0.000000,0.000
PNW76876,2692,2512.308,38.848863,676.556
PNW76498,1106,926.308,199.032617,1278.004
PNW76780,3190,3010.308,78.060521,1628.902
PNW76924,3095,2915.308,4.700961,95.000
PNW76444,2179,1999.308,7.359832,102.000
PNW76737,6675,6495.308,8.284943,373.028
PNW76483,10816,10636.308,0.000000,0.000
PNW76484,10921,10741.308,1.437062,107.000
PNW76864,8212,8032.308,0.000000,0.000
PNW76865,8215,8035.308,7.754577,431.930
PNW76691,1698,1518.308,23.882830,251.361
PNW76690,3626,3446.308,3.128070,74.728
PNW76689,3623,3443.308,2.232430,53.285
PNW76727,2433,2253.308,8.002706,125.000
PNW76933,6062,5882.308,1.161369,47.356
PNW76932,6336,6156.308,2.533431,108.114
PNW76408,1856,1676.308,2.237520,26.000
PNW76674,1666,1486.308,10.676638,110.001
PNW76835,6533,6353.308,3.061136,134.814
PNW76424,3716,3536.308,0.000000,0.000
PNW76423,3656,3476.308,10.997022,265.000
PNW76405,3096,2916.308,7.311146,147.799
PNW76404,2910,2730.308,0.000000,0.000
PNW76471,3482,3302.308,0.349478,8.000
PNW76371,6344,6164.308,1.663335,71.075
PNW76945,2102,1922.308,3.835763,51.113
PNW76367,3352,3172.308,43.188240,949.715
PNW76874,1665,1485.308,16.386862,168.719
PNW76897,6711,6531.308,1.612390,73.000
PNW76575,6349,6169.308,23.611538,1009.749
PNW76402,4953,4773.308,0.000000,0.000
PNW76868,4282,4102.308,10.198480,290.012
PNW76738,3875,3695.308,2.303291,59.000
PNW76925,6012,5832.308,0.098939,4.000
PNW76927,1253,1073.308,2660.218751,19792.214
PNW76386,3244,3064.308,16.465046,349.742
PNW76773,11886,11706.308,2.293621,186.120
PNW76569,3163,2983.308,0.817803,16.912
PNW76381,5164,4984.308,0.781459,27.000
PNW76576,2766,2586.308,5.442501,97.573
PNW76714,1857,1677.308,21.430984,249.177
PNW76582,2494,2314.308,65.957045,1058.120
PNW76581,1017,837.308,10.947434,63.540
PNW76887,1963,1783.308,0.000000,0.000
PNW76836,1337,1157.308,0.000000,0.000
PNW76620,8471,8291.308,0.400177,23.000
PNW76628,2092,1912.308,104.305085,1382.662
PNW76676,4394,4214.308,8.619584,251.805
PNW76907,3030,2850.308,2.328165,46.000
PNW76400,5349,5169.308,7.815501,280.054
PNW76463,3081,2901.308,2.237516,45.000
PNW76476,2145,1965.308,1.688281,23.000
PNW76929,3257,3077.308,5.014791,106.974
PNW76384,3601,3421.308,4.337376,102.866
PNW76946,922,742.336,0.583000,3.000
PNW76480,6478,6298.308,4.924590,215.004
PNW76614,1085,905.308,2.708943,17.000
PNW76810,1809,1629.308,0.000000,0.000
PNW76811,1606,1426.308,4.854844,48.000
PNW76889,6472,6292.308,0.963688,42.034
PNW76930,2573,2393.308,64.296797,1066.696
PNW76630,1484,1304.308,8.627104,78.001
PNW76553,6255,6075.308,4.345405,183.000
PNW76552,6273,6093.308,0.000000,0.000
PNW76422,1799,1619.308,2190.074535,24583.344
PNW76587,1169,989.308,6.105641,41.871
PNW76677,3072,2892.308,170.086435,3410.097
PNW76826,3793,3613.308,9.114902,228.302
PNW76593,1902,1722.308,3.946048,47.111
PNW76915,3170,2990.308,4.101824,85.025
PNW76647,1405,1225.308,169.013291,1435.551
PNW76494,6102,5922.308,2.672312,109.706
PNW76518,1647,1467.308,5.702353,58.000
PNW76547,4289,4109.308,4.282906,122.000
PNW76373,2040,1860.308,93.200620,1201.867
PNW76465,1878,1698.308,49.945849,587.988
PNW76699,5177,4997.308,1.501132,52.000
PNW76650,2579,2399.308,984.516227,16374.251
PNW76415,829,649.439,0.000000,0.000
PNW76557,3157,2977.308,35.124399,724.912
PNW76672,1597,1417.308,4.071394,40.000
PNW76530,3423,3243.308,5.826806,131.000
PNW76782,9523,9343.308,3.431889,222.273
PNW76800,3219,3039.308,0.332254,7.000
PNW76704,4663,4483.308,1.963350,61.017
PNW76443,2161,1981.308,12.823887,176.126
PNW76778,458,279.500,12.387316,24.000
PNW76448,2345,2165.308,1.865459,28.000
PNW76551,2156,1976.308,1.094924,15.000
PNW76626,3328,3148.308,7.588478,165.609
PNW76502,3613,3433.308,23.446007,558.000
PNW76475,2010,1830.308,0.762088,9.669
PNW76474,3176,2996.308,0.524945,10.903
PNW76542,5069,4889.308,34.315905,1163.042
PNW76935,3516,3336.308,2.334936,54.000
PNW76941,2946,2766.308,3.546430,68.006
PNW76640,1426,1246.308,0.000000,0.000
PNW76639,1590,1410.308,7.262595,71.000
PNW76456,5234,5054.308,0.773628,27.105
PNW76828,4642,4462.308,0.387944,12.000
PNW76969,6247,6067.308,3.254069,136.860
PNW76725,2471,2291.308,0.125920,2.000
PNW76830,5601,5421.308,1.655421,62.211
PNW76829,5740,5560.308,1.265824,48.789
PNW76622,1045,865.308,0.000000,0.000
PNW76391,5637,5457.308,2.246922,85.000
PNW76473,2743,2563.308,2.701394,48.000
PNW76892,6769,6589.308,0.328397,15.000
PNW76822,2617,2437.308,3.728873,63.000
PNW76599,6157,5977.308,170.750184,7074.884
PNW76500,2351,2171.308,0.797273,12.000
PNW76571,3967,3787.308,9.827352,258.000
PNW76745,3306,3126.308,2.122626,46.000
PNW76791,4937,4757.308,0.895906,29.544
PNW76716,4233,4053.308,5.484402,154.096
PNW76631,1083,903.308,6.388096,40.000
PNW76729,1785,1605.308,52.437018,583.511
PNW76957,994,814.310,0.000000,0.000
PNW76824,4248,4068.308,59.056843,1665.469
PNW76656,2128,1948.308,0.000000,0.000
PNW76950,2799,2619.308,3.546615,64.395
PNW76541,9464,9284.308,11.659607,750.388
PNW76527,889,709.366,11.069078,54.429
PNW76528,363,187.477,11.981249,15.571
PNW76750,2500,2320.308,1.319941,21.230
PNW76749,2010,1830.308,1.558213,19.770
PNW76871,5610,5430.308,5.476197,206.137
PNW76870,5604,5424.308,0.000000,0.000
PNW76554,2693,2513.308,1064.988964,18554.250
PNW76844,4483,4303.308,0.771041,23.000
PNW76700,2787,2607.308,14.272778,257.961
PNW76959,5605,5425.308,1.186216,44.611
PNW76960,5626,5446.308,0.000000,0.000
PNW76579,957,777.321,0.000000,0.000
PNW76578,1680,1500.308,31.228152,324.773
PNW76580,1626,1446.308,4.987198,50.000
PNW76763,1731,1551.308,51.055027,549.021
PNW76756,2153,1973.308,33.598356,459.585
PNW76936,2245,2065.308,0.209548,3.000
PNW76723,2053,1873.308,7.546825,98.000
PNW76893,3828,3648.308,4.530603,114.578
PNW76497,2959,2779.308,7.110661,136.993
PNW76621,1664,1484.308,0.000000,0.000
PNW76441,5049,4869.308,0.334497,11.290
PNW76454,6695,6515.308,0.098974,4.470
PNW76591,4371,4191.308,2.248653,65.332
PNW76531,1916,1736.308,0.000000,0.000
PNW76532,1916,1736.308,3.240300,39.000
PNW76477,3918,3738.308,0.688430,17.840
PNW76478,3939,3759.308,0.581765,15.160
PNW76605,1836,1656.308,3.349923,38.462
PNW76903,2229,2049.308,4.348565,61.774
PNW76843,3020,2840.308,41.125124,809.702
PNW76510,4454,4274.308,0.438758,13.000
PNW76390,1057,877.308,0.000000,0.000
PNW76678,3212,3032.308,33.827613,711.045
PNW76974,1213,1033.308,0.141816,1.016
PNW76436,3619,3439.308,0.547175,13.045
PNW76739,4320,4140.308,3.486565,100.065
PNW76654,2964,2784.308,1.657983,32.000
PNW76761,4588,4408.308,3.992431,122.001
PNW76659,4343,4163.308,19.752199,570.042
PNW76759,2409,2229.308,31.458734,486.143
PNW76522,20163,19983.308,0.880724,122.000
PNW76784,1794,1614.308,0.000000,0.000
PNW76380,8810,8630.308,13.246482,792.464
PNW76651,3227,3047.308,15.669388,330.995
PNW76779,1270,1090.308,82.780393,625.647
PNW76535,6392,6212.308,1.370082,59.000
PNW76481,2204,2024.308,0.071264,1.000
PNW76937,5528,5348.308,0.053946,2.000
PNW76563,2605,2425.308,5.733216,96.387
PNW76564,1833,1653.308,0.510402,5.849
PNW76637,2938,2758.308,10.407985,199.004
PNW76953,6294,6114.308,0.070782,3.000
PNW76770,3253,3073.308,32.906943,701.045
PNW76805,2443,2263.308,3.696871,58.000
PNW76632,1951,1771.308,19.103934,234.568
PNW76875,2199,2019.308,2.929063,41.000
PNW76775,4033,3853.308,3.444305,92.000
PNW76635,9269,9089.308,1.648235,103.849
PNW76636,5052,4872.308,0.063687,2.151
PNW76795,3448,3268.308,2.030403,46.000
PNW76686,2098,1918.308,400.709121,5328.441
PNW76537,6323,6143.308,3.781264,161.024
PNW76392,2965,2785.308,81.477734,1573.130
PNW76944,1339,1159.308,40.739563,327.392
PNW76398,1746,1566.308,16.117895,175.000
PNW76558,4337,4157.308,5.921110,170.635
PNW76559,1961,1781.308,13.111758,161.902
PNW76860,3011,2831.308,5.910474,116.001
PNW76643,3182,3002.308,10.381462,216.056
PNW76479,5649,5469.308,0.712167,27.000
PNW76923,4177,3997.308,3.933989,109.007
PNW76623,5251,5071.308,0.568928,20.000
PNW76912,2343,2163.308,0.000000,0.000
PNW76911,2408,2228.308,0.453179,7.000
PNW76786,7153,6973.308,0.579251,28.000
PNW76449,2704,2524.308,2.571684,45.000
PNW76682,4153,3973.308,0.399381,11.000
PNW76977,1262,1082.308,6.429496,48.237
PNW76671,2766,2586.308,0.223114,4.000
PNW76670,1856,1676.308,0.000000,0.000
PNW76666,3197,3017.308,0.526450,11.011
PNW76948,1008,828.308,0.348326,2.000
PNW76703,3303,3123.308,9.841869,213.081
PNW76702,1590,1410.308,98.491872,962.869
PNW76451,6294,6114.308,0.306721,13.000
PNW76706,9540,9360.308,2.049788,133.000
PNW76705,8118,7938.308,0.000000,0.000
PNW76717,2656,2476.308,52.048141,893.434
PNW76955,2055,1875.308,6.617451,86.023
PNW76567,1255,1075.308,0.415182,3.095
PNW76565,1972,1792.308,0.000000,0.000
PNW76568,1382,1202.308,0.000000,0.000
PNW76942,3298,3118.308,2.822008,61.000
PNW76885,2709,2529.308,18.802359,329.660
PNW76619,2075,1895.308,11.799334,155.021
PNW76633,1780,1600.308,29.686422,329.317
PNW76808,3084,2904.308,39.771840,800.702
PNW76369,9504,9324.308,0.000000,0.000
PNW76368,8319,8139.308,1.082126,61.055
PNW76370,9847,9667.308,3.806552,255.088
PNW76430,2203,2023.308,0.356497,5.000
PNW76734,2906,2726.308,0.000000,0.000
PNW76919,2568,2388.308,7.553819,125.057
PNW76429,677,497.573,3375.483846,11642.466
PNW76462,3823,3643.308,7.998821,202.011
PNW76455,1558,1378.308,26.496004,253.151
PNW76748,2016,1836.308,0.000000,0.000
PNW76746,3120,2940.308,1.668142,34.000
PNW76747,3168,2988.308,0.000000,0.000
PNW76961,4828,4648.308,4.251803,137.000
PNW76752,7165,6985.308,0.000000,0.000
PNW76486,1738,1558.308,9.445919,102.035
PNW76487,1623,1443.308,0.000000,0.000
PNW76485,1738,1558.308,0.922490,9.965
PNW76550,1881,1701.308,0.000000,0.000
PNW76549,3218,3038.308,0.569766,12.000
PNW76603,2323,2143.308,5.451900,81.000
PNW76711,1627,1447.308,0.000000,0.000
PNW76695,1196,1016.308,0.141946,1.000
PNW76967,5324,5144.308,0.000000,0.000
PNW76968,5345,5165.308,0.000000,0.000
PNW76482,2869,2689.308,0.214569,4.000
PNW76534,3131,2951.308,1.906327,39.000
PNW76570,3027,2847.308,13.629163,269.002
PNW76457,8618,8438.308,23.338429,1365.147
PNW76615,1872,1692.308,1.278672,15.000
PNW76414,1527,1347.308,1657.169444,15476.987
PNW76595,15148,14968.308,4.202185,436.014
PNW76653,1515,1335.308,52.861417,489.297
PNW76851,8570,8390.308,2.535431,147.463
PNW76440,2498,2318.308,0.738535,11.868
PNW76428,4057,3877.308,3.014036,81.009
PNW76362,3719,3539.308,0.000000,0.000
PNW76388,893,713.363,195.179021,965.153
PNW76733,2105,1925.308,24.451757,326.334
PNW76755,2046,1866.308,8.193541,106.000
PNW76963,2909,2729.308,3.118508,59.000
PNW76853,1139,959.308,0.000000,0.000
PNW76757,2175,1995.308,9.885975,136.736
PNW76831,1224,1044.308,22.304773,161.465
PNW76506,2051,1871.308,14.493056,188.000
PNW76394,3019,2839.308,3.505776,69.000
PNW76881,2165,1985.308,12.716206,175.000
PNW76916,1443,1263.308,107.199176,938.757
PNW76917,750,570.511,56.422807,223.137
PNW76858,2247,2067.308,0.000000,0.000
PNW76859,2406,2226.308,66.882526,1032.168
PNW76857,3149,2969.308,11.116525,228.811
PNW76766,1186,1006.308,30.821886,215.002
PNW76442,5035,4855.308,0.769674,25.905
PNW76490,4280,4100.308,4.397856,125.000
PNW76660,1129,949.308,0.151964,1.000
PNW76617,1537,1357.308,6.589624,62.000
PNW76372,4253,4073.308,7.224875,204.000
PNW76947,2223,2043.308,35.114687,497.365
PNW76815,8631,8451.308,2.543389,149.001
PNW76627,1857,1677.308,2.063732,23.995
PNW76796,3899,3719.308,0.892099,23.000
PNW76403,3726,3546.308,8.786679,216.000
PNW76536,6447,6267.308,6.155844,267.437
PNW76728,839,659.428,555.208772,2537.909
PNW76519,4578,4398.308,3.706297,113.000
PNW76712,12139,11959.308,0.048250,4.000
PNW76507,6157,5977.308,50.747479,2102.677
PNW76439,3744,3564.308,0.814204,20.117
PNW76692,3006,2826.308,6.329212,124.000
PNW76902,3171,2991.308,4.313413,89.441
PNW76901,3165,2985.308,2.556871,52.912
PNW76741,1813,1633.308,4.857826,55.000
PNW76509,5166,4986.308,1.041528,36.000
PNW76787,1528,1348.308,23.435696,219.038
PNW76842,4961,4781.308,0.724122,24.000
PNW76499,4799,4619.308,3.039348,97.322
PNW76668,936,756.328,0.190738,1.000
PNW76772,1376,1196.308,0.000000,0.000
PNW76638,1899,1719.308,60.431538,720.228
PNW76649,1328,1148.308,131.460470,1046.420
PNW76798,2712,2532.308,0.000000,0.000
PNW76406,1459,1279.308,122.259959,1084.206
PNW76785,9704,9524.308,49.852286,3291.327
PNW76525,25500,25320.308,1.287632,226.002
PNW76735,1377,1197.308,0.000000,0.000
PNW76736,919,739.337,0.000000,0.000
PNW76742,9000,8820.308,8.449497,516.615
PNW76743,8967,8787.308,0.239393,14.582
PNW76840,4663,4483.308,0.386127,12.000
PNW76501,950,770.323,4.681817,25.000
PNW76938,2996,2816.308,7.908023,154.383
PNW76665,2566,2386.308,5.126666,84.804
PNW76538,8687,8507.308,0.271316,16.000
PNW76601,1359,1179.308,4.177717,34.152
PNW76869,2100,1920.308,394.302002,5248.709
PNW76445,5241,5061.308,1.795665,63.000
PNW76764,3388,3208.308,5.260727,116.997
PNW76611,1494,1314.308,10.121060,92.210
PNW76971,1486,1306.308,8.516923,77.122
PNW76970,1723,1543.308,0.175502,1.878
PNW76467,1672,1492.308,0.773355,8.000
PNW76909,2303,2123.308,16.229766,238.879
PNW76669,522,342.961,0.000000,0.000
PNW76472,6120,5940.308,0.145710,6.000
PNW76645,7295,7115.308,0.831262,41.000
PNW76774,1682,1502.308,0.000000,0.000
PNW76890,3157,2977.308,3.203856,66.123
PNW76891,3041,2861.308,36.979566,733.464
PNW76383,3545,3365.308,2.899566,67.641
PNW76641,5983,5803.308,3.205485,128.950
PNW76894,7844,7664.308,0.000000,0.000
PNW76662,5377,5197.308,0.360838,13.000
PNW76529,1047,867.308,205.250081,1233.984
PNW76939,1367,1187.308,0.850515,7.000
PNW76754,2672,2492.308,7.582793,131.004
PNW76411,1871,1691.308,13.054146,153.047
PNW76393,1387,1207.308,0.000000,0.000
PNW76888,1363,1183.308,2505.028684,20547.697
PNW76556,5216,5036.308,2.750185,96.012
PNW76908,1102,922.308,18.632068,119.121
PNW76460,3716,3536.308,0.489529,12.000
PNW76461,3734,3554.308,0.000000,0.000
PNW76769,2039,1859.308,13.231633,170.537
PNW76837,2341,2161.308,16.465845,246.691
PNW76597,2510,2330.308,83.581894,1350.138
PNW76418,1277,1097.308,3.847947,29.269
PNW76417,1177,997.308,16.596598,114.736
PNW76468,1222,1042.308,12.059761,87.134
PNW76545,1991,1811.308,27.904040,350.358
PNW76910,2198,2018.308,3.287894,46.000
PNW76590,5443,5263.308,0.000000,0.000
PNW76673,1110,930.308,1.240576,8.000
PNW76612,1490,1310.308,0.000000,0.000
PNW76708,4482,4302.308,1.877734,56.000
PNW76861,3144,2964.308,17.100666,351.390
PNW76827,4713,4533.308,1.081960,34.000
PNW76720,840,660.427,308.113771,1410.549
PNW76517,6762,6582.308,7.692916,351.012
PNW76572,2041,1861.308,3.565225,46.000
PNW76954,1804,1624.308,38.292124,431.152
PNW76726,1756,1576.308,27.419130,299.604
PNW76681,2039,1859.308,41.540132,535.392
PNW76629,4335,4155.308,18.425766,530.739
PNW76389,1821,1641.308,13.704558,155.922
PNW76604,2477,2297.308,5.246050,83.542
PNW76435,4843,4663.308,0.154676,5.000
PNW76768,829,649.439,10.218026,46.000
PNW76458,1627,1447.308,0.000000,0.000
PNW76880,2641,2461.308,1.409075,24.041
PNW76364,1788,1608.308,34.123538,380.431
PNW76491,2240,2060.308,19.115159,273.000
PNW76504,1173,993.308,2.614183,18.000
PNW76586,6092,5912.308,5.936957,243.318
PNW76797,2417,2237.308,42.853639,664.609
PNW76814,3812,3632.308,0.000000,0.000
PNW76965,8631,8451.308,7.544149,441.964
PNW76807,3265,3085.308,3.366522,72.000
PNW76450,5722,5542.308,15.695462,603.000
PNW76523,2816,2636.308,17.747383,324.327
PNW76664,1601,1421.308,9.360682,92.225
PNW76820,4246,4066.308,1.631943,46.000
PNW76849,2744,2564.308,80.211566,1425.804
PNW76606,2432,2252.308,30.641217,478.395
PNW76905,1698,1518.308,6.555965,69.000
PNW76363,3655,3475.308,0.114086,2.748
PNW76873,3287,3107.308,19.885915,428.334
PNW76872,2391,2211.308,4.783251,73.320
PNW76879,2815,2635.308,21.386469,390.682
PNW76573,3627,3447.308,0.627709,15.000
PNW76616,8231,8051.308,0.537534,30.000
PNW76855,1638,1458.308,128.886830,1302.898
PNW76496,1358,1178.308,0.000000,0.000
PNW76862,7175,6995.308,2.062277,100.001
PNW76863,5670,5490.308,0.000000,0.000
PNW76882,1775,1595.308,0.271284,3.000
PNW76914,2868,2688.308,1.985501,37.000
PNW76799,4550,4370.308,14.559161,441.063
PNW76679,2773,2593.308,0.723164,13.000
PNW76740,2964,2784.308,10.179487,196.470
PNW76642,3872,3692.308,3.438209,88.000
PNW76866,10046,9866.308,0.804914,55.050
PNW76883,2203,2023.308,7.783520,109.167
PNW76680,5183,5003.308,2.121726,73.587
PNW76548,1887,1707.308,8.377208,99.143
PNW76644,946,766.324,0.937258,4.979
PNW76648,3175,2995.308,1.735453,36.034
PNW76976,2864,2684.308,14.099284,262.351
PNW76427,948,768.323,0.000000,0.000
PNW76426,1813,1633.308,130.719031,1479.992
PNW76425,1813,1633.308,0.000000,0.000
PNW76900,2357,2177.308,2.981536,45.000
PNW76365,2251,2071.308,3.915669,56.222
PNW76958,2497,2317.308,4.606758,74.000
PNW76951,5160,4980.308,0.000000,0.000
PNW76952,5157,4977.308,5.593784,192.998
PNW76767,1420,1240.308,17.582938,151.173
PNW76366,1234,1054.308,1.372123,10.028
PNW76899,2364,2184.308,0.000000,0.000
PNW76898,2474,2294.308,5.030205,80.000
PNW76850,1588,1408.308,7.580162,73.999
PNW76658,1699,1519.308,72.160798,759.976
PNW76744,887,707.367,0.000000,0.000
PNW76416,1046,866.308,0.000000,0.000
PNW76760,4293,4113.308,30.691967,875.122
PNW76453,1610,1430.308,2.195730,21.770
PNW76625,4302,4122.308,0.174975,5.000
PNW76721,3554,3374.308,47.272715,1105.727
PNW76846,2200,2020.308,3.213448,45.003
PNW76838,1996,1816.308,0.873676,11.000
PNW76867,10196,10016.308,0.365996,25.412
PNW76543,5068,4888.308,2.774066,94.000
PNW76713,2840,2660.308,4.555068,84.000
PNW76926,4365,4185.308,1.068518,31.000
PNW76904,3561,3381.308,0.511969,12.000
PNW76788,5074,4894.308,11.522782,390.932
PNW76516,4332,4152.308,1.077010,31.000
PNW76589,1401,1221.308,0.000000,0.000
PNW76588,2407,2227.308,0.000000,0.000
PNW76707,2971,2791.308,41.919500,811.104
PNW76492,6065,5885.308,1.183960,48.301
PNW76730,6107,5927.308,3.232573,132.818
PNW76731,474,295.309,0.000000,0.000
PNW76432,6120,5940.308,1.576132,64.901
PNW76433,6144,5964.308,2.856486,118.099
PNW76521,2974,2794.308,0.000000,0.000
PNW76410,6877,6697.308,6.218133,288.677
PNW76751,2628,2448.308,5.741818,97.447
PNW76407,10223,10043.308,0.976741,68.000
PNW76719,2570,2390.308,22.521291,373.164
PNW76966,7637,7457.308,0.059517,3.077
PNW76762,1021,841.308,4.286792,25.000
PNW76877,2994,2814.308,3.827149,74.662
PNW76975,3742,3562.308,2.065314,51.000
PNW76833,3360,3180.308,25.094286,553.218
PNW76555,2094,1914.308,2.711261,35.978
PNW76663,2046,1866.308,0.618378,8.000
PNW76520,1462,1282.308,0.000000,0.000
PNW76718,1042,862.308,289.039789,1727.718
PNW76753,1120,940.308,0.000000,0.000
PNW76613,1455,1275.308,0.000000,0.000
PNW76818,1863,1683.308,95.400705,1113.186
PNW76434,1823,1643.308,51.707356,589.012
PNW76655,1672,1492.308,0.000000,0.000
PNW76884,431,252.957,15.968289,28.000
PNW76493,2393,2213.308,1.629467,25.000
PNW76470,1780,1600.308,12.440017,137.999
PNW76598,1464,1284.308,9.659989,86.000
PNW76819,6016,5836.308,8.544005,345.662
PNW76683,1352,1172.308,0.123057,1.000
PNW76812,1882,1702.308,15.000197,177.006
PNW76789,4498,4318.308,11.334405,339.285
PNW76949,951,771.323,0.561090,3.000
PNW76878,2307,2127.308,15.705397,231.596
PNW76777,2609,2429.308,2.078418,35.000
PNW76794,2111,1931.308,3.361309,45.000
PNW76387,5806,5626.308,0.769211,30.000
PNW76973,3293,3113.308,1.204755,26.000
PNW76526,2014,1834.308,11.795616,149.984
PNW76382,4387,4207.308,3.893183,113.543
PNW76624,4332,4152.308,1.861848,53.590
PNW76514,1923,1743.308,8.937109,108.000
PNW76401,4705,4525.308,0.669451,21.000
PNW76913,2552,2372.308,0.668912,11.000
PNW76918,7423,7243.308,4.245430,213.163
PNW76803,2259,2079.308,45.601350,657.278
PNW76378,1065,885.308,0.000000,0.000
PNW76724,1308,1128.308,269.270999,2106.056
PNW76845,944,764.324,0.000000,0.000
PNW76940,4029,3849.308,10.648437,284.133
PNW76693,2333,2153.308,0.267979,4.000
PNW76956,2423,2243.308,2.573374,40.017
PNW76701,2066,1886.308,4.435835,58.002
PNW76574,5533,5353.308,0.093348,3.464
PNW76505,1965,1785.308,21.234603,262.791
PNW76602,2007,1827.308,41.577464,526.650
PNW76399,3238,3058.308,4.198177,89.001
PNW76922,2180,2000.308,3.966568,55.000
PNW76847,1110,930.308,157.314515,1014.491
PNW76495,2160,1980.308,1.311255,18.000
PNW76928,2231,2051.308,18.777679,267.009
PNW76413,3317,3137.308,10.954633,238.236
PNW76825,3228,3048.308,11.925844,252.000
PNW76848,1162,982.308,55.767645,379.737
PNW76793,3881,3701.308,10.745451,275.697
PNW76646,3242,3062.308,9.045897,192.023
PNW76685,3869,3689.308,2.612061,66.801
PNW76684,3863,3683.308,0.322495,8.234
PNW76821,961,781.320,1.292459,7.000
PNW76931,2673,2493.308,54.079165,934.670
PNW76896,1132,952.308,0.000000,0.000
PNW76839,1394,1214.308,0.622930,5.243
PNW76813,2955,2775.308,201.843652,3883.102
PNW76816,20314,20134.308,0.229277,32.000
PNW76698,7465,7285.308,1.606782,81.144
PNW76688,2464,2284.308,2.589266,41.000
PNW76801,2638,2458.308,1279.183244,21798.250
PNW76667,1900,1720.308,0.251651,3.001
PNW76396,3641,3461.308,0.000000,0.000
PNW76776,3366,3186.308,0.543416,12.003
PNW76397,2403,2223.308,23.165301,357.018
PNW76962,2404,2224.308,7.912883,122.006
PNW76732,1657,1477.308,15.808091,161.884
PNW76657,1548,1368.308,0.000000,0.000
PNW76809,6247,6067.308,0.951068,40.000
PNW76466,5172,4992.308,3.265311,113.000
PNW76823,4169,3989.308,3.652340,101.000
PNW76804,2061,1881.308,5.521054,72.000
PNW76503,2386,2206.308,0.457698,7.000
PNW76446,1770,1590.308,1.693354,18.667
PNW76592,1531,1351.308,25.411483,238.033
PNW76675,1714,1534.308,1.598394,17.000
PNW76694,2029,1849.308,9.282931,119.000
PNW76546,4349,4169.308,0.276805,8.000
PNW76792,2135,1955.308,25.896397,351.000
PNW76715,6118,5938.308,6.000824,247.017
PNW76758,895,715.361,25.046845,124.203
PNW76943,4032,3852.308,0.561717,15.000
PNW76783,1547,1367.308,20.474158,194.055
PNW76379,2391,2211.308,106.682367,1635.289
PNW74457,2479,2299.308,0.000000,0.000
PNW74458,3180,3000.308,0.096164,2.000
PNW76361,3510,3330.308,0.043317,1.000
PNW75500,3763,3583.308,6.884294,171.000
PNW75886,2659,2479.308,0.000000,0.000
PNW75587,3522,3342.308,2.343985,54.307
PNW75598,786,606.487,0.000000,0.000
PNW75767,787,607.487,4.986894,21.000
PNW76047,2766,2586.308,25.713916,461.000
PNW74451,2132,1952.308,0.000000,0.000
PNW74842,2191,2011.308,4.648499,64.810
PNW74841,2310,2130.308,27.115612,400.419
PNW75971,2233,2053.308,16.175159,230.226
PNW75355,4418,4238.308,12.134360,356.502
PNW74714,4433,4253.308,1.560193,46.000
PNW76279,3512,3332.308,0.000000,0.000
PNW75302,4828,4648.308,6.082911,196.001
PNW76102,752,572.510,5.795519,23.000
PNW76027,1686,1506.308,0.774657,8.089
PNW76248,3857,3677.308,4.192272,106.864
PNW76310,15636,15456.308,0.858676,92.000
PNW75240,2882,2702.308,1.174452,22.000
PNW75704,2745,2565.308,54.590767,970.759
PNW74943,1895,1715.308,27.632576,328.561
PNW74522,10668,10488.308,1.210388,88.000
PNW75114,2140,1960.308,7.213464,98.021
PNW74688,6705,6525.308,0.574804,26.000
PNW75556,1880,1700.308,1.612031,19.000
PNW75630,3595,3415.308,18.881004,447.000
PNW76250,1497,1317.308,4.928215,45.002
PNW76251,1507,1327.308,0.000000,0.000
PNW75443,2186,2006.308,0.466193,6.484
PNW75430,2776,2596.308,0.178104,3.205
PNW75429,2343,2163.308,2.312541,34.679
PNW75993,1255,1075.308,184.869420,1378.004
PNW75920,2652,2472.308,0.466804,8.000
PNW75495,2454,2274.308,10.339172,163.000
PNW75991,795,615.479,0.468775,2.000
PNW75990,2894,2714.308,0.531482,10.000
PNW76135,3044,2864.308,1.410216,28.000
PNW76291,1831,1651.308,11.104363,127.108
PNW75683,2239,2059.308,35.226734,502.859
PNW74450,1097,917.308,19.504069,124.020
PNW75133,1978,1798.308,0.561541,7.000
PNW75594,3146,2966.308,6.686862,137.496
PNW75967,1648,1468.308,89.134942,907.231
PNW76334,645,465.602,1.364574,4.404
PNW76333,1314,1134.308,1.219303,9.587
PNW74504,2498,2318.308,2.426839,39.000
PNW75871,3085,2905.308,0.248271,5.000
PNW75087,1054,874.308,23.413809,141.902
PNW76091,4880,4700.308,10.130631,330.077
PNW74736,4095,3915.308,3.279227,89.000
PNW75504,603,423.687,8031.741253,23588.904
PNW75876,905,725.352,0.000000,0.000
PNW75860,3717,3537.308,0.163130,4.000
PNW75802,1645,1465.308,11.518723,117.000
PNW74423,1236,1056.308,1.776395,13.007
PNW75113,1245,1065.308,9.343751,69.000
PNW75400,2099,1919.308,9.335812,124.208
PNW74506,7578,7398.308,1.247949,64.000
PNW75413,2360,2180.308,1.636350,24.731
PNW75892,3011,2831.308,2.139979,42.000
PNW75513,3847,3667.308,6.558517,166.727
PNW74505,6018,5838.308,3.731181,151.003
PNW75954,9649,9469.308,5.149663,338.026
PNW74594,2640,2460.308,4.068662,69.389
PNW76315,5429,5249.308,2.692437,97.972
PNW76314,5426,5246.308,2.781623,101.159
PNW74981,2335,2155.308,1.031641,15.413
PNW74760,1670,1490.308,25.879203,267.350
PNW76009,1152,972.308,0.000000,0.000
PNW74701,1146,966.308,0.000000,0.000
PNW75661,8684,8504.308,1.342607,79.148
PNW74910,4244,4064.308,3.585475,101.015
PNW75252,4739,4559.308,7.436447,235.027
PNW74734,2864,2684.308,0.591164,11.000
PNW75360,944,764.324,4.341078,23.000
PNW75792,3206,3026.308,13.186707,276.632
PNW75791,3197,3017.308,3.704368,77.479
PNW74702,422,244.164,0.000000,0.000
PNW74945,2246,2066.308,5.166353,74.000
PNW75750,2356,2176.308,0.000000,0.000
PNW75908,1450,1270.308,26.290453,231.505
PNW75425,2025,1845.308,0.000000,0.000
PNW75453,2654,2474.308,15.695395,269.202
PNW76045,5982,5802.308,0.397802,16.000
PNW75231,4836,4656.308,3.562900,115.000
PNW75902,3121,2941.308,0.049046,1.000
PNW75555,399,221.843,5.233986,8.049
PNW75554,3650,3470.308,12.825939,308.539
PNW74793,2066,1886.308,1.376599,18.000
PNW75690,1004,824.308,201.657633,1152.277
PNW74659,5313,5133.308,1.939198,69.004
PNW74896,718,538.537,0.000000,0.000
PNW75730,3648,3468.308,13.903032,334.256
PNW75436,858,678.410,14.915678,70.144
PNW76018,6083,5903.308,2.843894,116.375
PNW75611,1941,1761.308,19.969505,243.812
PNW75156,1055,875.308,29.007838,176.007
PNW75698,1250,1070.308,0.000000,0.000
PNW75697,2760,2580.308,0.000000,0.000
PNW74441,2247,2067.308,4.272426,61.225
PNW74442,3521,3341.308,17.552835,406.552
PNW74643,2705,2525.308,2.321113,40.632
PNW75128,888,708.367,113.945938,559.512
PNW75959,1930,1750.308,0.000000,0.000
PNW75174,3635,3455.308,1.505838,36.068
PNW75624,1554,1374.308,3.044151,29.000
PNW74863,1433,1253.308,0.920830,8.000
PNW76167,5395,5215.308,8.908881,322.074
PNW74558,1454,1274.308,25.697970,227.000
PNW74847,2739,2559.308,0.000000,0.000
PNW74848,2439,2259.308,0.000000,0.000
PNW74919,856,676.413,0.000000,0.000
PNW75739,3139,2959.308,23.367728,479.357
PNW75162,17119,16939.308,0.921195,108.168
PNW75160,4522,4342.308,0.000000,0.000
PNW75161,17562,17382.308,0.000000,0.000
PNW74913,756,576.505,0.000000,0.000
PNW74967,1786,1606.308,14.375957,160.073
PNW75066,2704,2524.308,17.331133,303.265
PNW75349,2092,1912.308,0.226314,3.000
PNW76149,4493,4313.308,4.414224,131.983
PNW74710,2278,2098.308,18.150290,264.001
PNW74427,3131,2951.308,40.912540,836.996
PNW75774,3549,3369.308,5.694536,133.000
PNW74617,4877,4697.308,0.583515,19.000
PNW74616,4874,4694.308,0.000000,0.000
PNW74725,6240,6060.308,0.333716,14.019
PNW74724,7760,7580.308,9.648527,506.991
PNW74542,3540,3360.308,0.000000,0.000
PNW76253,1857,1677.308,7.286008,84.714
PNW76252,3146,2966.308,17.862235,367.286
PNW75062,522,342.961,4242.279047,10085.478
PNW75866,2463,2283.308,3.917190,62.000
PNW75187,2049,1869.308,0.000000,0.000
PNW75186,2469,2289.308,7.341039,116.497
PNW75707,12457,12277.308,1.774566,151.025
PNW76029,3090,2910.308,2.129293,42.956
PNW76030,1137,957.308,0.000000,0.000
PNW75013,3087,2907.308,0.049620,1.000
PNW75090,3841,3661.308,16.213716,411.501
PNW75546,3873,3693.308,0.000000,0.000
PNW75547,3653,3473.308,0.207670,5.000
PNW75119,6622,6442.308,15.608987,697.058
PNW75747,3076,2896.308,12.959718,260.191
PNW75746,216,63.561,0.000000,0.000
PNW75939,7658,7478.308,0.877688,45.498
PNW75776,2385,2205.308,6.421123,98.160
PNW75626,1173,993.308,29.691790,204.443
PNW76111,1281,1101.308,28.555847,218.000
PNW74610,1725,1545.308,11.855942,127.000
PNW75175,5492,5312.308,1.179755,43.444
PNW75257,1482,1302.308,111.441272,1006.033
PNW76184,4574,4394.308,3.282895,100.000
PNW74853,3130,2950.308,65.867063,1347.064
PNW74473,2867,2687.308,0.000000,0.000
PNW75420,2187,2007.308,5.305982,73.830
PNW75421,798,618.478,11.265127,48.296
PNW74584,1926,1746.308,1.073875,13.000
PNW74583,2134,1954.308,0.000000,0.000
PNW76076,2031,1851.308,3.145884,40.371
PNW76074,1323,1143.308,0.000000,0.000
PNW76075,4531,4351.308,0.000000,0.000
PNW74564,8218,8038.308,4.343400,242.018
PNW74646,3489,3309.308,1.164430,26.712
PNW74645,4469,4289.308,15.746101,468.180
PNW75125,1682,1502.308,22.374235,233.002
PNW75367,1307,1127.308,6.537068,51.083
PNW74932,1268,1088.308,9.677165,73.005
PNW75191,5286,5106.308,6.606356,233.841
PNW75144,6877,6697.308,2.089387,97.000
PNW74739,5140,4960.308,0.000000,0.000
PNW75867,3643,3463.308,5.873209,141.000
PNW74731,4921,4741.308,0.000000,0.000
PNW74732,4918,4738.308,1.400496,46.000
PNW75173,1846,1666.308,35.762465,413.081
PNW74798,2766,2586.308,23.315432,418.000
PNW75159,5976,5796.308,0.124442,5.000
PNW75819,1871,1691.308,6.141256,72.000
PNW76210,1792,1612.308,29.350039,328.027
PNW76173,1752,1572.308,4.862921,53.001
PNW75069,1716,1536.308,17.337223,184.633
PNW75520,2583,2403.308,88.895908,1480.962
PNW76143,3754,3574.308,29.457034,729.850
PNW76142,3724,3544.308,0.000000,0.000
PNW76131,2050,1870.308,129.500039,1678.942
PNW75138,1353,1173.308,27.716464,225.425
PNW76319,2398,2218.308,1.690826,26.000
PNW76325,1668,1488.308,12.116148,125.000
PNW75264,2025,1845.308,0.000000,0.000
PNW75712,1763,1583.308,0.000000,0.000
PNW74629,2724,2544.308,11.736756,207.000
PNW75657,1725,1545.308,2.613908,28.000
PNW76305,2220,2040.308,0.000000,0.000
PNW76304,2669,2489.308,0.521568,9.000
PNW75597,1106,926.308,1.090159,7.000
PNW74544,219,65.649,0.000000,0.000
PNW74543,472,293.330,0.000000,0.000
PNW74826,1943,1763.308,14.971835,183.002
PNW74482,3484,3304.308,0.218292,5.000
PNW75382,7296,7116.308,3.505766,172.938
PNW75384,5586,5406.308,0.000000,0.000
PNW75381,6699,6519.308,0.000000,0.000
PNW76232,6374,6194.308,10.317914,443.034
PNW75494,2649,2469.308,27.912661,477.781
PNW74726,1874,1694.308,8.601341,101.021
PNW75825,2476,2296.308,2.387266,38.000
PNW75272,556,376.816,0.000000,0.000
PNW76182,5204,5024.308,2.009876,70.000
PNW74575,716,536.538,7.657005,28.478
PNW75916,3422,3242.308,0.133479,3.000
PNW76312,1088,908.308,1.270586,8.000
PNW75079,1903,1723.308,6.482999,77.445
PNW75632,2677,2497.308,1.270893,22.001
PNW75684,526,346.935,0.000000,0.000
PNW75530,3257,3077.308,3.477864,74.188
PNW75550,1274,1094.308,9.646220,73.173
PNW75549,1159,979.308,42.150594,286.138
PNW76299,3065,2885.308,0.000000,0.000
PNW76300,882,702.369,0.000000,0.000
PNW76261,3675,3495.308,0.631777,15.307
PNW76260,3445,3265.308,1.400171,31.693
PNW74576,3344,3164.308,61.298380,1344.560
PNW75862,2899,2719.308,0.106101,2.000
PNW75649,6477,6297.308,2.222103,97.000
PNW76172,601,421.692,0.000000,0.000
PNW74554,796,616.478,0.000000,0.000
PNW74553,1072,892.308,0.000000,0.000
PNW75895,1393,1213.308,502.439281,4225.784
PNW74831,2563,2383.308,16.318852,269.602
PNW75980,3147,2967.308,7.453002,153.302
PNW75095,1204,1024.308,177.841556,1262.747
PNW74624,1225,1045.308,0.000000,0.000
PNW74625,672,492.578,0.000000,0.000
PNW74893,1923,1743.308,32.968187,398.402
PNW75068,957,777.321,0.000000,0.000
PNW75067,3509,3329.308,0.823279,19.000
PNW75899,1245,1065.308,17.090853,126.209
PNW74837,1701,1521.308,0.000000,0.000
PNW74839,1662,1482.308,6.257050,64.293
PNW74838,3246,3066.308,24.596156,522.800
PNW75995,3558,3378.308,1.240850,29.058
PNW74500,2963,2783.308,34.533412,666.275
PNW74501,735,555.522,5.673581,21.848
PNW76209,5037,4857.308,1.366075,45.996
PNW75464,962,782.319,92.143816,499.692
PNW76225,949,769.323,19.505753,104.022
PNW75012,1494,1314.308,1.317139,12.000
PNW75676,3088,2908.308,7.947626,160.225
PNW75675,954,774.323,6.462462,34.687
PNW75107,4323,4143.308,11.847743,340.279
PNW75809,750,570.511,10.844840,42.888
PNW75807,1366,1186.308,2.018935,16.602
PNW75808,1169,989.308,0.000000,0.000
PNW75835,2218,2038.308,31.350398,442.961
PNW74779,766,586.500,0.000000,0.000
PNW76262,1530,1350.308,73.761300,690.421
PNW75280,1824,1644.308,16.935811,193.038
PNW75667,1167,987.308,252.220164,1726.176
PNW75154,10847,10667.308,1.032135,76.321
PNW75855,2190,2010.308,0.861125,12.000
PNW75937,3112,2932.308,0.245985,5.000
PNW76354,4096,3916.308,14.955573,406.006
PNW75197,5585,5405.308,2.046802,76.692
PNW75196,5727,5547.308,0.000000,0.000
PNW75266,1895,1715.308,2.438952,29.000
PNW75760,3480,3300.308,1.228711,28.110
PNW75370,929,749.330,7.893292,41.000
PNW75758,1888,1708.308,0.000000,0.000
PNW75757,1555,1375.308,0.000000,0.000
PNW75864,2171,1991.308,25.819860,356.406
PNW75865,2411,2231.308,0.000000,0.000
PNW74700,2391,2211.308,0.782852,12.000
PNW75986,1852,1672.308,10.265452,119.000
PNW75391,3516,3336.308,159.160939,3680.910
PNW75507,2499,2319.308,0.000000,0.000
PNW75505,3725,3545.308,0.000000,0.000
PNW75506,3745,3565.308,1.250666,30.909
PNW75508,3697,3517.308,2.553504,62.259
PNW74692,2362,2182.308,6.527612,98.747
PNW74906,3703,3523.308,3.856887,94.198
PNW75910,510,331.022,12.652587,29.033
PNW75909,1243,1063.308,19.451868,143.375
PNW76108,4477,4297.308,1.477081,44.000
PNW76105,5603,5423.308,0.824617,31.001
PNW76107,8987,8807.308,0.000000,0.000
PNW76106,9598,9418.308,0.000000,0.000
PNW74914,1442,1262.308,0.228142,1.996
PNW76138,2571,2391.308,6.149676,101.939
PNW76228,8630,8450.308,0.374392,21.931
PNW75644,8110,7930.308,5.811934,319.494
PNW75258,1637,1457.308,114.587813,1157.557
PNW76011,5722,5542.308,6.325041,243.000
PNW74600,3397,3217.308,0.000000,0.000
PNW74599,3571,3391.308,0.000000,0.000
PNW75977,1887,1707.308,15.762632,186.549
PNW75353,3027,2847.308,1.266639,25.000
PNW75668,2683,2503.308,12.333172,214.014
PNW76141,643,463.606,1712.117955,5502.191
PNW76073,3540,3360.308,3.527735,82.173
PNW75933,2114,1934.308,38.952077,522.287
PNW74827,4111,3931.308,54.942303,1497.257
PNW74471,2916,2736.308,0.109719,2.081
PNW75019,1348,1168.308,35.959806,291.224
PNW76165,3545,3365.308,8.035942,187.462
PNW74947,5579,5399.308,1.725157,64.568
PNW75948,4425,4245.308,1.080623,31.801
PNW75949,5178,4998.308,0.842748,29.199
PNW75618,6868,6688.308,0.539226,25.000
PNW75498,1607,1427.308,38.907375,384.948
PNW75673,3366,3186.308,0.833634,18.413
PNW75884,2725,2545.308,4.647592,82.001
PNW75729,1418,1238.308,4.077432,35.000
PNW74612,2865,2685.308,182.331710,3393.977
PNW74674,2556,2376.308,1.881943,31.000
PNW75267,601,421.692,3.800231,11.109
PNW75403,1158,978.308,0.294918,2.000
PNW75092,3017,2837.308,1.474480,29.000
PNW74580,3232,3052.308,0.047263,1.000
PNW74465,1266,1086.308,0.265598,2.000
PNW75151,971,791.315,97.589053,535.307
PNW75312,2714,2534.308,1.423076,25.000
PNW75076,1241,1061.308,4.492319,33.049
PNW75147,2298,2118.308,5.176027,76.004
PNW75748,1646,1466.308,0.197233,2.005
PNW76035,10631,10451.308,0.055212,4.000
PNW75517,2490,2310.308,0.000000,0.000
PNW75518,2289,2109.308,5.471387,80.000
PNW76280,1533,1353.308,0.106781,1.002
PNW76281,2479,2299.308,0.000000,0.000
PNW74567,1485,1305.308,43.218758,391.055
PNW74560,2950,2770.308,1.584457,30.427
PNW76265,1222,1042.308,6.089813,44.000
PNW74886,3050,2870.308,14.414108,286.793
PNW75973,2473,2293.308,7.738625,123.021
PNW74587,6095,5915.308,7.844578,321.662
PNW74973,1164,984.308,4.983050,34.000
PNW76195,1852,1672.308,0.000000,0.000
PNW74723,1216,1036.308,0.000000,0.000
PNW75720,3795,3615.308,27.626683,692.351
PNW74490,2794,2614.308,1.159069,21.005
PNW74499,1271,1091.308,6.080760,46.000
PNW74790,2662,2482.308,247.806229,4264.032
PNW74607,1298,1118.308,17.520646,135.820
PNW74864,2714,2534.308,1.195384,21.000
PNW74904,5668,5488.308,1.474708,56.104
PNW75281,2875,2695.308,21.587649,403.335
PNW75282,2901,2721.308,7.085662,133.663
PNW74460,2309,2129.308,4.674746,69.000
PNW75290,1375,1195.308,21.966046,182.005
PNW74660,6405,6225.308,3.499158,151.000
PNW76146,3929,3749.308,4.078516,106.000
PNW76316,2260,2080.308,8.600021,124.017
PNW75798,1710,1530.308,245.690870,2606.276
PNW75106,7112,6932.308,1.352803,65.008
PNW75318,2273,2093.308,14.003518,203.200
PNW75300,765,585.500,0.000000,0.000
PNW75414,1302,1122.308,16.163466,125.747
PNW75017,3461,3281.308,2.725788,62.000
PNW75011,2804,2624.308,0.000000,0.000
PNW76166,3237,3057.308,11.940116,253.046
PNW75824,766,586.500,1.475811,6.000
PNW74780,3168,2988.308,12.551494,260.000
PNW75057,1959,1779.308,14.126133,174.232
PNW75103,4426,4246.308,4.837585,142.394
PNW75374,865,685.395,7.580905,36.018
PNW75206,1330,1150.308,0.000000,0.000
PNW74623,3764,3584.308,1.167186,29.000
PNW74805,1316,1136.308,234.871620,1850.032
PNW75634,836,656.432,0.000000,0.000
PNW75846,6495,6315.308,2.238613,98.000
PNW75392,5474,5294.308,2.752071,101.000
PNW75917,6864,6684.308,0.949607,44.000
PNW76196,2200,2020.308,9.435183,132.136
PNW74935,4881,4701.308,0.092056,3.000
PNW75641,1048,868.308,6.054974,36.445
PNW75642,1620,1440.308,0.709752,7.086
PNW74593,2473,2293.308,9.687367,154.000
PNW75768,2197,2017.308,5.005797,70.000
PNW76032,936,756.328,0.000000,0.000
PNW76031,957,777.321,0.394641,2.126
PNW76245,2030,1850.308,1301.610548,16694.664
PNW75270,5298,5118.308,7.773962,275.817
PNW76179,2890,2710.308,7.876221,147.975
PNW76067,1779,1599.308,1.747064,19.368
PNW76066,1822,1642.308,1.109578,12.632
PNW74756,3338,3158.308,14.176420,310.366
PNW75346,3584,3404.308,32.156736,758.846
PNW75347,1033,853.308,31.362169,185.509
PNW75348,1224,1044.308,3.959896,28.666
PNW74595,1169,989.308,47.697625,327.100
PNW74983,2701,2521.308,0.171650,3.000
PNW74658,3460,3280.308,0.219889,5.000
PNW75837,2429,2249.308,16.550374,258.053
PNW74619,1984,1804.308,7.035896,88.000
PNW74892,1130,950.308,24.744036,163.000
PNW76036,3239,3059.308,0.000000,0.000
PNW76037,7237,7057.308,0.000000,0.000
PNW75038,1380,1200.308,35.354979,294.168
PNW74640,555,375.819,5594.197839,14573.694
PNW76088,1158,978.308,5.898557,40.001
PNW75072,9153,8973.308,0.000000,0.000
PNW75073,9153,8973.308,1.350846,84.025
PNW74958,2489,2309.308,0.000000,0.000
PNW75751,1269,1089.308,0.000000,0.000
PNW74631,3780,3600.308,4.207238,105.000
PNW74510,947,767.324,32.715954,174.017
PNW74556,1744,1564.308,0.000000,0.000
PNW75082,6004,5824.308,10.601196,428.008
PNW75567,3034,2854.308,22.033221,435.945
PNW74604,2332,2152.308,6.032336,90.000
PNW75894,4888,4708.308,8.946753,292.000
PNW74835,5923,5743.308,3.380214,134.573
PNW75339,2774,2594.308,12.689821,228.207
PNW75484,1247,1067.308,35.007201,259.000
PNW76162,1585,1405.308,0.000000,0.000
PNW74766,1795,1615.308,144.068991,1613.164
PNW75983,3787,3607.308,0.119974,3.000
PNW74524,2938,2758.308,5.020835,96.000
PNW75772,3131,2951.308,0.489851,10.021
PNW75773,3218,3038.308,0.000000,0.000
PNW75288,1715,1535.308,31.147966,331.496
PNW75437,1799,1619.308,0.000000,0.000
PNW75539,5631,5451.308,0.581457,21.972
PNW75540,5523,5343.308,9.340955,345.982
PNW75541,5520,5340.308,9.058589,335.335
PNW76133,2470,2290.308,278.108371,4415.303
PNW76306,1640,1460.308,0.000000,0.000
PNW76307,868,688.391,0.000000,0.000
PNW76104,821,641.452,1.124483,5.000
PNW75061,1608,1428.308,10.603343,104.983
PNW74865,3797,3617.308,0.239284,6.000
PNW75830,4250,4070.308,1.240506,35.001
PNW74626,2539,2359.308,93.872167,1535.232
PNW76283,742,562.517,0.000000,0.000
PNW75810,1528,1348.308,0.000000,0.000
PNW74721,1251,1071.308,1.893200,14.059
PNW74676,1963,1783.308,8.740180,108.044
PNW74971,6893,6713.308,0.816653,38.004
PNW74671,6997,6817.308,0.105805,5.000
PNW74668,4303,4123.308,1.539410,44.000
PNW74484,1938,1758.308,0.167356,2.040
PNW74483,4630,4450.308,21.937797,676.761
PNW75027,1139,959.308,0.000000,0.000
PNW75150,2954,2774.308,57.933922,1114.141
PNW76121,2053,1873.308,0.000000,0.000
PNW75754,1591,1411.308,0.000000,0.000
PNW75755,1515,1335.308,0.000000,0.000
PNW76101,2407,2227.308,5.699671,88.000
PNW74933,2759,2579.308,1.901847,34.004
PNW75647,5162,4982.308,0.202701,7.001
PNW74654,2606,2426.308,0.832395,14.000
PNW74559,5717,5537.308,1.432885,55.000
PNW76005,3195,3015.308,323.043147,6752.192
PNW76004,1621,1441.308,11.210079,112.000
PNW75903,4109,3929.308,1.725557,47.000
PNW75952,2062,1882.308,0.000000,0.000
PNW76028,1106,926.308,9.785222,62.832
PNW74946,2800,2620.308,0.256573,4.660
PNW75031,2075,1895.308,6.621965,87.000
PNW75077,1619,1439.308,7.227328,72.108
PNW74528,2016,1836.308,4.157984,52.927
PNW75982,3742,3562.308,15.962297,394.166
PNW75955,2937,2757.308,0.000000,0.000
PNW75957,1272,1092.308,0.000000,0.000
PNW75956,2876,2696.308,7.108155,132.855
PNW75309,4826,4646.308,2.732261,88.000
PNW74796,2661,2481.308,12.582657,216.424
PNW74797,2181,2001.308,9.916898,137.576
PNW75468,1244,1064.308,103.669455,764.840
PNW74570,5336,5156.308,2.965613,106.000
PNW74677,1640,1460.308,13.435129,136.000
PNW75310,4987,4807.308,0.210060,7.000
PNW74874,1733,1553.308,1.393096,15.000
PNW74639,1233,1053.308,0.136959,1.000
PNW75577,1426,1246.308,5.782043,49.953
PNW75847,1140,960.308,15.172535,101.000
PNW75605,14168,13988.308,0.690975,67.001
PNW74791,1690,1510.308,15.282762,160.000
PNW74792,2436,2256.308,98.100365,1534.340
PNW75869,1139,959.308,2.857215,19.000
PNW74596,4240,4060.308,0.071059,2.000
PNW75219,2463,2283.308,19.981288,316.257
PNW74586,9682,9502.308,0.000000,0.000
PNW74585,5939,5759.308,0.000000,0.000
PNW75148,2284,2104.308,82.591412,1204.750
PNW76321,2855,2675.308,10.383925,192.570
PNW75296,3173,2993.308,12.434140,258.000
PNW74551,4639,4459.308,6.793589,210.000
PNW76021,7601,7421.308,0.816425,42.000
PNW76020,7886,7706.308,0.000000,0.000
PNW75141,9861,9681.308,0.000000,0.000
PNW75140,12316,12136.308,0.106980,9.000
PNW76171,936,756.328,0.000000,0.000
PNW74881,2649,2469.308,9.232831,158.038
PNW75276,2351,2171.308,46.113310,694.065
PNW75599,7669,7489.308,2.952173,153.263
PNW74984,4818,4638.308,105.002934,3376.086
PNW75875,8596,8416.308,0.167582,9.777
PNW75873,3076,2896.308,1.057089,21.223
PNW75874,8766,8586.308,0.000000,0.000
PNW75071,1342,1162.308,86.569028,697.487
PNW75931,2887,2707.308,2.630891,49.373
PNW75928,1323,1143.308,0.000000,0.000
PNW75929,1860,1680.308,7.663497,89.262
PNW75930,1192,1012.308,4.184591,29.364
PNW75469,2259,2079.308,41.557202,598.987
PNW74795,6799,6619.308,0.740992,34.000
PNW75911,2060,1880.308,2.224930,29.000
PNW76019,1849,1669.308,3606.457394,41732.066
PNW75852,1274,1094.308,67.100469,509.000
PNW75883,3745,3565.308,0.687859,17.000
PNW75731,1408,1228.308,31.899257,271.607
PNW74685,4054,3874.308,1.489407,40.000
PNW74720,1411,1231.308,0.117160,1.000
PNW76054,1559,1379.308,25.362879,242.500
PNW74689,2529,2349.308,3.500115,57.000
PNW75987,4552,4372.308,2.837495,86.000
PNW75365,5181,5001.308,0.057689,2.000
PNW75366,6269,6089.308,0.000000,0.000
PNW76267,2446,2266.308,1.082125,17.000
PNW74950,2391,2211.308,16.353031,250.669
PNW74540,3449,3269.308,0.000000,0.000
PNW76033,3687,3507.308,21.593987,525.000
PNW75592,1252,1072.308,10.567415,78.549
PNW75431,1115,935.308,2.305833,14.950
PNW75588,3245,3065.308,0.470623,10.000
PNW75333,3408,3228.308,4.111131,92.000
PNW74687,4397,4217.308,0.273654,8.000
PNW75036,3361,3181.308,32.652147,720.062
PNW75654,1092,912.308,0.000000,0.000
PNW74742,2468,2288.308,0.000000,0.000
PNW76174,1044,864.308,0.500726,3.000
PNW75743,3406,3226.308,1.255417,28.077
PNW75968,3530,3350.308,10.695988,248.404
PNW74871,1167,987.308,0.146115,1.000
PNW76052,1900,1720.308,1593.238728,18999.390
PNW74602,3990,3810.308,4.808416,127.003
PNW74754,5458,5278.308,26.656811,975.339
PNW74503,2751,2571.308,0.504935,9.000
PNW76353,4246,4066.308,5.782755,163.000
PNW75444,2931,2751.308,17.722497,338.000
PNW75609,14131,13951.308,2.037588,197.053
PNW75843,3843,3663.308,52.012487,1320.789
PNW76156,1902,1722.308,33.595760,401.096
PNW74891,4435,4255.308,5.261432,155.198
PNW75368,2131,1951.308,6.802943,92.019
PNW75961,2417,2237.308,117.033017,1815.042
PNW75166,10746,10566.308,8.038578,588.783
PNW75756,912,732.344,0.547901,2.781
PNW75985,6538,6358.308,4.106620,181.000
PNW76263,1813,1633.308,24.695837,279.605
PNW75705,1501,1321.308,0.000000,0.000
PNW74785,2144,1964.308,13.993906,190.547
PNW76006,1361,1181.308,0.636771,5.214
PNW75284,3523,3343.308,9.957898,230.779
PNW75685,1920,1740.308,97.730931,1178.992
PNW75689,1524,1344.308,52.155537,486.017
PNW76175,662,482.585,0.896799,3.000
PNW75946,1642,1462.308,32.654010,331.000
PNW74429,3814,3634.308,215.605755,5431.686
PNW74430,4054,3874.308,0.328040,8.810
PNW74539,740,560.518,0.000000,0.000
PNW74656,3352,3172.308,3.432835,75.488
PNW75393,3836,3656.308,4.781073,121.177
PNW74449,4348,4168.308,4.014631,116.000
PNW74866,1884,1704.308,0.000000,0.000
PNW74857,4652,4472.308,1.064875,33.013
PNW75548,5872,5692.308,0.709606,28.000
PNW75142,2714,2534.308,32.849196,577.081
PNW75719,2884,2704.308,0.213379,4.000
PNW75182,1267,1087.308,0.000000,0.000
PNW75897,15227,15047.308,2.368039,247.002
PNW75511,6438,6258.308,23.439015,1016.831
PNW74462,2449,2269.308,160.354749,2522.481
PNW75783,2230,2050.308,3.312593,47.080
PNW74998,5298,5118.308,1.465630,52.000
PNW75660,1408,1228.308,2.701270,23.000
PNW76249,562,382.794,0.376862,1.000
PNW75590,893,713.363,10.240700,50.640
PNW75591,1022,842.308,1.953991,11.409
PNW75109,1772,1592.308,37.110443,409.615
PNW75889,2945,2765.308,2.608398,50.000
PNW75880,1574,1394.308,0.527549,5.099
PNW75879,1601,1421.308,0.000000,0.000
PNW75394,5515,5335.308,1.894051,70.049
PNW74915,1049,869.308,0.498226,3.002
PNW74937,1530,1350.308,34.648734,324.319
PNW75200,1659,1479.308,2.730529,28.000
PNW75389,4801,4621.308,2.903138,93.000
PNW75693,4175,3995.308,188.414570,5218.159
PNW75491,1104,924.308,79.665927,510.437
PNW75065,2943,2763.308,89.781875,1719.771
PNW74495,645,465.602,5680.999850,18335.490
PNW74650,2049,1869.308,2.255147,29.222
PNW75912,1773,1593.308,111.817546,1234.987
PNW76226,1629,1449.308,3.384275,34.000
PNW75442,611,431.670,0.658147,1.969
PNW74854,4623,4443.308,0.305610,9.413
PNW74855,4722,4542.308,2.660098,83.758
PNW75262,5900,5720.308,3.430079,136.012
PNW76277,3219,3039.308,0.725698,15.289
PNW74453,4253,4073.308,4.675015,132.003
PNW75314,4968,4788.308,0.000000,0.000
PNW75315,5804,5624.308,1.385074,54.000
PNW74825,662,482.585,0.000000,0.000
PNW75617,3917,3737.308,13.279882,344.037
PNW75229,2766,2586.308,9.373395,168.047
PNW76116,6042,5862.308,0.516771,21.000
PNW74493,1102,922.308,0.625650,4.000
PNW74808,2690,2510.308,54.707252,951.973
PNW75501,6002,5822.308,1.338114,54.006
PNW75589,2378,2198.308,0.000000,0.000
PNW74770,1889,1709.308,530.590254,6286.837
PNW75509,3343,3163.308,9.487032,208.029
PNW76293,1607,1427.308,0.000000,0.000
PNW74757,1346,1166.308,5.566044,45.000
PNW74787,2632,2452.308,3.823717,65.000
PNW75938,2071,1891.308,0.076276,1.000
PNW75610,5671,5491.308,4.649914,177.000
PNW75552,4680,4500.308,12.127359,378.321
PNW75839,7005,6825.308,2.657779,125.746
PNW75737,4702,4522.308,4.122993,129.248
PNW75944,7619,7439.308,2.773016,143.000
PNW75891,2596,2416.308,60.898044,1020.019
PNW75826,738,558.521,0.000000,0.000
PNW75570,1282,1102.308,3.010040,23.000
PNW75905,3134,2954.308,12.695944,260.000
PNW74673,3395,3215.308,6.146748,137.000
PNW75586,5627,5447.308,0.609107,23.000
PNW74974,2490,2310.308,9.437222,151.136
PNW75551,3494,3314.308,8.487684,195.000
PNW75713,2130,1950.308,51.423581,695.213
PNW75243,3021,2841.308,1.044114,20.565
PNW75244,3320,3140.308,3.327565,72.435
PNW76183,1756,1576.308,8.968760,98.000
PNW76010,1647,1467.308,0.000000,0.000
PNW76150,2491,2311.308,2.246943,36.000
PNW74716,1688,1508.308,5.356059,56.000
PNW74717,1098,918.308,53.411881,340.000
PNW75146,3216,3036.308,13.474923,283.612
PNW75326,2364,2184.308,64.471907,976.196
PNW74705,9734,9554.308,2.676570,177.268
PNW75800,9570,9390.308,0.020458,1.332
PNW76233,3072,2892.308,0.648405,13.000
PNW76234,3075,2895.308,0.000000,0.000
PNW76235,1926,1746.308,0.000000,0.000
PNW76340,1398,1218.308,47.122970,397.963
PNW74711,10503,10323.308,4.541632,325.000
PNW74426,2798,2618.308,3.691488,67.000
PNW74428,2109,1929.308,0.149666,2.002
PNW75542,1647,1467.308,1.944969,19.783
PNW75907,1526,1346.308,26.145249,244.000
PNW74927,1196,1016.308,14.118708,99.466
PNW74926,903,723.354,3.897693,19.544
PNW75220,1564,1384.308,1.875803,18.000
PNW75503,376,199.798,0.000000,0.000
PNW75887,970,790.315,14.420302,79.000
PNW76089,1680,1500.308,0.000000,0.000
PNW76090,1677,1497.308,2.215971,23.000
PNW76278,3570,3390.308,0.115349,2.711
PNW74708,1558,1378.308,1.151314,11.000
PNW75023,4207,4027.308,4.513393,126.000
PNW75615,2917,2737.308,2.424273,46.000
PNW75130,5457,5277.308,4.155089,152.001
PNW75677,1102,922.308,97.124182,620.949
PNW76001,2946,2766.308,0.000000,0.000
PNW74550,2266,2086.308,0.000000,0.000
PNW74995,2339,2159.308,37.610266,562.955
PNW75412,1384,1204.308,0.000000,0.000
PNW75340,1127,947.308,73.539487,482.908
PNW75656,1294,1114.308,3.107087,24.000
PNW74425,3723,3543.308,27.692187,680.172
PNW74507,2891,2711.308,9.991895,187.793
PNW74661,1792,1612.308,0.000000,0.000
PNW75666,6230,6050.308,5.042722,211.493
PNW76313,2983,2803.308,1.646746,32.000
PNW75342,2703,2523.308,1.543622,27.000
PNW75790,2283,2103.308,17.078271,249.000
PNW74862,4895,4715.308,0.122376,4.000
PNW74939,1104,924.308,100.641804,644.834
PNW75317,2141,1961.308,5.304354,72.116
PNW75681,452,273.586,0.000000,0.000
PNW75053,1342,1162.308,6.585255,53.057
PNW74713,1506,1326.308,32.252637,296.526
PNW75487,2613,2433.308,4.452490,75.102
PNW75821,1859,1679.308,1146.185809,13342.524
PNW75926,1531,1351.308,13.131010,123.000
PNW75845,5381,5201.308,3.967673,143.054
PNW75040,1536,1356.308,0.000000,0.000
PNW75041,1507,1327.308,0.652119,6.000
PNW75336,2787,2607.308,3.362923,60.780
PNW74917,746,566.514,0.000000,0.000
PNW75408,2420,2240.308,0.712859,11.070
PNW75058,2484,2304.308,21.658580,345.958
PNW75202,5893,5713.308,7.293410,288.849
PNW75456,2085,1905.308,15.981514,211.074
PNW74682,1848,1668.308,7.868873,91.000
PNW75192,5723,5543.308,8.445144,324.510
PNW75815,642,462.608,3.585309,11.497
PNW75473,1931,1751.308,1240.763046,15062.740
PNW74982,2830,2650.308,0.000000,0.000
PNW74794,3474,3294.308,19.711264,450.123
PNW75583,819,639.456,4623.754880,20495.460
PNW76273,2468,2288.308,0.000000,0.000
PNW76271,2495,2315.308,2.554598,41.000
PNW76272,2492,2312.308,0.000000,0.000
PNW75234,10085,9905.308,4.447312,305.364
PNW75691,4900,4720.308,44.474679,1455.244
PNW75390,2954,2774.308,0.831980,16.000
PNW75189,2957,2777.308,23.350526,449.545
PNW75316,2614,2434.308,6.992845,118.000
PNW75207,1987,1807.308,3.435412,43.039
PNW75254,3282,3102.308,0.000000,0.000
PNW75255,3653,3473.308,241.792374,5821.548
PNW75256,2568,2388.308,312.271477,5169.818
PNW75253,1889,1709.308,32.006415,379.236
PNW75165,2599,2419.308,60.562466,1015.658
PNW74811,3435,3255.308,0.443155,10.000
PNW74635,4275,4095.308,2.501269,71.007
PNW74824,8720,8540.308,15.853748,938.551
PNW74468,4962,4782.308,2.684726,89.000
PNW75046,611,431.670,1.956119,5.853
PNW75411,1782,1602.308,2.318837,25.755
PNW76050,1645,1465.308,8.663655,88.000
PNW75380,858,678.410,0.000000,0.000
PNW76161,5771,5591.308,4.057953,157.280
PNW75519,6154,5974.308,4.583213,189.806
PNW76323,2521,2341.308,1.001741,16.258
PNW76322,2251,2071.308,1.583915,22.742
PNW75804,2353,2173.308,12.943592,194.997
PNW75580,3463,3283.308,50.246976,1143.600
PNW76220,1008,828.308,0.522488,3.000
PNW76112,8438,8258.308,2.620280,150.000
PNW76113,6678,6498.308,1.642778,74.000
PNW74534,3662,3482.308,5.499438,132.751
PNW74535,3461,3281.308,2.254005,51.269
PNW76295,1061,881.308,12.604056,77.000
PNW75271,1507,1327.308,7.416676,68.239
PNW75913,2263,2083.308,6.578359,95.000
PNW76124,4614,4434.308,1.041050,32.000
PNW76123,4638,4458.308,0.000000,0.000
PNW75627,1930,1750.308,13.120320,159.188
PNW76041,6067,5887.308,0.612591,25.000
PNW75763,4780,4600.308,5.331017,170.000
PNW75510,3038,2858.308,29.010671,574.803
PNW74618,1527,1347.308,101.264202,945.748
PNW74699,3035,2855.308,18.796322,372.030
PNW74903,2165,1985.308,5.813123,80.000
PNW74976,7475,7295.308,0.217521,11.000
PNW75320,5183,5003.308,14.467650,501.774
PNW76199,1419,1239.308,94.195116,809.208
PNW76218,9821,9641.308,2.558631,171.000
PNW74513,3519,3339.308,1.179064,27.293
PNW75249,1451,1271.308,56.269530,495.880
PNW75250,1618,1438.308,1.342704,13.387
PNW75777,1597,1417.308,29.958036,294.327
PNW75849,974,794.315,7.264655,40.000
PNW75838,2331,2151.308,2.346999,35.000
PNW75445,3566,3386.308,1.025529,24.073
PNW74821,1210,1030.308,2.100253,15.000
PNW76330,7225,7045.308,0.785573,38.365
PNW75034,1897,1717.308,16.727499,199.128
PNW74472,4156,3976.308,0.000000,0.000
PNW75026,2062,1882.308,2.529127,33.000
PNW75486,1678,1498.308,0.673976,7.000
PNW75608,2156,1976.308,19.424859,266.112
PNW75732,2693,2513.308,0.918378,16.000
PNW74431,1747,1567.308,14.142039,153.645
PNW75796,2853,2673.308,6.745411,125.000
PNW76303,2788,2608.308,19.469538,352.020
PNW74455,2558,2378.308,3.518093,58.000
PNW74638,4798,4618.308,22.520273,720.957
PNW74561,2323,2143.308,31.226412,463.937
PNW75377,1750,1570.308,0.000000,0.000
PNW75376,1501,1321.308,1.419341,13.000
PNW75460,1376,1196.308,12.903379,107.004
PNW75877,2176,1996.308,1.422331,19.683
PNW74925,1055,875.308,2867.741488,17400.174
PNW74545,12132,11952.308,4.876739,404.049
PNW74776,20307,20127.308,0.207855,29.000
PNW76094,12727,12547.308,1.264706,110.000
PNW76360,1072,892.308,1.616712,10.000
PNW75083,1889,1709.308,250.975241,2973.746
PNW75084,2176,1996.308,83.747253,1158.913
PNW75459,2118,1938.308,7.520753,101.050
PNW75914,1470,1290.308,130.854440,1170.400
PNW75834,1271,1091.308,14.666284,110.948
PNW75112,2742,2562.308,4.076776,72.410
PNW75553,1825,1645.308,6.377854,72.740
PNW75741,1784,1604.308,4.872528,54.187
PNW74481,5066,4886.308,0.088570,3.000
PNW74573,968,788.315,645.598880,3527.890
PNW74572,3737,3557.308,0.084974,2.095
PNW74895,1726,1546.308,0.307424,3.295
PNW75232,2375,2195.308,3.548507,54.000
PNW75387,2143,1963.308,0.808261,11.000
PNW74644,4723,4543.308,9.489270,298.853
PNW76128,2419,2239.308,3.092252,48.000
PNW74655,3142,2962.308,38.658909,793.839
PNW74530,5695,5515.308,1.569405,60.001
PNW76264,5185,5005.308,0.489966,17.000
PNW76301,7070,6890.308,4.731701,226.000
PNW76193,2409,2229.308,2.899451,44.806
PNW76203,1235,1055.308,0.000000,0.000
PNW76204,2226,2046.308,0.000000,0.000
PNW75934,2358,2178.308,5.827883,88.000
PNW76358,1155,975.308,2.132567,14.418
PNW76359,2277,2097.308,2.889202,42.004
PNW76309,3190,3010.308,0.047922,1.000
PNW75759,2041,1861.308,0.000000,0.000
PNW75223,3072,2892.308,4.246848,85.146
PNW75841,1984,1804.308,24.283654,303.723
PNW75823,1800,1620.308,0.267098,3.000
PNW75545,1574,1394.308,17.076526,165.048
PNW74519,2191,2011.308,20.374894,284.071
PNW75789,7645,7465.308,2.106329,109.000
PNW75652,1899,1719.308,6.712491,80.000
PNW75633,3963,3783.308,133.737350,3507.333
PNW75561,2395,2215.308,2.798602,42.976
PNW75117,3283,3103.308,8.972351,193.012
PNW74722,1252,1072.308,6.245168,46.421
PNW74962,2672,2492.308,5.961625,102.996
PNW75438,2090,1910.308,0.237013,3.139
PNW75359,2233,2053.308,449.952296,6404.322
PNW75433,673,493.577,1.240748,4.245
PNW75332,2381,2201.308,13.769002,210.105
PNW74767,2345,2165.308,5.263260,79.000
PNW74988,1311,1131.308,7.262988,56.957
PNW75070,5782,5602.308,4.326032,168.000
PNW75378,2264,2084.308,32.748149,473.153
PNW74704,2393,2213.308,10.148645,155.705
PNW74445,802,622.476,95.497525,412.066
PNW75088,2193,2013.308,10.461673,146.004
PNW75593,3281,3101.308,0.000000,0.000
PNW74691,2100,1920.308,0.751236,10.000
PNW76352,2074,1894.308,25.359521,333.000
PNW75198,3580,3400.308,1.714798,40.419
PNW74569,2549,2369.308,241.492211,3966.224
PNW74608,2857,2677.308,0.215531,4.000
PNW75145,2814,2634.308,8.323854,152.000
PNW76120,1386,1206.308,9.925839,83.000
PNW75595,2769,2589.308,14.210064,255.054
PNW76048,2297,2117.308,218.773455,3210.933
PNW76078,512,333.012,0.000000,0.000
PNW75291,2540,2360.308,0.733432,12.000
PNW75478,5832,5652.308,15.205219,595.760
PNW75664,3275,3095.308,75.253616,1614.670
PNW75176,4052,3872.308,1.790093,48.051
PNW76247,1045,865.308,38.213852,229.216
PNW75679,8538,8358.308,14.022524,812.451
PNW75816,3924,3744.308,4.392153,113.999
PNW74850,3774,3594.308,2.105922,52.470
PNW76227,2144,1964.308,11.507816,156.695
PNW75319,4880,4700.308,3.990487,130.018
PNW75794,2868,2688.308,3.221012,60.024
PNW75793,2883,2703.308,8.445759,158.266
PNW75795,2874,2694.308,15.894443,296.856
PNW75251,2460,2280.308,212.057394,3351.965
PNW74663,4185,4005.308,2.203604,61.182
PNW75158,5212,5032.308,7.319644,255.335
PNW76285,2637,2457.308,1.494903,25.464
PNW76286,2631,2451.308,11.448529,194.536
PNW76144,2322,2142.308,122.945877,1825.780
PNW75245,1575,1395.308,19.552787,189.117
PNW76169,5394,5214.308,0.663991,24.000
PNW76297,2418,2238.308,0.322253,5.000
PNW76298,657,477.590,0.000000,0.000
PNW75569,5933,5753.308,1.028049,41.000
PNW75568,4956,4776.308,0.000000,0.000
PNW75978,1313,1133.308,7.128324,56.000
PNW74577,5526,5346.308,0.963628,35.712
PNW74931,1735,1555.308,14.712179,158.616
PNW74669,1792,1612.308,0.178949,2.000
PNW75203,1879,1699.308,38.062308,448.353
PNW75105,3136,2956.308,0.049329,1.011
PNW75204,1614,1434.308,62.162721,618.052
PNW74816,736,556.521,0.518437,2.000
PNW74509,4313,4133.308,1.851133,53.038
PNW74989,1637,1457.308,0.197982,2.000
PNW75496,5482,5302.308,20.686709,760.342
PNW75868,1540,1360.308,121.934042,1149.780
PNW75900,2824,2644.308,3.600637,66.000
PNW75195,2889,2709.308,0.053246,1.000
PNW75616,3551,3371.308,2.396556,56.007
PNW75932,2064,1884.308,525.321828,6861.672
PNW75643,4140,3960.308,6.404049,175.807
PNW74485,2558,2378.308,4.245974,70.000
PNW75028,1929,1749.308,34.407404,417.225
PNW75029,1820,1640.308,11.913728,135.465
PNW75628,737,557.521,0.000000,0.000
PNW75003,3813,3633.308,10.825203,272.641
PNW75472,2539,2359.308,5.137664,84.024
PNW75357,1904,1724.308,5.766654,68.927
PNW75536,2086,1906.308,6.281053,83.000
PNW75009,3422,3242.308,6.584986,148.000
PNW74517,3424,3244.308,2.223373,50.002
PNW76148,1918,1738.308,37.147190,447.616
PNW74814,8378,8198.308,1.020590,58.000
PNW74733,3706,3526.308,30.202030,738.259
PNW75322,2331,2151.308,63.150556,941.743
PNW74434,2546,2366.308,0.591472,9.702
PNW74435,2495,2315.308,6.456776,103.628
PNW75208,5380,5200.308,4.027457,145.182
PNW75283,1444,1264.308,2571.030354,22532.673
PNW75441,2027,1847.308,0.000000,0.000
PNW74746,2835,2655.308,187.293635,3447.391
PNW74823,312,140.700,0.000000,0.000
PNW75564,1952,1772.308,6.512467,80.009
PNW75086,2611,2431.308,13.350267,225.000
PNW74846,5433,5253.308,0.108722,3.959
PNW74994,2898,2718.308,12.582361,237.090
PNW75771,1400,1220.308,13.122026,111.000
PNW74859,3018,2838.308,70.023065,1377.695
PNW75878,1186,1006.308,1.361732,9.499
PNW74549,2020,1840.308,46.845396,597.599
PNW75328,1949,1769.308,0.750365,9.203
PNW75919,15059,14879.308,0.281166,29.000
PNW75822,9139,8959.308,0.225424,14.000
PNW74636,7181,7001.308,8.795647,426.874
PNW75111,585,405.733,5.901444,16.598
PNW74712,1286,1106.308,283.177773,2171.640
PNW76081,2246,2066.308,2.443545,35.000
PNW76082,1566,1386.308,0.000000,0.000
PNW75132,2391,2211.308,48.268693,739.890
PNW75622,3732,3552.308,2.599063,64.000
PNW75818,6734,6554.308,0.644977,29.304
PNW75525,946,766.324,0.000000,0.000
PNW75812,1517,1337.308,0.000000,0.000
PNW74605,2283,2103.308,22.299753,325.129
PNW74679,2379,2199.308,5.837829,89.000
PNW76118,1446,1266.308,1.594910,14.000
PNW76208,691,511.561,0.000000,0.000
PNW76207,1063,883.308,0.000000,0.000
PNW74444,14729,14549.308,16.148628,1628.660
PNW74765,1705,1525.308,66.109536,698.995
PNW75650,5239,5059.308,4.366665,153.142
PNW76290,1212,1032.308,0.698728,5.000
PNW74703,1957,1777.308,0.000000,0.000
PNW74900,4769,4589.308,73.526686,2339.078
PNW75706,2380,2200.308,46.838631,714.398
PNW76137,1037,857.308,14.236818,84.606
PNW76355,1757,1577.308,4.207157,46.000
PNW74568,8273,8093.308,0.962532,54.000
PNW74880,784,604.488,0.000000,0.000
PNW74997,1710,1530.308,294.276268,3121.668
PNW74960,9701,9521.308,3.394013,224.008
PNW74970,7890,7710.308,0.673563,36.000
PNW75078,1842,1662.308,1.166994,13.447
PNW76219,5950,5770.308,0.600012,24.000
PNW74873,3374,3194.308,4.585321,101.531
PNW74964,1611,1431.308,2.386201,23.675
PNW74963,2237,2057.308,4.791007,68.325
PNW74527,2954,2774.308,3.943261,75.834
PNW74555,4772,4592.308,0.816751,26.000
PNW74521,4771,4591.308,0.125681,4.000
PNW76188,612,432.667,0.000000,0.000
PNW76189,602,422.689,0.000000,0.000
PNW76187,758,578.504,0.000000,0.000
PNW75672,3229,3049.308,3.067305,64.835
PNW76117,1816,1636.308,8.904381,101.000
PNW75532,2450,2270.308,5.212073,82.025
PNW74843,3863,3683.308,1.920600,49.037
PNW75305,3549,3369.308,0.042816,1.000
PNW76329,2301,2121.308,6.188495,91.000
PNW74479,1751,1571.308,0.101587,1.107
PNW75538,1462,1282.308,5.850034,52.000
PNW75224,1146,966.308,0.000000,0.000
PNW75093,3026,2846.308,1.115034,22.000
PNW74464,1935,1755.308,749.406725,9118.502
PNW75168,1906,1726.308,0.000000,0.000
PNW75169,1930,1750.308,15.577391,189.000
PNW74727,6709,6529.308,8.152798,369.000
PNW75418,2496,2316.308,1.366045,21.934
PNW74869,1873,1693.308,0.000000,0.000
PNW74957,1702,1522.308,0.000000,0.000
PNW75463,2761,2581.308,9.245432,165.432
PNW74918,532,352.903,0.000000,0.000
PNW75116,2152,1972.308,846.601204,11574.606
PNW74844,3184,3004.308,0.000000,0.000
PNW74845,3014,2834.308,8.349864,164.051
PNW76350,2546,2366.308,8.108262,133.000
PNW74836,1988,1808.308,9.198263,115.300
PNW74801,2396,2216.308,11.746222,180.460
PNW75446,990,810.312,118.929232,668.026
PNW75039,926,746.331,10.053080,52.010
PNW75514,2212,2032.308,0.497145,7.004
PNW75762,976,796.314,4.710171,26.000
PNW75246,1882,1702.308,18.180687,214.536
PNW74990,1377,1197.308,0.000000,0.000
PNW74775,1325,1145.308,459.024984,3644.276
PNW75904,4937,4757.308,0.667128,22.000
PNW75321,4821,4641.308,4.848846,156.002
PNW75098,1635,1455.308,16.653674,168.003
PNW76239,2733,2553.308,0.960491,17.000
PNW75964,5469,5289.308,6.019639,220.710
PNW75963,4512,4332.308,0.475842,14.290
PNW74875,6473,6293.308,3.438426,150.000
PNW74876,6485,6305.308,0.000000,0.000
PNW74698,1942,1762.308,9.086331,111.000
PNW75435,2506,2326.308,0.000000,0.000
PNW75047,1386,1206.308,20.297146,169.725
PNW74878,5530,5350.308,3.347213,124.141
PNW75765,1715,1535.308,831.937177,8853.982
PNW75235,2793,2613.308,7.286698,132.000
PNW74934,2210,2030.308,7.744858,109.000
PNW75799,408,230.552,10.011505,16.000
PNW76349,1966,1786.308,28.104140,348.000
PNW74601,1101,921.308,10.960145,69.996
PNW75601,3758,3578.308,6.652025,165.000
PNW75434,1205,1025.308,0.000000,0.000
PNW76060,4095,3915.308,30.310692,822.649
PNW74627,2044,1864.308,42.777106,552.817
PNW75778,1129,949.308,2803.073288,18445.663
PNW76039,1649,1469.308,5.498226,56.000
PNW75925,3992,3812.308,0.302726,8.000
PNW75600,7571,7391.308,1.385761,71.001
PNW76055,4325,4145.308,1.774847,51.000
PNW74961,2307,2127.308,3.526408,52.001
PNW74737,4441,4261.308,4.130199,122.002
PNW75274,3049,2869.308,3.721213,74.014
PNW75579,17580,17400.308,1.716900,207.088
PNW76345,3205,3025.308,0.429161,9.000
PNW74454,868,688.391,127.123246,606.614
PNW74738,2023,1843.308,0.000000,0.000
PNW75523,1699,1519.308,16.427470,173.009
PNW75361,2064,1884.308,30.653364,400.389
PNW76017,2109,1929.308,0.598185,8.000
PNW75562,1156,976.308,1.625373,11.000
PNW76139,1828,1648.308,14.596550,166.779
PNW75298,1925,1745.308,8.844226,107.000
PNW74670,3463,3283.308,6.283713,143.015
PNW74477,2238,2058.308,11.176745,159.470
PNW75997,2217,2037.308,47.841645,675.640
PNW75637,579,399.745,0.000000,0.000
PNW75863,6488,6308.308,1.280627,56.000
PNW75717,1213,1033.308,16.213276,116.132
PNW75840,2232,2052.308,40.358627,574.158
PNW74611,1601,1421.308,0.913486,9.000
PNW74707,2413,2233.308,194.721971,3014.506
PNW75881,1846,1666.308,3.157111,36.467
PNW74858,4218,4038.308,1.691519,47.351
PNW76224,1852,1672.308,26.138085,303.000
PNW75364,4482,4302.308,3.251082,96.958
PNW74547,765,585.500,132.498365,537.762
PNW75063,1218,1038.308,45.571675,328.000
PNW75623,2158,1978.308,33.468427,458.967
PNW76025,2011,1831.308,8.507720,108.001
PNW74706,1208,1028.308,2542.966399,18126.606
PNW75215,6665,6485.308,5.657504,254.336
PNW76099,1266,1086.308,11.288278,85.003
PNW74469,3286,3106.308,20.736837,446.519
PNW74470,1665,1485.308,12.889950,132.715
PNW74728,1196,1016.308,2771.009396,19521.627
PNW75975,11279,11099.308,2.664437,205.000
PNW76008,5144,4964.308,0.087633,3.016
PNW75428,779,599.490,0.000000,0.000
PNW74606,1870,1690.308,9.985445,117.000
PNW74799,1889,1709.308,31.131756,368.873
PNW75396,4531,4351.308,1.425595,43.000
PNW75139,2213,2033.308,0.000000,0.000
PNW75572,2022,1842.308,137.764250,1759.346
PNW75180,3669,3489.308,7.686262,185.912
PNW74729,1139,959.308,30.527083,203.000
PNW75417,2580,2400.308,0.404013,6.722
PNW75462,1347,1167.308,17.436719,141.092
PNW75373,2000,1820.308,19.496515,246.011
PNW76132,2050,1870.308,4.091537,53.046
PNW75994,1008,828.308,44.894506,257.773
PNW75216,1350,1170.308,0.246534,2.000
PNW75803,1153,973.308,2.964333,20.000
PNW74898,922,742.336,0.000000,0.000
PNW75915,936,756.328,0.000000,0.000
PNW75629,1306,1126.308,88.168569,688.373
PNW75718,4357,4177.308,1.464358,42.403
PNW75678,2703,2523.308,96.146669,1681.733
PNW76155,1891,1711.308,0.000000,0.000
PNW75177,2170,1990.308,5.146218,71.000
PNW75560,1384,1204.308,229.405831,1915.114
PNW76292,1825,1645.308,36.028112,410.905
PNW75475,3841,3661.308,5.201015,132.001
PNW74806,1110,930.308,47.139109,303.991
PNW75452,3880,3700.308,89.804510,2303.502
PNW74761,1726,1546.308,61.279156,656.843
PNW76109,1181,1001.308,32.563368,226.021
PNW75831,1269,1089.308,1092.338896,8248.230
PNW74803,3027,2847.308,7.802499,154.000
PNW75001,4588,4408.308,3.637149,111.144
PNW75131,6079,5899.308,13.699254,560.210
PNW74683,1186,1006.308,3.727261,26.000
PNW75397,1415,1235.308,0.817467,7.000
PNW75299,1856,1676.308,1025.907247,11921.050
PNW75744,192,47.678,61.846270,20.440
PNW75745,1688,1508.308,1.417127,14.817
PNW74715,3314,3134.308,3.820180,83.000
PNW74438,2340,2160.308,146.196947,2189.306
PNW75651,3634,3454.308,5.387361,129.000
PNW74474,595,415.707,0.000000,0.000
PNW74920,3958,3778.308,0.419994,11.000
PNW75784,8576,8396.308,5.085706,296.000
PNW74804,2118,1938.308,24.201687,325.178
PNW76130,3451,3271.308,2.467819,55.961
PNW76129,3439,3259.308,12.932280,292.182
PNW74954,2044,1864.308,17.322988,223.869
PNW75942,8468,8288.308,2.732633,157.000
PNW75714,1671,1491.308,23.678768,244.782
PNW76259,4397,4217.308,1.676132,49.000
PNW76016,2210,2030.308,0.994749,14.000
PNW75566,2398,2218.308,10.006340,153.868
PNW75521,4492,4312.308,21.778816,651.023
PNW74581,14827,14647.308,0.000000,0.000
PNW75466,1345,1165.308,11.636824,94.000
PNW76038,5066,4886.308,0.679039,23.000
PNW76136,1363,1183.308,116.299473,953.956
PNW76186,1998,1818.308,0.000000,0.000
PNW74897,756,576.505,0.000000,0.000
PNW75606,2890,2710.308,139.273278,2616.610
PNW75481,3470,3290.308,15.389838,351.013
PNW76282,3657,3477.308,0.290404,7.000
PNW74486,993,813.311,740.209889,4173.149
PNW75724,2379,2199.308,11.466495,174.811
PNW75193,3385,3205.308,0.000000,0.000
PNW75194,237,78.754,0.000000,0.000
PNW76096,8189,8009.308,10.917704,606.148
PNW74818,2985,2805.308,7.302225,142.000
PNW75101,10777,10597.308,1.837749,135.000
PNW76347,2164,1984.308,0.218102,3.000
PNW74747,1498,1318.308,25.092037,229.301
PNW75419,1056,876.308,9.269978,56.310
PNW75313,2692,2512.308,1.148430,20.000
PNW74772,3147,2967.308,13.233875,272.209
PNW75080,2368,2188.308,13.320775,202.065
PNW76103,3162,2982.308,6.147680,127.091
PNW75350,1664,1484.308,6.803328,70.000
PNW75534,2312,2132.308,1873.959247,27698.909
PNW75535,2563,2383.308,43.933581,725.821
PNW75210,1419,1239.308,83.280333,715.442
PNW74817,9560,9380.308,0.107660,7.000
PNW75901,2367,2187.308,4.682695,71.000
PNW75465,2122,1942.308,4.604908,62.000
PNW75227,1261,1081.308,0.000000,0.000
PNW75882,4712,4532.308,0.318294,10.000
PNW76023,1852,1672.308,6.642352,77.000
PNW75259,4906,4726.308,0.490302,16.063
PNW75945,5145,4965.308,4.911726,169.057
PNW74901,3981,3801.308,2.011362,53.000
PNW75157,2138,1958.308,45.140311,612.771
PNW76276,2475,2295.308,21.809009,347.000
PNW76194,3192,3012.308,10.143669,211.810
PNW76015,2049,1869.308,17.589893,227.927
PNW74956,3854,3674.308,9.619394,245.006
PNW75439,1080,900.308,0.000000,0.000
PNW74651,2681,2501.308,6.920883,120.000
PNW74582,1750,1570.308,1.172131,12.759
PNW75659,2372,2192.308,3.685057,56.001
PNW74930,2013,1833.308,6.376167,81.030
PNW74447,602,422.689,0.000000,0.000
PNW75405,1388,1208.308,0.000000,0.000
PNW75406,1152,972.308,0.000000,0.000
PNW75143,552,372.829,5613.362857,14507.258
PNW74563,783,603.488,89.140038,372.902
PNW75544,1646,1466.308,6.788460,69.000
PNW76341,4806,4626.308,1.777414,57.000
PNW74861,1415,1235.308,8.641792,74.000
PNW76217,1545,1365.308,86.257703,816.359
PNW76215,1530,1350.308,0.000000,0.000
PNW76216,1149,969.308,0.000000,0.000
PNW75423,1665,1485.308,4.733207,48.733
PNW74890,1385,1205.308,246.408666,2058.764
PNW74463,962,782.319,0.000000,0.000
PNW76328,2511,2331.308,13.737745,222.008
PNW74562,2473,2293.308,3.082344,49.000
PNW74590,3677,3497.308,3.882469,94.123
PNW75842,3443,3263.308,0.707343,16.001
PNW76154,3786,3606.308,10.965336,274.118
PNW76190,3487,3307.308,0.000000,0.000
PNW75927,878,698.378,2.065652,10.000
PNW75294,1743,1563.308,17.163892,186.000
PNW75385,923,743.335,2.328864,12.000
PNW76022,1183,1003.308,49.605864,345.001
PNW75124,1740,1560.308,20.930774,226.385
PNW74694,2094,1914.308,0.000000,0.000
PNW74695,2009,1829.308,20.346257,258.003
PNW76071,2418,2238.308,29.160633,452.449
PNW75620,1083,903.308,86.592620,542.212
PNW75621,2890,2710.308,0.372586,7.000
PNW74889,2425,2245.308,12.335956,192.000
PNW75010,2780,2600.308,2.607477,47.000
PNW75285,1057,877.308,627.027724,3813.217
PNW75273,8987,8807.308,2.768293,169.008
PNW75388,4723,4543.308,3.111726,98.000
PNW74648,7541,7361.308,7.354291,375.274
PNW74497,3744,3564.308,11.615601,286.992
PNW74578,4295,4115.308,0.315496,9.000
PNW76115,2798,2618.308,3.691488,67.000
PNW76024,1189,1009.308,18.293499,127.989
PNW76086,1322,1142.308,1.641752,13.000
PNW74557,3485,3305.308,19.239903,440.826
PNW75230,8903,8723.308,2.558663,154.720
PNW75923,874,694.383,114.763360,552.402
PNW76201,3200,3020.308,113.262630,2371.322
PNW74916,648,468.599,0.000000,0.000
PNW75898,1558,1378.308,60.600982,579.000
PNW74459,3314,3134.308,25.775539,560.018
PNW75674,1945,1765.308,1.272767,15.575
PNW75872,3650,3470.308,2.661942,64.035
PNW75137,12472,12292.308,1.550085,132.081
PNW76181,2649,2469.308,2.804229,48.000
PNW76254,3867,3687.308,2.151794,55.000
PNW75115,2379,2199.308,25.228329,384.616
PNW75426,1816,1636.308,3.139408,35.609
PNW74951,1242,1062.308,5.703562,42.000
PNW75344,2447,2267.308,68.446619,1075.759
PNW75330,4954,4774.308,1.450368,48.000
PNW74929,2994,2814.308,13.245993,258.410
PNW75782,2263,2083.308,0.900196,13.000
PNW75979,730,550.525,0.262041,1.000
PNW76014,1840,1660.308,10.990896,126.495
PNW74851,3113,2933.308,0.934423,19.000
PNW75522,5592,5412.308,12.210450,458.107
PNW76153,1833,1653.308,0.785301,9.000
PNW76270,1349,1169.308,0.000000,0.000
PNW74632,19971,19791.308,1.188121,163.000
PNW76049,2273,2093.308,12.058696,174.979
PNW74924,6101,5921.308,6.981347,286.556
PNW74940,3347,3167.308,24.731290,542.987
PNW76255,1260,1080.308,19.955595,149.439
PNW75042,1711,1531.308,18.575737,197.179
PNW75043,807,627.469,10.180156,44.279
PNW76318,931,751.329,2.112077,11.000
PNW74515,1847,1667.308,0.000000,0.000
PNW75006,1805,1625.308,269.100382,3031.814
PNW75007,1218,1038.308,34.273805,246.684
PNW75716,1842,1662.308,16.491128,190.027
PNW74533,1272,1092.308,134.837921,1020.963
PNW74620,1751,1571.308,155.053055,1688.862
PNW76257,4824,4644.308,9.478065,305.136
PNW76294,1432,1252.308,18.245345,158.386
PNW76068,2425,2245.308,33.628454,523.402
PNW75785,4265,4085.308,0.211885,6.000
PNW75786,6199,6019.308,2.325693,97.040
PNW76269,2814,2634.308,28.138247,513.826
PNW76339,4364,4184.308,0.715036,20.740
PNW76338,3641,3461.308,5.887448,141.260
PNW74750,3163,2983.308,8.035551,166.175
PNW76236,817,637.458,3.105835,13.724
PNW76357,4521,4341.308,2.292894,69.001
PNW75888,1811,1631.308,8.577943,97.000
PNW75851,1329,1149.308,19.974662,159.136
PNW74520,5391,5211.308,2.159212,78.000
PNW75164,1948,1768.308,0.000000,0.000
PNW74718,3864,3684.308,193.565902,4943.532
PNW75565,2184,2004.308,55.447760,770.373
PNW76268,4369,4189.308,3.443540,100.000
PNW74928,1638,1458.308,9.892319,100.000
PNW74730,2326,2146.308,1.411480,21.000
PNW75261,2871,2691.308,80.340858,1498.830
PNW74908,2068,1888.308,0.381983,5.000
PNW76043,4666,4486.308,0.321557,10.000
PNW75461,1977,1797.308,17.176658,214.000
PNW74693,1689,1509.308,3.345319,35.000
PNW74609,1783,1603.308,112.410167,1249.324
PNW75769,1688,1508.308,1.918985,20.064
PNW75770,846,666.420,1.068534,4.936
PNW74488,3065,2885.308,27.296631,545.951
PNW75024,3536,3356.308,0.386839,9.000
PNW75686,2068,1888.308,2.291901,30.000
PNW76198,1419,1239.308,3.026483,26.000
PNW75701,963,783.318,794.078209,4311.753
PNW75127,3194,3014.308,5.647365,118.001
PNW75722,992,812.311,0.000000,0.000
PNW75308,4497,4317.308,4.076564,122.000
PNW74768,6255,6075.308,0.349133,14.703
PNW75734,1796,1616.308,7.686564,86.121
PNW76083,4329,4149.308,5.180337,149.000
PNW75304,4116,3936.308,11.321849,308.929
PNW75051,5121,4941.308,3.970493,136.000
PNW75558,1962,1782.308,28.230247,348.779
PNW75228,5153,4973.308,10.727427,369.823
PNW75696,2122,1942.308,1.107524,14.912
PNW76202,2417,2237.308,63.990815,992.421
PNW75136,3485,3305.308,74.955901,1717.396
PNW75631,1430,1250.308,72.436041,627.804
PNW75190,1912,1732.308,4.580206,55.000
PNW74840,6327,6147.308,5.585209,238.000
PNW74514,1860,1680.308,18.030027,210.009
PNW74433,445,266.693,763.409075,1411.306
PNW76197,3605,3425.308,2.737544,65.000
PNW74615,3687,3507.308,1.028285,25.000
PNW74856,1924,1744.308,164.733330,1991.853
PNW75398,11090,10910.308,2.776705,210.000
PNW76053,3068,2888.308,8.061289,161.399
PNW76320,2418,2238.308,0.837859,13.000
PNW74786,2777,2597.308,3.443624,62.000
PNW76152,1805,1625.308,2.175213,24.507
PNW74758,1153,973.308,115.456522,778.971
PNW75733,4524,4344.308,9.267167,279.074
PNW75135,2979,2799.308,13.948601,270.666
PNW74574,1770,1590.308,6.555448,72.266
PNW76093,4142,3962.308,16.275158,447.019
PNW75263,2149,1969.308,0.439526,6.000
PNW75297,4560,4380.308,2.863994,86.962
PNW76046,3647,3467.308,1.372995,33.000
PNW76192,1618,1438.308,0.000000,0.000
PNW74480,1732,1552.308,0.111592,1.201
PNW75055,2505,2325.308,3231.439213,52086.965
PNW75699,3593,3413.308,2.028952,48.006
PNW75936,2410,2230.308,1.432180,22.142
PNW75242,2191,2011.308,0.788972,11.000
PNW74518,3575,3395.308,22.151346,521.353
PNW74603,7352,7172.308,0.422384,21.000
PNW75529,2251,2071.308,0.000000,0.000
PNW76126,3394,3214.308,2.827486,63.000
PNW75639,1671,1491.308,1.257549,13.000
PNW75658,2190,2010.308,17.154207,239.048
PNW75766,2030,1850.308,30.985921,397.430
PNW75362,8368,8188.308,0.105707,6.000
PNW76348,7408,7228.308,0.200086,10.025
PNW74894,4169,3989.308,25.371784,701.619
PNW75225,3356,3176.308,1.260858,27.761
PNW75226,2033,1853.308,6.394661,82.152
PNW75016,890,710.365,25.737817,126.738
PNW76059,3071,2891.308,6.486431,130.003
PNW75008,3689,3509.308,10.279450,250.060
PNW75988,2606,2426.308,0.297284,5.000
PNW74764,2692,2512.308,14.019794,244.156
PNW75343,1281,1101.308,0.130990,1.000
PNW74781,2350,2170.308,20.478561,308.087
PNW75032,2451,2271.308,4.446000,70.000
PNW74491,1835,1655.308,1.307254,15.000
PNW74860,2166,1986.308,5.374399,74.000
PNW75212,3066,2886.308,3.199411,64.013
PNW75935,5171,4991.308,8.584275,297.010
PNW75120,12820,12640.308,1.563545,137.000
PNW75110,844,664.420,0.393134,1.811
PNW75582,1755,1575.308,12.637496,138.000
PNW75805,1208,1028.308,144.643690,1031.040
PNW74991,2540,2360.308,3.544922,58.000
PNW74944,3108,2928.308,26.610786,540.166
PNW76214,2064,1884.308,4.566704,59.650
PNW75638,1152,972.308,0.000000,0.000
PNW75950,3885,3705.308,3.056946,78.517
PNW76237,3651,3471.308,2.498660,60.125
PNW76238,4152,3972.308,9.839332,270.932
PNW75424,1498,1318.308,0.210737,1.926
PNW75363,5804,5624.308,0.307794,12.000
PNW75427,2041,1861.308,9.423096,121.581
PNW75152,7321,7141.308,4.445312,220.056
PNW74879,1506,1326.308,0.120873,1.111
PNW75372,1442,1262.308,31.334292,274.181
PNW76151,1674,1494.308,0.000000,0.000
PNW74443,1776,1596.308,152.892772,1691.828
PNW74652,3394,3214.308,2.647963,59.000
PNW74788,10643,10463.308,1.944006,141.000
PNW74993,5508,5328.308,32.230904,1190.459
PNW75375,2743,2563.308,9.004645,160.000
PNW75399,2070,1890.308,14.470868,189.618
PNW75004,1287,1107.308,23.114897,177.424
PNW74949,3239,3059.308,1.839030,39.000
PNW74941,2077,1897.308,30.735047,404.226
PNW76213,1440,1260.308,102.237495,893.181
PNW76002,3432,3252.308,0.044356,1.000
PNW74741,4124,3944.308,55.366921,1513.818
PNW76342,1505,1325.308,28.629132,263.013
PNW74815,957,777.321,0.000000,0.000
PNW74690,1603,1423.308,0.202712,2.000
PNW75155,622,442.639,0.000000,0.000
PNW75890,1362,1182.308,5.002655,41.000
PNW75268,2725,2545.308,75.441245,1331.073
PNW75725,1529,1349.308,4.276577,40.000
PNW74887,2870,2690.308,72.756655,1356.836
PNW75614,1852,1672.308,8.885241,103.000
PNW75410,2195,2015.308,1.210725,16.914
PNW75976,2923,2743.308,4.259493,81.000
PNW75054,5093,4913.308,23.631632,804.860
PNW75100,2057,1877.308,15.062901,196.018
PNW76145,927,747.331,12.547238,65.000
PNW76134,4002,3822.308,7.699392,204.002
PNW74778,1419,1239.308,64.720996,556.003
PNW74637,2811,2631.308,6.578956,120.000
PNW74812,1724,1544.308,2835.068282,30349.396
PNW74809,1467,1287.308,21.740355,194.000
PNW75853,4167,3987.308,0.687419,19.000
PNW75000,2253,2073.308,100.470007,1443.952
PNW75896,2521,2341.308,0.000000,0.000
PNW75703,1639,1459.308,28.572127,289.029
PNW75764,4013,3833.308,12.817085,340.577
PNW76332,3649,3469.308,9.481579,228.022
PNW75035,1691,1511.308,1.527733,16.005
PNW74743,896,716.360,0.604140,3.000
PNW74972,2907,2727.308,0.581843,11.000
PNW76180,2106,1926.308,0.823786,11.000
PNW76157,1866,1686.308,2.483237,29.027
PNW76158,2077,1897.308,0.000000,0.000
PNW75237,3640,3460.308,0.583661,14.000
PNW75201,3069,2889.308,3.544965,71.000
PNW75752,2432,2252.308,0.000000,0.000
PNW75753,2076,1896.308,0.000000,0.000
PNW75179,1344,1164.308,58.346867,470.910
PNW75022,1113,933.308,357.972534,2315.940
PNW75960,895,715.361,0.425765,2.111
PNW75293,1357,1177.308,33.318222,271.910
PNW74969,3419,3239.308,8.908193,200.030
PNW75369,1566,1386.308,90.695455,871.561
PNW74813,1941,1761.308,7.371479,90.000
PNW74882,456,277.528,0.000000,0.000
PNW75962,2706,2526.308,1.550870,27.159
PNW76351,4400,4220.308,0.991291,29.000
PNW75574,3670,3490.308,4.835814,117.000
PNW75416,1172,992.308,3.406139,23.429
PNW75906,2438,2258.308,10.284664,161.000
PNW76163,707,527.545,0.000000,0.000
PNW75687,5936,5756.308,3.899366,155.593
PNW75787,1903,1723.308,10.942623,130.718
PNW74579,4175,3995.308,0.073999,2.049
PNW75089,1922,1742.308,2.897948,35.000
PNW75457,2178,1998.308,11.785786,163.258
PNW75543,3068,2888.308,36.933294,739.459
PNW75738,1132,952.308,0.000000,0.000
PNW75820,3786,3606.308,9.241030,231.013
PNW74936,1001,821.308,0.000000,0.000
PNW75559,2594,2414.308,39.020373,653.035
PNW74697,6035,5855.308,11.755087,477.121
PNW75859,7842,7662.308,1.462810,77.696
PNW76211,1800,1620.308,15.759090,177.003
PNW75996,2150,1970.308,0.000000,0.000
PNW74802,2487,2307.308,22.013731,352.088
PNW76356,10426,10246.308,0.506854,36.000
PNW75700,4336,4156.308,0.867720,25.000
PNW74911,566,386.779,0.000000,0.000
PNW74466,5018,4838.308,4.949508,166.000
PNW75775,4378,4198.308,1.403518,40.846
PNW74923,1197,1017.308,104.682415,738.208
PNW75379,2012,1832.308,6.457118,82.014
PNW76026,6858,6678.308,0.691249,32.000
PNW75306,1568,1388.308,7.065948,68.000
PNW74681,2108,1928.308,47.358702,633.037
PNW75663,1295,1115.308,10.770735,83.271
PNW74538,1637,1457.308,0.000000,0.000
PNW75181,3477,3297.308,1670.505158,38182.107
PNW75969,2590,2410.308,0.000000,0.000
PNW75924,1214,1034.308,24.052014,172.446
PNW75030,1880,1700.308,53.035550,625.097
PNW74966,1047,867.308,87.580866,526.545
PNW75440,1892,1712.308,4.207320,49.939
PNW76064,1836,1656.308,0.000000,0.000
PNW76061,1390,1210.308,2.388538,20.039
PNW76063,1785,1605.308,37.573417,418.111
PNW76065,1268,1088.308,8.711377,65.719
PNW76062,1830,1650.308,7.966122,91.131
PNW75104,2893,2713.308,0.865371,16.276
PNW74531,463,284.430,0.000000,0.000
PNW76205,2006,1826.308,22.117265,280.000
PNW75454,12330,12150.308,6.570633,553.410
PNW75455,12336,12156.308,0.000000,0.000
PNW75728,2216,2036.308,1.133506,16.000
PNW75477,7617,7437.308,0.640097,33.000
PNW76275,2211,2031.308,5.752500,81.000
PNW75749,1436,1256.308,0.114927,1.001
PNW75497,1533,1353.308,64.449540,604.601
PNW76206,10437,10257.308,1.167326,83.000
PNW75172,3362,3182.308,1.992986,43.964
PNW74641,2303,2123.308,61.260859,901.672
PNW74877,6510,6330.308,2.575141,113.000
PNW75662,1255,1075.308,3059.518846,22805.451
PNW75401,2396,2216.308,0.625896,9.616
PNW76042,816,636.459,0.000000,0.000
PNW76044,1663,1483.308,13.518573,139.000
PNW76051,3470,3290.308,3.726746,85.000
PNW74446,3902,3722.308,93.306744,2407.564
PNW75265,1798,1618.308,19.343884,216.999
PNW76070,1062,882.308,15653.426177,95737.550
PNW76178,4167,3987.308,17.679620,488.658
PNW76140,1201,1021.308,3.955020,28.000
PNW75645,2301,2121.308,116.472634,1712.696
PNW75829,2390,2210.308,0.000000,0.000
PNW75828,2342,2162.308,0.000000,0.000
PNW74774,1539,1359.308,295.784445,2787.057
PNW75338,9507,9327.308,9.373885,606.078
PNW75407,1355,1175.308,0.613713,5.000
PNW76084,2881,2701.308,1.762330,33.000
PNW74777,6155,5975.308,4.871383,201.774
PNW75279,2433,2253.308,10.000947,156.212
PNW74516,3154,2974.308,2.473642,51.001
PNW75292,3636,3456.308,22.356858,535.643
PNW75275,7351,7171.308,0.795876,39.564
PNW75817,3356,3176.308,60.194995,1325.365
PNW76160,1825,1645.308,44.150611,503.543
PNW76159,1623,1443.308,0.000000,0.000
PNW75122,3640,3460.308,18.595811,446.049
PNW75217,2776,2596.308,17.116995,308.061
PNW75218,2392,2212.308,6.345332,97.309
PNW76230,4902,4722.308,10.940992,358.149
PNW74985,2723,2543.308,119.408476,2105.168
PNW75015,2042,1862.308,1.626729,21.000
PNW75247,1619,1439.308,14.934076,148.999
PNW75286,2293,2113.308,26.751266,391.886
PNW75289,2234,2054.308,19.111425,272.152
PNW74537,1177,997.308,0.000000,0.000
PNW74487,1967,1787.308,6.703881,83.057
PNW74536,8018,7838.308,6.018287,327.000
PNW75334,1215,1035.308,7.106372,51.000
PNW74820,2445,2265.308,2.483618,39.000
PNW75134,6242,6062.308,111.980808,4705.807
PNW75502,2151,1971.308,9.300014,127.084
PNW75655,4453,4273.308,35.636240,1055.622
PNW75596,1274,1094.308,177.725633,1348.163
PNW75646,6223,6043.308,4.225188,177.000
PNW75806,3026,2846.308,3.446491,68.000
PNW74492,2908,2728.308,2.379395,45.000
PNW75184,4179,3999.308,4.076064,113.000
PNW75238,10237,10057.308,4.126491,287.684
PNW74548,1143,963.308,471.059252,3145.527
PNW75205,1717,1537.308,356.963561,3803.973
PNW75576,1875,1695.308,96.371895,1132.535
PNW74999,7466,7286.308,0.633563,32.000
PNW75515,1413,1233.308,0.000000,0.000
PNW75516,1222,1042.308,0.000000,0.000
PNW75573,7659,7479.308,1.311581,68.000
PNW75185,2467,2287.308,48.195437,764.158
PNW75958,2229,2049.308,48.362104,687.013
PNW75045,2919,2739.308,4.160959,79.011
PNW74948,4616,4436.308,0.357700,11.000
PNW75571,3216,3036.308,0.855213,18.000
PNW75354,2081,1901.308,1.745110,23.000
PNW74456,4146,3966.308,7.405190,203.599
PNW75870,5081,4901.308,0.618179,21.003
PNW74592,2863,2683.308,0.825851,15.361
PNW74907,3951,3771.308,16.026980,418.983
PNW75236,2852,2672.308,0.000000,0.000
PNW76072,1522,1342.308,2.324633,21.630
PNW74566,2906,2726.308,0.000000,0.000
PNW75108,2710,2530.308,19.869930,348.516
PNW75761,3642,3462.308,0.231296,5.551
PNW74992,1828,1648.308,176.057047,2011.613
PNW75170,1344,1164.308,143.432233,1157.623
PNW75260,1688,1508.308,23.626010,247.021
PNW75467,11763,11583.308,8.956280,719.139
PNW76185,4404,4224.308,4.973130,145.626
PNW74665,9739,9559.308,5.130975,340.000
PNW75386,2245,2065.308,4.330662,62.000
PNW75471,1674,1494.308,11.876791,123.025
PNW75670,664,484.583,0.000000,0.000
PNW75488,1390,1210.308,100.181713,840.499
PNW75603,527,347.930,0.414625,1.000
PNW75721,1122,942.308,10.104117,66.000
PNW76240,2260,2080.308,52.295156,754.122
PNW75358,1419,1239.308,10.037823,86.233
PNW75188,1287,1107.308,167.345780,1284.505
PNW74870,3456,3276.308,1.805288,41.000
PNW75129,2781,2601.308,5.380601,97.023
PNW76058,2757,2577.308,2.910613,52.000
PNW76221,1845,1665.308,0.000000,0.000
PNW76222,4390,4210.308,7.642443,223.048
PNW76223,4130,3950.308,0.655975,17.963
PNW74883,1042,862.308,0.198888,1.189
PNW75531,1280,1100.308,7.604332,58.000
PNW74496,2762,2582.308,0.000000,0.000
PNW75640,1698,1518.308,5.225769,55.000
PNW76077,2268,2088.308,0.578191,8.370
PNW75303,1269,1089.308,22.254444,168.043
PNW74565,2695,2515.308,46.653971,813.453
PNW76289,1593,1413.308,185.508175,1817.408
PNW75740,672,492.578,0.000000,0.000
PNW74657,2392,2212.308,7.303312,112.000
PNW75324,4699,4519.308,15.922973,498.825
PNW76346,4993,4813.308,1.858213,62.000
PNW75163,12506,12326.308,0.026273,2.245
PNW74613,1408,1228.308,0.117447,1.000
PNW74614,4449,4269.308,4.088607,121.000
PNW76170,2997,2817.308,1.638563,32.000
PNW75602,1198,1018.308,1.275001,9.000
PNW76274,1603,1423.308,27.689814,273.194
PNW75563,3768,3588.308,26.699607,664.121
PNW76168,3027,2847.308,1.494571,29.499
PNW74942,1734,1554.308,10.846430,116.863
PNW75943,8998,8818.308,0.638009,39.000
PNW74672,1191,1011.308,0.000000,0.000
PNW75528,3200,3020.308,6.209664,130.009
PNW74628,3745,3565.308,0.849708,21.000
PNW75636,5376,5196.308,6.410786,230.918
PNW74588,1237,1057.308,0.000000,0.000
PNW76243,1463,1283.308,665.063598,5916.253
PNW75432,1377,1197.308,0.000000,0.000
PNW76258,3934,3754.308,10.067435,262.000
PNW74686,4209,4029.308,3.150646,88.000
PNW75680,4031,3851.308,3.213752,85.797
PNW76336,4257,4077.308,2.725135,77.022
PNW75492,1454,1274.308,37.810395,333.994
PNW74922,3039,2859.308,3.784336,75.007
PNW75736,2051,1871.308,36.657510,475.511
PNW75921,913,733.343,52.326557,266.000
PNW75458,2012,1832.308,0.472389,6.000
PNW76056,1742,1562.308,51.620331,559.036
PNW74744,1466,1286.308,517.062241,4610.419
PNW76337,5035,4855.308,0.475391,16.000
PNW75214,1870,1690.308,15.969313,187.113
PNW74571,3139,2959.308,3.168623,65.000
PNW75735,1392,1212.308,38.090253,320.095
PNW75091,7486,7306.308,9.715389,492.052
PNW75402,1924,1744.308,0.000000,0.000
PNW74953,4328,4148.308,0.173879,5.000
PNW76177,11837,11657.308,2.524609,204.007
PNW75323,5805,5625.308,2.205462,86.000
PNW75524,1162,982.308,0.000000,0.000
PNW74475,3109,2929.308,7.767933,157.733
PNW74439,1308,1128.308,1296.995600,10144.224
PNW74633,3380,3200.308,4.513296,100.124
PNW74597,2577,2397.308,42.900513,712.917
PNW75233,1439,1259.308,18.709848,163.326
PNW75648,4248,4068.308,0.673732,19.000
PNW76007,3076,2896.308,2.888888,58.000
PNW74979,4273,4093.308,14.313021,406.124
PNW76256,1504,1324.308,1.307193,12.000
PNW75854,1099,919.308,64.500370,411.032
PNW75060,2488,2308.308,12.374292,198.001
PNW75723,1544,1364.308,26.117520,247.000
PNW75167,2783,2603.308,4.654801,84.000
PNW74476,5737,5557.308,7.552662,290.949
PNW74938,1477,1297.308,17.903179,161.000
PNW75999,986,806.313,3.399363,19.000
PNW75422,2289,2109.308,2.666814,38.993
PNW74436,1149,969.308,0.000000,0.000
PNW76176,524,344.949,0.000000,0.000
PNW74432,8920,8740.308,4.027289,244.001
PNW74800,1243,1063.308,10.311025,76.000
PNW75049,1649,1469.308,2067.339396,21056.066
PNW75489,1062,882.308,2581.014705,15785.683
PNW75052,3506,3326.308,5.204379,120.001
PNW75695,5401,5221.308,4.752221,172.000
PNW75449,2176,1996.308,0.000000,0.000
PNW75450,5168,4988.308,0.000000,0.000
PNW75480,2788,2608.308,13.764922,248.877
PNW75512,1920,1740.308,1689.485603,20381.362
PNW76079,2319,2139.308,13.756383,204.000
PNW74502,3208,3028.308,7.955317,166.998
PNW74461,1857,1677.308,38.258974,444.835
PNW74751,1213,1033.308,7.264775,52.036
PNW74773,4928,4748.308,6.964992,229.251
PNW76212,1812,1632.308,45.174567,511.150
PNW75857,4879,4699.308,1.627007,53.000
PNW74719,1274,1094.308,18.192269,138.000
PNW75329,4085,3905.308,10.727172,290.398
PNW74762,1607,1427.308,4.503236,44.555
PNW75612,6294,6114.308,7.313054,309.955
PNW74478,5412,5232.308,6.898458,250.206
PNW75415,1372,1192.308,0.000000,0.000
PNW74902,2222,2042.308,25.641711,363.012
PNW75607,4044,3864.308,10.567276,283.066
PNW74832,7289,7109.308,0.811671,40.000
PNW75726,2708,2528.308,18.266151,320.132
PNW75153,4671,4491.308,6.682087,208.036
PNW75781,2403,2223.308,20.503883,316.001
PNW74810,1854,1674.308,2.412515,28.000
PNW74653,2063,1883.308,1.531990,20.000
PNW76013,1349,1169.308,2.467450,20.000
PNW76110,4074,3894.308,2.407856,65.000
PNW75021,2693,2513.308,14.001438,243.933
PNW75351,1502,1322.308,2.184448,20.023
PNW76242,1889,1709.308,1.012764,12.000
PNW74591,1444,1264.308,0.000000,0.000
PNW74745,714,534.540,1.797388,6.660
PNW75788,1404,1224.308,4.241894,36.000
PNW75635,1192,1012.308,0.000000,0.000
PNW76317,1420,1240.308,11.514710,99.000
PNW76003,5164,4984.308,0.636745,22.000
PNW76122,3626,3446.308,2.260530,54.003
PNW76302,2148,1968.308,11.433494,156.000
PNW74740,3365,3185.308,6.731222,148.627
PNW75287,1626,1446.308,0.299232,3.000
PNW75585,2362,2182.308,0.594941,9.000
PNW74512,3772,3592.308,130.142727,3240.754
PNW75479,2321,2141.308,5.793843,86.000
PNW74852,1915,1735.308,28.348305,341.001
PNW75059,5357,5177.308,4.689071,168.284
PNW75409,2814,2634.308,1.170883,21.381
PNW74789,1346,1166.308,15.461233,125.000
PNW74833,5803,5623.308,5.818032,226.788
PNW76098,2347,2167.308,4.542426,68.243
PNW76335,2311,2131.308,12.657566,187.003
PNW76296,3922,3742.308,3.507987,91.002
PNW74828,1921,1741.308,18.971756,229.000
PNW74647,4963,4783.308,34.995014,1160.345
PNW74834,8248,8068.308,1.466152,82.000
PNW75044,1175,995.308,0.000000,0.000
PNW75018,2237,2057.308,3.085616,44.004
PNW75710,1495,1315.308,3765.916740,34336.087
PNW75048,1164,984.308,37.212897,253.908
PNW76288,1918,1738.308,7.883958,95.000
PNW74675,2691,2511.308,11.373985,198.000
PNW74529,1273,1093.308,0.417780,3.166
PNW75269,8241,8061.308,13.471895,752.812
PNW76229,2829,2649.308,33.116176,608.170
PNW75014,2202,2022.308,188.773240,2646.308
PNW74955,1045,865.308,68.711239,412.146
PNW74965,3594,3414.308,1.732609,41.007
PNW75941,3447,3267.308,1.501192,34.000
PNW74523,2596,2416.308,12.836115,215.000
PNW74909,2277,2097.308,27.527260,400.201
PNW75099,2855,2675.308,0.431384,8.000
PNW74684,3357,3177.308,14.257345,314.015
PNW75248,1045,865.308,17.506614,105.009
PNW76231,4110,3930.308,4.714460,128.443
PNW74921,2383,2203.308,11.401136,174.131
PNW75584,7515,7335.308,1.986326,101.000
PNW75097,2096,1916.308,5.195200,69.011
PNW75301,2444,2264.308,18.637341,292.531
PNW74884,936,756.328,0.190738,1.000
PNW75709,4716,4536.308,8.561821,269.229
PNW76085,1236,1056.308,11758.830211,86100.831
PNW74769,1472,1292.308,0.000000,0.000
PNW75694,4418,4238.308,3.914288,115.000
PNW75974,14603,14423.308,0.572428,57.232
PNW75085,3613,3433.308,1.431032,34.058
PNW74448,2808,2628.308,0.384210,7.000
PNW76069,616,436.655,0.000000,0.000
PNW75178,1641,1461.308,1.784911,18.081
PNW76343,4927,4747.308,2.218313,73.000
PNW76244,2805,2625.308,15.958413,290.417
PNW75827,1266,1086.308,0.796793,6.000
PNW74749,1500,1320.308,28.404897,259.969
PNW75356,1652,1472.308,13.234385,135.069
PNW76266,2330,2150.308,48.437748,722.000
PNW74868,2061,1881.308,0.000000,0.000
PNW75327,1274,1094.308,331.378401,2513.717
PNW75850,1513,1333.308,58.971781,545.039
PNW75526,4706,4526.308,2.358496,74.000
PNW76095,3745,3565.308,0.171650,4.242
PNW74959,4065,3885.308,0.334168,9.000
PNW75951,2888,2708.308,11.380931,213.663
PNW75779,2325,2145.308,26.693170,396.956
PNW74829,5795,5615.308,9.120155,355.000
PNW75337,3089,2909.308,4.835861,97.525
PNW76100,2078,1898.308,6.155534,81.000
PNW74784,958,778.321,5.004407,27.000
PNW75325,4104,3924.308,3.563458,96.936
PNW74532,2609,2429.308,19.344191,325.751
PNW74622,8886,8706.308,4.608450,278.126
PNW75037,4305,4125.308,32.178860,920.194
PNW74977,5708,5528.308,0.365328,14.000
PNW74678,1256,1076.308,0.000000,0.000
PNW75278,2992,2812.308,8.851897,172.565
PNW76344,3684,3504.308,0.699832,17.000
PNW75307,4414,4234.308,1.192430,35.000
PNW75692,3700,3520.308,0.000000,0.000
PNW76000,10644,10464.308,2.426329,176.000
PNW76164,2382,2202.308,0.000000,0.000
PNW75981,1540,1360.308,2.120997,20.000
PNW76284,1672,1492.308,0.676686,7.000
PNW74748,2071,1891.308,13.348305,175.001
PNW75447,2484,2304.308,181.758838,2903.278
PNW74489,1488,1308.308,0.000000,0.000
PNW75702,6179,5999.308,3.198143,133.000
PNW75813,1275,1095.308,8.364742,63.510
PNW74752,5301,5121.308,6.372367,226.222
PNW74987,6474,6294.308,2.863712,124.948
PNW75371,2467,2287.308,27.784659,440.537
PNW74753,2032,1852.308,0.159831,2.052
PNW75711,1548,1368.308,15.659454,148.530
PNW74664,3441,3261.308,10.079996,227.879
PNW76034,941,761.327,77.302808,407.961
PNW75947,1566,1386.308,0.000000,0.000
PNW75965,1346,1166.308,9.515558,76.931
PNW75081,1865,1685.308,2.396769,28.000
PNW76327,2322,2142.308,0.000000,0.000
PNW74662,2670,2490.308,8.983336,155.076
PNW74996,3146,2966.308,9.446238,194.235
PNW75476,1077,897.308,39.549590,246.001
PNW76287,6934,6754.308,7.518120,352.000
PNW75485,1261,1081.308,0.182505,1.368
PNW75533,1993,1813.308,3.190428,40.103
PNW75613,4410,4230.308,8.018501,235.135
PNW75211,2609,2429.308,11.273276,189.839
PNW75341,2048,1868.308,37.700779,488.260
PNW75404,2630,2450.308,0.000000,0.000
PNW75715,3069,2889.308,17.926901,359.047
PNW75918,5238,5058.308,1.197820,42.000
PNW75578,349,174.377,10.793871,13.047
PNW74680,3719,3539.308,15.948165,391.275
PNW76012,3794,3614.308,4.111114,103.000
PNW75966,826,646.443,0.000000,0.000
PNW75604,2839,2659.308,30.864640,568.961
PNW74541,1929,1749.308,0.082467,1.000
PNW75682,835,655.433,0.000000,0.000
PNW74630,3968,3788.308,7.958816,209.000
PNW76092,5645,5465.308,1.953586,74.012
PNW74424,19933,19753.308,6.275655,859.313
PNW75335,1852,1672.308,19.582411,227.005
PNW74899,2590,2410.308,3.710792,62.000
PNW75780,1882,1702.308,3.644021,43.000
PNW74872,2348,2168.308,1.929410,29.000
PNW75118,1651,1471.308,4.608310,47.000
PNW75395,7553,7373.308,0.136957,7.000
PNW74771,2121,1941.308,4.978835,67.000
PNW74437,1669,1489.308,600.573688,6200.168
PNW74634,2495,2315.308,0.809994,13.000
PNW75002,1906,1726.308,7.697025,92.107
PNW74980,2013,1833.308,1.416395,18.000
PNW75893,1886,1706.308,9.469085,112.000
PNW74952,2460,2280.308,0.148016,2.340
PNW76040,5130,4950.308,0.116567,4.000
PNW75277,2519,2339.308,20.847129,338.054
PNW76200,2948,2768.308,13.285075,254.936
PNW75970,2026,1846.308,1.953364,25.000
PNW74598,3114,2934.308,6.637613,135.011
PNW75331,2602,2422.308,0.178665,3.000
PNW76087,2728,2548.308,8.540167,150.859
PNW76246,1925,1745.308,1.239843,15.000
PNW74709,1774,1594.308,3.800358,42.000
PNW75581,2549,2369.308,5.845170,96.000
PNW74508,3862,3682.308,6.037134,154.100
PNW75811,2530,2350.308,0.736553,12.000
PNW75856,2093,1913.308,1.130977,15.000
PNW75221,3774,3594.308,41.146665,1025.186
PNW74830,2064,1884.308,65.386047,854.062
PNW75537,2623,2443.308,4.158532,70.432
PNW75801,9126,8946.308,0.048375,3.000
PNW74552,4804,4624.308,0.748707,24.000
PNW74589,2112,1932.308,15.375707,205.951
PNW76191,1244,1064.308,0.135570,1.000
PNW74649,8579,8399.308,2.662169,155.000
PNW75025,1709,1529.308,8.338522,88.397
PNW75352,11026,10846.308,0.652161,49.033
PNW75797,1268,1088.308,8.941367,67.454
PNW74440,1408,1228.308,36.194272,308.177
PNW75669,3881,3701.308,1.429422,36.675
PNW74888,1988,1808.308,23.040104,288.808
PNW75171,2698,2518.308,11.227800,196.000
PNW75833,6502,6322.308,6.867087,300.954
PNW76119,1446,1266.308,7.291015,64.000
PNW76326,3184,3004.308,11.284202,235.000
PNW74783,2537,2357.308,202.528981,3309.452
PNW74885,552,372.829,0.000000,0.000
PNW75183,6199,6019.308,2.201412,91.855
PNW75102,1502,1322.308,0.000000,0.000
PNW75940,2997,2817.308,1.565560,30.574
PNW75671,4094,3914.308,0.552820,15.000
PNW75989,754,574.507,0.000000,0.000
PNW75619,2753,2573.308,6.390905,114.000
PNW75575,5361,5181.308,2.057824,73.909
PNW75239,2799,2619.308,31.238484,567.191
PNW75708,1902,1722.308,12.506125,149.309
PNW74467,794,614.480,0.000000,0.000
PNW74978,888,708.367,21.276742,104.476
PNW75665,5119,4939.308,21.981681,752.627
PNW75858,1442,1262.308,162.163176,1418.960
PNW76097,1339,1159.308,3.110918,25.000
PNW74867,1760,1580.308,0.000000,0.000
PNW74986,2619,2439.308,1.655918,28.000
PNW75625,1391,1211.308,220.943738,1855.192
PNW75074,2029,1849.308,31.418882,402.766
PNW75922,2157,1977.308,1618.348911,22181.917
PNW74912,762,582.502,0.000000,0.000
PNW75972,6414,6234.308,0.578529,25.001
PNW75020,686,506.564,0.000000,0.000
PNW75096,1623,1443.308,33.321104,333.373
PNW76080,3734,3554.308,1.501738,37.000
PNW75832,1247,1067.308,12.576420,93.046
PNW74968,4965,4785.308,1.477182,49.000
PNW75474,2466,2286.308,44.363952,703.101
PNW75075,3389,3209.308,2.517237,56.000
PNW75557,6323,6143.308,1.925572,82.000
PNW75123,1734,1554.308,1.392200,15.000
PNW74525,3698,3518.308,6.195566,151.101
PNW74822,1566,1386.308,8.119245,78.024
PNW75033,1204,1024.308,27.885734,198.000
PNW75836,2679,2499.308,26.283121,455.354
PNW74511,8590,8410.308,0.857642,50.000
PNW75222,3586,3406.308,0.906693,21.409
PNW74975,4351,4171.308,0.622512,18.000
PNW75149,1860,1680.308,14.337551,167.000
PNW76125,3623,3443.308,0.041896,1.000
PNW74494,6005,5825.308,20.802221,840.004
PNW75742,616,436.655,0.000000,0.000
PNW74621,1738,1558.308,16.484974,178.071
PNW76311,3864,3684.308,22.687612,579.425
PNW75499,1394,1214.308,13.543264,114.000
PNW74696,1342,1162.308,0.000000,0.000
PNW74735,3794,3614.308,13.159867,329.708
PNW75209,1756,1576.308,37.994702,415.161
PNW75483,2358,2178.308,4.238473,64.000
PNW75953,3720,3540.308,23.575585,578.570
PNW75213,1988,1808.308,14.145744,177.317
PNW75814,526,346.935,0.000000,0.000
PNW76114,3036,2856.308,22.977332,454.943
PNW75688,7179,6999.308,0.741985,36.000
PNW74782,2984,2804.308,7.562042,147.000
PNW75448,2719,2539.308,8.240941,145.059
PNW75848,2139,1959.308,94.407741,1282.221
PNW75005,4294,4114.308,47.979446,1368.373
PNW75056,1410,1230.308,205.301319,1750.887
PNW75998,1314,1134.308,4.081484,32.092
PNW75064,6990,6810.308,6.715468,317.027
PNW75861,4228,4048.308,0.641426,18.000
PNW74759,2355,2175.308,18.104307,272.995
PNW74498,1432,1252.308,636.331450,5523.917
PNW75295,1882,1702.308,0.508464,6.000
PNW74755,3490,3310.308,9.242335,212.081
PNW75470,1348,1168.308,72.586589,587.850
PNW75050,2077,1897.308,242.746352,3192.590
PNW74905,1653,1473.308,0.783328,8.000
PNW76057,1878,1698.308,66.467449,782.489
PNW74642,4493,4313.308,1.170601,35.000
PNW74807,1776,1596.308,0.632599,7.000
PNW74667,1344,1164.308,78.208453,631.211
PNW76127,3861,3681.308,2.664736,68.000
PNW75727,3859,3679.308,14.135243,360.514
PNW76308,2480,2300.308,2.069547,33.000
PNW75451,2993,2813.308,4.102231,80.000
PNW75311,932,752.329,7.286571,38.000
PNW75885,3719,3539.308,0.244557,6.000
PNW75094,1573,1393.308,6.419447,62.001
PNW75199,2950,2770.308,46.730609,897.392
PNW74819,2148,1968.308,45.871868,625.881
PNW75126,1282,1102.308,2.224812,17.000
PNW74763,4239,4059.308,23.277879,655.010
PNW75482,2847,2667.308,97.564168,1803.915
PNW74849,1534,1354.308,0.000000,0.000
PNW75493,576,396.751,1.254957,3.451
PNW75984,4223,4043.308,200.396774,5616.685
PNW74666,1271,1091.308,19.630632,148.503
PNW75241,2420,2240.308,0.000000,0.000
PNW75527,1296,1116.308,230.898169,1786.723
PNW74546,1772,1592.308,395.150687,4361.566
PNW76241,4483,4303.308,8.079083,241.000
PNW75121,3131,2951.308,5.778572,118.219
PNW75490,1590,1410.308,18.616790,182.000
PNW76147,3027,2847.308,0.050713,1.001
PNW75844,3441,3261.308,19.041946,430.483
PNW74452,2585,2405.308,2.698915,45.000
PNW73517,1487,1307.308,6.639758,60.170
PNW74072,4802,4622.308,48.069420,1540.211
PNW73735,2388,2208.308,1.045220,16.000
PNW73941,3253,3073.308,3.473821,74.006
PNW73672,1314,1134.308,7.113074,55.930
PNW74014,3624,3444.308,11.602416,277.015
PNW73787,2777,2597.308,1.166389,21.000
PNW73919,1350,1170.308,25.763404,209.005
PNW74051,2789,2609.308,1.658606,30.000
PNW73881,1363,1183.308,68.559497,562.365
PNW73897,3231,3051.308,0.000000,0.000
PNW73762,1201,1021.308,39.464657,279.394
PNW73775,2726,2546.308,7.138501,126.000
PNW73929,4712,4532.308,3.300635,103.698
PNW74097,3308,3128.308,17.791633,385.814
PNW73814,2769,2589.308,27.577421,494.983
PNW73767,1161,981.308,0.000000,0.000
PNW73831,5070,4890.308,10.530040,356.959
PNW73789,4003,3823.308,2.792157,74.000
PNW74247,7194,7014.308,0.390766,19.000
PNW74286,9463,9283.308,0.000000,0.000
PNW73526,3143,2963.308,10.807460,222.000
PNW73845,7806,7626.308,2.650831,140.136
PNW73848,8965,8785.308,6.088572,370.787
PNW74172,9587,9407.308,0.030670,2.000
PNW74035,2114,1934.308,10.960083,146.958
PNW74036,2204,2024.308,0.000000,0.000
PNW73917,3824,3644.308,2.549039,64.394
PNW73918,3944,3764.308,0.000000,0.000
PNW74158,5165,4985.308,4.514237,156.002
PNW73935,6820,6640.308,0.847283,39.000
PNW73553,1422,1242.308,0.965376,8.313
PNW73552,2654,2474.308,16.719959,286.775
PNW73654,3648,3468.308,3.577129,86.001
PNW73832,3173,2993.308,9.289809,192.757
PNW73800,4085,3905.308,0.923490,25.000
PNW73932,2012,1832.308,0.000000,0.000
PNW74290,3479,3299.308,10.878307,248.792
PNW74291,2881,2701.308,165.033582,3090.288
PNW73617,5315,5135.308,3.427261,122.002
PNW74239,959,779.321,1.435714,7.756
PNW73818,7685,7505.308,1.345479,70.000
PNW74332,5485,5305.308,0.000000,0.000
PNW74333,5271,5091.308,4.361099,153.914
PNW73589,622,442.639,0.000000,0.000
PNW73660,2924,2744.308,8.673864,165.005
PNW73661,2436,2256.308,0.000000,0.000
PNW73747,1250,1070.308,22.208871,164.774
PNW73639,966,786.316,0.000000,0.000
PNW73638,1196,1016.308,0.000000,0.000
PNW74073,2271,2091.308,6.277293,91.000
PNW74402,1603,1423.308,42.994915,424.198
PNW74238,1036,856.308,3.526485,20.933
PNW73777,4192,4012.308,21.586086,600.372
PNW73731,3710,3530.308,7.408443,181.298
PNW73732,2397,2217.308,0.000000,0.000
PNW74211,6300,6120.308,0.848549,36.000
PNW73769,4197,4017.308,0.395007,11.000
PNW74406,2235,2055.308,0.070189,1.000
PNW73931,1743,1563.308,0.092738,1.005
PNW73744,4396,4216.308,0.479008,14.000
PNW74335,8330,8150.308,0.778800,44.000
PNW74063,6188,6008.308,0.168568,7.021
PNW73765,3081,2901.308,5.668373,114.000
PNW74263,4153,3973.308,22.807437,628.176
PNW73610,2162,1982.308,19.140184,263.009
PNW74408,2586,2406.308,44.039180,734.587
PNW73856,2066,1886.308,2.390223,31.254
PNW74357,2206,2026.308,2.172708,30.518
PNW74358,1374,1194.308,0.000000,0.000
PNW73641,10602,10422.308,0.096891,7.000
PNW73828,12526,12346.308,3.143290,269.014
PNW74267,5262,5082.308,8.421419,296.687
PNW73621,1242,1062.308,10.339277,76.137
PNW73915,4195,4015.308,2.817926,78.433
PNW73916,5145,4965.308,0.095646,3.292
PNW74025,3243,3063.308,0.000000,0.000
PNW74023,4898,4718.308,0.000000,0.000
PNW74024,4297,4117.308,0.000000,0.000
PNW74312,1988,1808.308,8.618686,108.035
PNW74277,1955,1775.308,10.482465,129.000
PNW73861,1454,1274.308,0.000000,0.000
PNW74230,8882,8702.308,12.724037,767.559
PNW74232,6915,6735.308,0.000000,0.000
PNW74234,8939,8759.308,5.115866,310.629
PNW74231,8990,8810.308,0.000000,0.000
PNW74233,6969,6789.308,1.458785,68.655
PNW73983,717,537.538,6.165053,22.972
PNW73982,1380,1200.308,48.516668,403.679
PNW73742,1516,1336.308,251.562232,2330.261
PNW73746,10188,10008.308,1.095470,76.000
PNW73714,14631,14451.308,5.512255,552.191
PNW74193,2599,2419.308,28.954315,485.576
PNW74227,4578,4398.308,7.029189,214.310
PNW73642,3352,3172.308,0.000000,0.000
PNW73643,2223,2043.308,0.000000,0.000
PNW74004,2846,2666.308,50.798159,938.882
PNW73712,1897,1717.308,8.634770,102.790
PNW73713,1779,1599.308,26.587489,294.756
PNW74303,1956,1776.308,588.240512,7243.122
PNW73951,1945,1765.308,406.693630,4976.688
PNW74268,2341,2161.308,17.207836,257.807
PNW74347,6635,6455.308,2.689646,120.355
PNW74346,3297,3117.308,0.000000,0.000
PNW74348,7175,6995.308,0.000000,0.000
PNW73999,2674,2494.308,4.453934,77.010
PNW73773,7817,7637.308,13.047730,690.761
PNW73681,6742,6562.308,0.616248,28.033
PNW74214,3992,3812.308,6.448376,170.408
PNW74204,2923,2743.308,6.101985,116.037
PNW74208,1694,1514.308,0.000000,0.000
PNW74209,1903,1723.308,13.055632,155.960
PNW74122,1288,1108.308,4.680946,35.962
PNW74373,6004,5824.308,6.908636,278.926
PNW74043,3848,3668.308,0.317177,8.065
PNW74224,2835,2655.308,25.573030,470.706
PNW73584,5580,5400.308,8.942870,334.771
PNW73859,1217,1037.308,17.911650,128.794
PNW74258,5033,4853.308,0.148621,5.000
PNW74355,9097,8917.308,0.291197,18.000
PNW73706,1922,1742.308,1.579368,19.075
PNW73989,1826,1646.308,3.198430,36.501
PNW73990,1617,1437.308,595.868588,5936.807
PNW73893,2601,2421.308,0.000000,0.000
PNW73567,14049,13869.308,0.603326,58.004
PNW73566,14159,13979.308,0.000000,0.000
PNW73565,3564,3384.308,80.669117,1892.473
PNW73827,2242,2062.308,0.000000,0.000
PNW74120,2907,2727.308,0.687633,13.000
PNW74130,1891,1711.308,4.047063,48.009
PNW73690,3601,3421.308,0.000000,0.000
PNW73689,2130,1950.308,0.000000,0.000
PNW73688,3621,3441.308,5.009760,119.507
PNW74308,1500,1320.308,136.725375,1251.345
PNW74249,1099,919.308,0.509062,3.244
PNW73715,3038,2858.308,4.162268,82.469
PNW74118,3061,2881.308,7.195736,143.720
PNW73609,2692,2512.308,2.928497,51.000
PNW73816,3260,3080.308,143.366983,3061.229
PNW73576,4863,4683.308,1.416944,46.000
PNW74183,3576,3396.308,5.381919,126.706
PNW74419,3794,3614.308,30.023709,752.215
PNW74418,2205,2025.308,32.990142,463.157
PNW74095,2981,2801.308,1.287439,25.000
PNW74096,3081,2901.308,0.000000,0.000
PNW73987,2329,2149.308,1.006793,15.000
PNW73525,2409,2229.308,13.858202,214.156
PNW74323,2633,2453.308,60.459380,1028.178
PNW73936,1642,1462.308,4.143410,42.000
PNW74366,2240,2060.308,1.721616,24.588
PNW73962,2426,2246.308,0.000000,0.000
PNW74318,1292,1112.308,33.375529,257.339
PNW73799,1485,1305.308,17.572646,159.002
PNW74189,3300,3120.308,2.219173,48.000
PNW73793,3410,3230.308,1.652362,37.000
PNW74387,1583,1403.308,1.508882,14.678
PNW74191,1917,1737.308,9.153160,110.230
PNW73670,2585,2405.308,324.925810,5417.607
PNW74070,3539,3359.308,0.776315,18.078
PNW74369,1209,1029.308,0.000000,0.000
PNW74368,1405,1225.308,1.295075,11.000
PNW73648,2676,2496.308,10.224871,176.933
PNW73511,2746,2566.308,8.933198,158.916
PNW73574,4688,4508.308,1.599941,50.000
PNW74106,4720,4540.308,2.287677,72.000
PNW74321,742,562.517,0.000000,0.000
PNW73527,2541,2361.308,16.244190,265.891
PNW73963,1554,1374.308,2.415542,23.012
PNW73920,7491,7311.308,5.033791,255.119
PNW73655,2767,2587.308,11.548619,207.124
PNW74165,2835,2655.308,8.749612,161.048
PNW74164,2850,2670.308,3.507615,64.927
PNW74163,2838,2658.308,0.000000,0.000
PNW74162,8617,8437.308,1.566247,91.604
PNW73961,3688,3508.308,7.435889,180.835
PNW74116,3690,3510.308,0.575348,14.000
PNW73627,5293,5113.308,1.100302,39.000
PNW74094,1110,930.308,0.000000,0.000
PNW73585,4725,4545.308,2.139102,67.398
PNW74171,3913,3733.308,5.757589,149.000
PNW73728,1423,1243.308,12.656667,109.081
PNW73537,793,613.481,67.027052,285.039
PNW74362,624,444.635,0.000000,0.000
PNW74360,1502,1322.308,0.000000,0.000
PNW74364,642,462.608,0.000000,0.000
PNW74361,2026,1846.308,0.789303,10.102
PNW74363,2086,1906.308,3.221646,42.572
PNW73695,1409,1229.308,142.405420,1213.500
PNW74119,4486,4306.308,5.763884,172.057
PNW74388,1612,1432.308,21.687885,215.331
PNW73534,3206,3026.308,2.134421,44.776
PNW73697,645,465.602,5788.985619,18684.015
PNW73902,1554,1374.308,34.654458,330.138
PNW73903,807,627.469,1.361424,5.922
PNW74078,1153,973.308,8.151917,55.000
PNW73717,4710,4530.308,1.560328,49.000
PNW73809,6204,6024.308,6.920808,289.012
PNW73866,1472,1292.308,0.893041,8.000
PNW74338,6081,5901.308,3.154727,129.051
PNW74394,1428,1248.308,11.787611,102.000
PNW73834,3920,3740.308,2.699894,70.001
PNW73835,3273,3093.308,0.000000,0.000
PNW73985,4141,3961.308,2.403548,66.000
PNW73700,2961,2781.308,0.155604,3.000
PNW73922,2193,2013.308,0.143307,2.000
PNW73531,3821,3641.308,12.524536,316.134
PNW73561,1238,1058.308,32.429841,237.908
PNW73954,2605,2425.308,0.000000,0.000
PNW73955,2767,2587.308,3.569229,64.014
PNW74377,1891,1711.308,14.668379,174.005
PNW73938,5558,5378.308,0.241404,9.000
PNW73812,2041,1861.308,5.504150,71.017
PNW73926,3754,3574.308,41.864543,1037.268
PNW73540,1509,1329.308,0.108974,1.004
PNW74252,1422,1242.308,0.000000,0.000
PNW74251,2579,2399.308,8.718252,145.000
PNW74304,3334,3154.308,735.913597,16091.017
PNW74353,3161,2981.308,9.797068,202.468
PNW74354,3060,2880.308,35.018663,699.183
PNW73616,4894,4714.308,42.040311,1373.841
PNW73684,1711,1531.308,0.471037,5.000
PNW73817,2187,2007.308,0.215603,3.000
PNW74389,1722,1542.308,5.237986,56.000
PNW73967,1692,1512.308,37.352455,391.572
PNW73870,2554,2374.308,10.347687,170.307
PNW74121,1961,1781.308,10.875672,134.291
PNW73532,1911,1731.308,240.776090,2889.617
PNW73784,1954,1774.308,3.170903,39.000
PNW73905,2130,1950.308,45.084990,609.520
PNW73906,429,251.003,6.527690,11.358
PNW73628,3794,3614.308,67.739243,1697.141
PNW73658,1772,1592.308,0.362393,4.000
PNW73869,3613,3433.308,11.261452,268.015
PNW73959,8950,8770.308,1.646641,100.107
PNW73884,3049,2869.308,0.360196,7.164
PNW73885,645,465.602,3.669294,11.843
PNW74075,3514,3334.308,56.322516,1301.788
PNW74341,2211,2031.308,19.814168,279.000
PNW73776,4328,4148.308,14.426833,414.853
PNW73645,1781,1601.308,15.338819,170.263
PNW73694,3728,3548.308,3.832838,94.275
PNW74182,2182,2002.308,24.124386,334.842
PNW74220,13469,13289.308,0.000000,0.000
PNW74147,5233,5053.308,3.282990,115.000
PNW74245,2999,2819.308,0.921057,18.000
PNW74132,6615,6435.308,0.000000,0.000
PNW74133,8667,8487.308,18.267289,1074.723
PNW74410,2630,2450.308,5.183356,88.041
PNW73640,1488,1308.308,4.883253,44.287
PNW74320,7088,6908.308,8.944519,428.333
PNW74306,2471,2291.308,7.550628,119.928
PNW73577,4050,3870.308,3.038191,81.510
PNW74269,3908,3728.308,2.012051,52.000
PNW74099,2040,1860.308,1.938664,25.000
PNW74150,2329,2149.308,0.000000,0.000
PNW74149,2148,1968.308,0.219875,3.000
PNW74302,3420,3240.308,0.400686,9.000
PNW74021,1468,1288.308,18.028249,161.000
PNW73992,2695,2515.308,7.057374,123.051
PNW73952,4386,4206.308,0.034296,1.000
PNW74053,6807,6627.308,0.718330,33.000
PNW74415,2136,1956.308,0.000000,0.000
PNW73519,2125,1945.308,0.815740,11.000
PNW74351,4948,4768.308,10.138045,335.097
PNW74000,1781,1601.308,4.684636,52.000
PNW73709,2284,2104.308,6.719235,98.013
PNW73578,5248,5068.308,2.249724,79.040
PNW73614,2187,2007.308,2.867716,39.903
PNW73613,2897,2717.308,10.516898,198.098
PNW74049,1384,1204.308,4.432120,37.000
PNW73635,3217,3037.308,108.335874,2280.939
PNW73634,2061,1881.308,0.000000,0.000
PNW73900,3010,2830.308,0.000000,0.000
PNW74076,28167,27987.308,0.020294,3.937
PNW74077,28135,27955.308,1.465877,284.063
PNW73761,1352,1172.308,27.449181,223.061
PNW74042,4075,3895.308,1.842944,49.763
PNW74041,3924,3744.308,5.943043,154.253
PNW73792,2610,2430.308,0.000000,0.000
PNW73791,2727,2547.308,0.000000,0.000
PNW73790,2721,2541.308,0.000000,0.000
PNW74055,7116,6936.308,3.351099,161.127
PNW74060,3369,3189.308,3.305193,73.071
PNW73937,8969,8789.308,0.820659,50.000
PNW74197,1519,1339.308,4.416256,41.000
PNW73513,2185,2005.308,8.779929,122.046
PNW74054,1680,1500.308,32.596575,339.004
PNW73515,1976,1796.308,5.862589,73.000
PNW73958,3272,3092.308,0.000000,0.000
PNW73957,3248,3068.308,26.396576,561.435
PNW73782,3843,3663.308,10.947597,278.000
PNW74079,3417,3237.308,0.668428,15.000
PNW74372,2751,2571.308,18.609430,331.696
PNW74311,1310,1130.308,49.118816,384.855
PNW74310,2871,2691.308,0.375217,7.000
PNW74007,10951,10771.308,1.888418,141.000
PNW73593,4111,3931.308,4.857361,132.370
PNW73637,2212,2032.308,4.685134,66.003
PNW73874,1601,1421.308,58.227379,573.678
PNW74081,3372,3192.308,2.125097,47.026
PNW74019,1762,1582.308,4.307380,47.245
PNW74029,2544,2364.308,24.192123,396.489
PNW73509,1775,1595.308,21.704007,240.014
PNW73665,1225,1045.308,172.829100,1252.316
PNW73878,3230,3050.308,5.177429,109.474
PNW73898,2429,2249.308,0.064136,1.000
PNW73911,1298,1118.308,19.866017,154.001
PNW74047,1512,1332.308,1.732498,16.000
PNW74011,2983,2803.308,1.389442,27.000
PNW74223,2704,2524.308,0.000000,0.000
PNW74222,2488,2308.308,0.000000,0.000
PNW73804,2344,2164.308,2.221182,33.324
PNW74017,1938,1758.308,0.000000,0.000
PNW74367,2413,2233.308,1.098115,17.000
PNW74139,991,811.312,0.000000,0.000
PNW73530,2746,2566.308,10.747189,191.186
PNW73944,1331,1151.308,14.159055,113.000
PNW74219,9985,9805.308,16.323701,1109.513
PNW74031,1865,1685.308,7.532702,88.000
PNW74399,1060,880.308,5.638646,34.408
PNW74280,2736,2556.308,1.128663,20.000
PNW73647,5422,5242.308,0.605407,22.000
PNW74359,2650,2470.308,26.267926,449.810
PNW73636,1167,987.308,74.893063,512.563
PNW73510,1195,1015.308,2.970030,20.903
PNW73633,787,607.487,0.000000,0.000
PNW74111,5854,5674.308,0.305081,12.000
PNW73895,2158,1978.308,0.000000,0.000
PNW74112,2534,2354.308,0.122550,2.000
PNW74315,1930,1750.308,94.604760,1147.837
PNW73569,807,627.469,0.459817,2.000
PNW73651,6358,6178.308,1.961359,84.000
PNW73650,6687,6507.308,0.000000,0.000
PNW74322,2750,2570.308,0.785761,14.000
PNW73657,1896,1716.308,0.168106,2.000
PNW73998,2579,2399.308,5.042907,83.872
PNW73997,2584,2404.308,6.485824,108.096
PNW73675,2002,1822.308,4.884447,61.701
PNW73946,4165,3985.308,2.497668,69.000
PNW74266,2288,2108.308,12.932282,189.000
PNW74314,1566,1386.308,9.990048,96.002
PNW73819,1631,1451.308,9.742722,98.015
PNW73523,3986,3806.308,14.602295,385.281
PNW74168,1724,1544.308,0.000000,0.000
PNW73705,1445,1265.308,42.211179,370.234
PNW73810,1699,1519.308,0.189903,2.000
PNW74046,892,712.363,0.000000,0.000
PNW74101,2327,2147.308,10.279201,153.005
PNW73964,2309,2129.308,11.144300,164.492
PNW73965,2306,2126.308,12.179356,179.516
PNW73988,1881,1701.308,3.052579,36.000
PNW74045,3055,2875.308,5.167736,103.000
PNW74058,8558,8378.308,2.703278,157.000
PNW73542,1203,1023.308,0.000000,0.000
PNW74272,2175,1995.308,2.602795,36.000
PNW73707,3585,3405.308,2.597475,61.314
PNW73571,4492,4312.308,15.161410,453.213
PNW73572,1853,1673.308,3.620936,42.000
PNW73873,2149,1969.308,1.318638,18.001
PNW73770,1397,1217.308,20.266173,171.011
PNW73842,2456,2276.308,12.632867,199.336
PNW74334,1566,1386.308,0.000000,0.000
PNW73966,2824,2644.308,8.074585,148.008
PNW73837,1513,1333.308,28.770298,265.906
PNW73836,1621,1441.308,6.168562,61.630
PNW73533,1174,994.308,257.110325,1772.120
PNW73656,7440,7260.308,0.556353,28.000
PNW73741,1236,1056.308,0.955993,7.000
PNW73570,2408,2228.308,0.517934,8.000
PNW73781,1610,1430.308,0.000000,0.000
PNW73780,2008,1828.308,0.000000,0.000
PNW74194,10055,9875.308,0.321380,22.000
PNW74391,5979,5799.308,0.522385,21.000
PNW74173,2873,2693.308,1.124814,21.000
PNW73934,873,693.385,9.159184,44.023
PNW74289,2936,2756.308,1.256142,24.000
PNW73677,3387,3207.308,8.144995,181.086
PNW74337,3504,3324.308,3.384861,78.000
PNW74215,2837,2657.308,11.899327,219.188
PNW74225,2184,2004.308,56.628367,786.776
PNW73603,2872,2692.308,0.000000,0.000
PNW73604,2947,2767.308,79.160693,1518.517
PNW73768,6321,6141.308,0.822157,35.000
PNW73924,3133,2953.308,5.767037,118.063
PNW74180,2504,2324.308,15.615034,251.588
PNW74179,1512,1332.308,3.443277,31.800
PNW73756,1213,1033.308,435.137190,3116.798
PNW73673,3786,3606.308,3.640207,91.000
PNW74074,3937,3757.308,1.804637,47.002
PNW73945,4692,4512.308,3.229049,101.001
PNW74271,7698,7518.308,12.829522,668.626
PNW73891,1275,1095.308,0.000000,0.000
PNW73807,6308,6128.308,4.474294,190.072
PNW74352,1937,1757.308,66.301405,807.650
PNW74067,3911,3731.308,6.127542,158.489
PNW74108,2133,1953.308,0.443127,6.000
PNW73725,836,656.432,0.000000,0.000
PNW73703,2382,2202.308,2.564881,39.156
PNW73702,2249,2069.308,0.000000,0.000
PNW74198,2044,1864.308,1.547604,20.000
PNW73583,3613,3433.308,6.513349,155.014
PNW74030,1435,1255.308,8.159347,71.000
PNW74105,4535,4355.308,5.067806,153.000
PNW74104,4529,4349.308,0.000000,0.000
PNW73971,2103,1923.308,7.200786,96.002
PNW73972,2443,2263.308,0.000000,0.000
PNW74216,4586,4406.308,1.748650,53.411
PNW74285,1989,1809.308,0.160639,2.015
PNW74275,3125,2945.308,12.297057,251.064
PNW74237,2965,2785.308,12.219648,235.931
PNW73974,2970,2790.308,9.099299,176.000
PNW73975,1521,1341.308,0.000000,0.000
PNW74142,2305,2125.308,4.819299,71.000
PNW73701,2385,2205.308,0.130830,2.000
PNW74066,1938,1758.308,0.000000,0.000
PNW74065,3223,3043.308,26.145020,551.553
PNW73875,967,787.315,0.000000,0.000
PNW73947,1883,1703.308,1.658918,19.587
PNW73822,2192,2012.308,6.165378,86.002
PNW73978,4278,4098.308,0.000000,0.000
PNW73977,4512,4332.308,1.032262,31.000
PNW73691,1152,972.308,4036.675348,27206.981
PNW73518,5249,5069.308,12.313413,432.693
PNW73625,3547,3367.308,4.755406,111.000
PNW74288,1581,1401.308,28.766588,279.431
PNW74350,5496,5316.308,1.391261,51.271
PNW74380,3213,3033.308,0.000000,0.000
PNW74381,3216,3036.308,1.472866,31.000
PNW74200,4564,4384.308,12.427722,377.698
PNW73679,1841,1661.308,2.257723,26.000
PNW74135,5982,5802.308,0.000000,0.000
PNW74136,6003,5823.308,0.359493,14.512
PNW74134,7891,7711.308,2.703068,144.490
PNW74279,5448,5268.308,4.244319,155.000
PNW74212,1742,1562.308,11.171234,120.982
PNW73521,3210,3030.308,2.288368,48.069
PNW74317,3659,3479.308,8.940960,215.640
PNW74379,1826,1646.308,177.044104,2020.436
PNW74166,4088,3908.308,6.205031,168.107
PNW74256,2627,2447.308,11.443322,194.130
PNW74044,16154,15974.308,1.354618,150.000
PNW74192,3701,3521.308,0.163871,4.000
PNW73940,541,361.867,0.000000,0.000
PNW73939,1201,1021.308,0.000000,0.000
PNW73557,2232,2052.308,1.124669,16.000
PNW74265,2137,1957.308,38.829175,526.829
PNW74235,1810,1630.308,1.681278,19.000
PNW74356,3541,3361.308,0.839590,19.563
PNW74131,8032,7852.308,1.469750,80.001
PNW74103,1501,1321.308,14.193407,130.000
PNW74374,11758,11578.308,4.073093,326.905
PNW74383,2689,2509.308,0.000000,0.000
PNW74384,2292,2112.308,0.000000,0.000
PNW73622,2396,2216.308,21.220399,326.014
PNW74307,2160,1980.308,9.324437,127.999
PNW74241,1820,1640.308,2.110733,24.000
PNW73678,5100,4920.308,2.108732,71.923
PNW74282,3148,2968.308,0.000000,0.000
PNW74028,2836,2656.308,1.406109,25.891
PNW74170,1771,1591.308,101.833701,1123.307
PNW73908,3445,3265.308,1.281214,29.000
PNW74273,3374,3194.308,3.946670,87.390
PNW73841,1242,1062.308,87.299507,642.858
PNW74013,2613,2433.308,1.067144,18.000
PNW73538,2447,2267.308,18.961797,298.018
PNW73823,2999,2819.308,9.670896,189.000
PNW73727,6009,5829.308,1.831586,74.011
PNW74390,4858,4678.308,2.343632,76.003
PNW74034,3776,3596.308,0.000000,0.000
PNW74403,10824,10644.308,7.928972,585.042
PNW73669,1864,1684.308,36.089554,421.362
PNW74421,1311,1131.308,41.599757,326.230
PNW73600,710,530.543,1.359556,5.000
PNW73839,7069,6889.308,0.000000,0.000
PNW73838,7157,6977.308,5.032950,243.424
PNW73607,2132,1952.308,1.108384,15.000
PNW73722,936,756.328,0.000000,0.000
PNW73969,1222,1042.308,957.533473,6918.353
PNW73970,1565,1385.308,3.943927,37.873
PNW73536,975,795.314,7.074137,39.000
PNW74407,2454,2274.308,10.027784,158.091
PNW73909,1224,1044.308,6.782549,49.099
PNW74417,6423,6243.308,2.379969,103.000
PNW74012,2304,2124.308,0.000000,0.000
PNW74228,2261,2081.308,451.859983,6519.178
PNW74137,2765,2585.308,7.092785,127.111
PNW73930,3529,3349.308,32.906086,763.983
PNW73805,2043,1863.308,1205.558458,15571.323
PNW74145,1946,1766.308,21.066548,257.936
PNW73925,3357,3177.308,0.272430,6.000
PNW73928,3281,3101.308,0.046516,1.000
PNW73718,1886,1706.308,23.181791,274.193
PNW74298,5320,5140.308,3.423931,122.002
PNW74178,1987,1807.308,27.057953,338.984
PNW73730,1380,1200.308,0.600931,5.000
PNW73854,1417,1237.308,0.466369,4.000
PNW74085,2938,2758.308,0.000000,0.000
PNW74084,2884,2704.308,2.293822,43.000
PNW73995,2345,2165.308,5.167275,77.559
PNW73763,2833,2653.308,53.042334,975.580
PNW74146,1758,1578.308,0.274206,3.000
PNW73598,2568,2388.308,4.644218,76.887
PNW73597,1307,1127.308,0.335354,2.621
PNW73599,1490,1310.308,4.833746,43.905
PNW74068,1225,1045.308,0.241630,1.751
PNW74411,2813,2633.308,3.177414,58.000
PNW74236,2475,2295.308,39.567085,629.546
PNW74330,6083,5903.308,0.024437,1.000
PNW73745,1264,1084.308,10.776549,81.000
PNW73564,6512,6332.308,0.000000,0.000
PNW73615,1592,1412.308,431.646995,4225.818
PNW74416,2493,2313.308,54.271605,870.279
PNW73843,2002,1822.308,1.029201,13.001
PNW73711,3937,3757.308,0.076789,2.000
PNW74386,16818,16638.308,0.140749,16.233
PNW74385,17693,17513.308,1.410921,171.287
PNW74184,5462,5282.308,4.071797,149.095
PNW73849,2996,2816.308,4.200398,82.002
PNW73644,4069,3889.308,0.000000,0.000
PNW74188,2707,2527.308,1.655348,29.000
PNW73524,1350,1170.308,24.410281,198.028
PNW73591,6382,6202.308,5.740785,246.818
PNW73986,2688,2508.308,10.348351,179.930
PNW74328,4425,4245.308,13.795008,405.960
PNW73623,3907,3727.308,16.081016,415.491
PNW74340,1755,1575.308,654.072072,7142.392
PNW74339,1884,1704.308,59.409401,701.869
PNW74083,2707,2527.308,5.137263,90.000
PNW73624,1437,1257.308,27.682011,241.264
PNW74052,6159,5979.308,1.809497,75.000
PNW73913,1447,1267.308,57.193794,502.439
PNW74409,3657,3477.308,0.082973,2.000
PNW74040,1448,1268.308,4.777184,42.000
PNW74123,1004,824.308,887.987351,5073.983
PNW74370,1865,1685.308,36.263645,423.646
PNW73901,3999,3819.308,12.464748,330.005
PNW73868,4773,4593.308,0.628133,20.000
PNW73862,1818,1638.308,3.874401,44.000
PNW73748,1291,1111.308,124.651700,960.252
PNW73652,1370,1190.308,9.089694,75.000
PNW73786,3424,3244.308,37.786147,849.781
PNW73548,7107,6927.308,2.269914,109.000
PNW74175,1520,1340.308,11.193763,104.000
PNW73520,808,628.468,0.000000,0.000
PNW73674,2660,2480.308,0.232733,4.001
PNW73826,4948,4768.308,5.863138,193.797
PNW73864,3123,2943.308,14.508738,296.018
PNW73797,5506,5326.308,2.600114,96.000
PNW73867,3929,3749.308,1.897551,49.317
PNW73693,5296,5116.308,2.401663,85.177
PNW74420,3076,2896.308,5.130797,103.011
PNW73778,2990,2810.308,3.809847,74.219
PNW73857,4301,4121.308,4.517154,129.048
PNW74331,2486,2306.308,10.636745,170.051
PNW74404,8466,8286.308,6.151646,353.350
PNW73699,3510,3330.308,0.346540,8.000
PNW74221,3312,3132.308,0.000000,0.000
PNW73871,2746,2566.308,2.585809,46.000
PNW74115,2939,2759.308,14.537356,278.060
PNW74300,9526,9346.308,0.092727,6.008
PNW73549,1905,1725.308,0.752635,9.001
PNW73953,1380,1200.308,46.404727,386.107
PNW74062,1957,1777.308,0.363595,4.480
PNW73833,1800,1620.308,21.300375,239.242
PNW73739,3072,2892.308,3.342675,67.018
PNW73667,3183,3003.308,194.116572,4041.244
PNW73993,2271,2091.308,5.963065,86.445
PNW73872,1608,1428.308,14.746141,146.000
PNW74393,16122,15942.308,3.983789,440.251
PNW74414,14845,14665.308,1.909049,194.071
PNW74240,15374,15194.308,4.156509,437.786
PNW73704,2644,2464.308,43.574664,744.358
PNW74089,4069,3889.308,4.377655,118.023
PNW73596,1331,1151.308,0.000000,0.000
PNW73601,1500,1320.308,0.000000,0.000
PNW73783,2621,2441.308,3.250109,55.001
PNW73850,677,497.573,3.479332,12.001
PNW74255,4083,3903.308,11.643184,315.034
PNW73824,4028,3848.308,13.973420,372.756
PNW73890,1927,1747.308,0.000000,0.000
PNW74378,3256,3076.308,0.844093,18.000
PNW73547,4847,4667.308,6.305430,204.002
PNW74128,4819,4639.308,5.195960,167.098
PNW73595,1040,860.308,0.167712,1.000
PNW74129,944,764.324,20.195449,107.000
PNW74413,2301,2121.308,10.064963,148.002
PNW73943,12519,12339.308,0.432572,37.000
PNW74313,5033,4853.308,2.051740,69.026
PNW74365,1771,1591.308,2.906495,32.061
PNW73666,2394,2214.308,21.758354,333.977
PNW73991,2848,2668.308,1.892254,35.000
PNW73720,3407,3227.308,0.312900,7.000
PNW73514,4307,4127.308,2.167442,62.011
PNW73820,1666,1486.308,4.173563,43.000
PNW74349,8066,7886.308,1.701205,93.000
PNW73779,2500,2320.308,0.000000,0.000
PNW74397,2142,1962.308,2.061588,28.043
PNW74398,3392,3212.308,2.765040,61.570
PNW74102,2999,2819.308,65.275020,1275.681
PNW74177,2212,2032.308,0.000000,0.000
PNW74176,2509,2329.308,6.688244,107.992
PNW73581,993,813.311,0.000000,0.000
PNW73582,3458,3278.308,0.644577,14.648
PNW73580,3168,2988.308,0.000000,0.000
PNW73886,1715,1535.308,52.734569,561.233
PNW74086,3178,2998.308,7.217096,150.000
PNW73785,1504,1324.308,6.318202,58.001
PNW73575,4526,4346.308,1.095320,33.000
PNW74032,1013,833.308,8.990624,51.934
PNW74008,1506,1326.308,7.729119,71.060
PNW74254,2546,2366.308,6.408199,105.114
PNW74117,2240,2060.308,4.061096,58.000
PNW74027,2313,2133.308,5.680801,84.007
PNW74181,3845,3665.308,0.196821,5.001
PNW73750,2382,2202.308,2.829875,43.201
PNW73729,7819,7639.308,3.968399,210.146
PNW73811,1833,1653.308,8.543011,97.908
PNW74113,3332,3152.308,0.366108,8.000
PNW74190,1754,1574.308,7.972177,87.000
PNW74002,10146,9966.308,1.635655,113.000
PNW74229,2849,2669.308,5.350371,99.000
PNW73680,1405,1225.308,2.097096,17.812
PNW74026,1076,896.308,0.000000,0.000
PNW74202,3295,3115.308,1.528234,33.002
PNW73588,813,633.463,0.000000,0.000
PNW74125,2591,2411.308,2.572546,43.000
PNW74382,4459,4279.308,1.651848,49.000
PNW74082,2074,1894.308,0.257207,3.377
PNW74090,2030,1850.308,16.450755,211.000
PNW74309,4668,4488.308,5.399806,168.002
PNW74281,2956,2776.308,0.051997,1.001
PNW73602,1034,854.308,0.000000,0.000
PNW74144,2048,1868.308,29.503107,382.093
PNW73620,991,811.312,130.990455,736.682
PNW73882,3181,3001.308,0.817120,17.000
PNW73980,968,788.315,91.191928,498.320
PNW73687,4917,4737.308,4.873942,160.053
PNW73948,3316,3136.308,12.143245,264.001
PNW74018,1012,832.308,0.182588,1.053
PNW74093,1293,1113.308,0.000000,0.000
PNW74092,3040,2860.308,0.706094,14.000
PNW74213,2368,2188.308,4.416861,67.000
PNW74226,2260,2080.308,15.333376,221.115
PNW73887,2471,2291.308,6.358949,101.000
PNW74278,3063,2883.308,3.752619,75.003
PNW74244,4732,4552.308,1.205386,38.037
PNW73663,1382,1202.308,0.000000,0.000
PNW74405,6337,6157.308,3.815960,162.872
PNW74050,2826,2646.308,6.814540,125.006
PNW74071,1402,1222.308,0.122148,1.035
PNW74009,1745,1565.308,392.661902,4260.604
PNW74329,5189,5009.308,2.707058,94.000
PNW74006,1728,1548.308,48.059486,515.809
PNW74005,1892,1712.308,0.200865,2.384
PNW73734,3297,3117.308,1.249486,27.000
PNW74316,5022,4842.308,3.665046,123.022
PNW73802,3463,3283.308,0.483313,11.000
PNW74003,3024,2844.308,7.619896,150.237
PNW73664,2513,2333.308,22.896514,370.334
PNW74110,1353,1173.308,3.442654,28.000
PNW73522,3082,2902.308,19.006674,382.386
PNW73683,9281,9101.308,0.618170,39.000
PNW74064,4108,3928.308,5.107594,139.083
PNW73611,6266,6086.308,0.118512,5.000
PNW74151,3815,3635.308,0.039683,1.000
PNW74100,1323,1143.308,0.883247,7.000
PNW74343,2677,2497.308,1.617459,28.000
PNW73560,1838,1658.308,12.439830,142.999
PNW73907,3796,3616.308,0.598375,15.000
PNW74061,2018,1838.308,0.313898,4.000
PNW74218,5203,5023.308,0.000000,0.000
PNW74217,5125,4945.308,4.177262,143.198
PNW74203,4190,4010.308,1.886044,52.430
PNW74248,7934,7754.308,1.676334,90.107
PNW73984,2093,1913.308,3.554562,47.144
PNW74412,1941,1761.308,31.189472,380.799
PNW74250,1054,874.308,1.331105,8.067
PNW74205,625,445.633,4.855802,15.000
PNW74206,4072,3892.308,20.827220,561.941
PNW74037,3221,3041.308,13.071135,275.566
PNW73579,6191,6011.308,4.611298,192.152
PNW74160,1795,1615.308,1.696859,19.000
PNW73757,2178,1998.308,0.938487,13.000
PNW73590,2489,2309.308,1.499971,24.011
PNW73910,4160,3980.308,4.242908,117.067
PNW74257,2534,2354.308,6.495680,106.008
PNW73719,2321,2141.308,0.538962,8.000
PNW74262,2411,2231.308,12.090804,187.011
PNW73755,1781,1601.308,25.908505,287.587
PNW73754,330,156.898,19.707660,21.434
PNW74261,2192,2012.308,9.176251,128.001
PNW73942,1585,1405.308,6.553832,63.844
PNW74140,1476,1296.308,82.272788,739.294
PNW73981,5538,5358.308,24.785992,920.633
PNW73758,543,363.859,0.000000,0.000
PNW74127,2336,2156.308,0.000000,0.000
PNW74126,2186,2006.308,38.675407,537.880
PNW74243,4467,4287.308,2.911871,86.538
PNW74153,2101,1921.308,7.057945,94.000
PNW73880,11097,10917.308,4.679742,354.152
PNW74157,8771,8591.308,0.000000,0.000
PNW74156,8738,8558.308,15.303000,907.856
PNW74088,1659,1479.308,55.487805,568.995
PNW73535,3568,3388.308,9.325109,219.023
PNW74098,2265,2085.308,51.373367,742.610
PNW74305,5740,5560.308,2.880139,111.011
PNW74344,2412,2232.308,5.363953,83.003
PNW73889,2108,1928.308,0.000000,0.000
PNW74375,11163,10983.308,0.838925,63.872
PNW74292,6389,6209.308,1.812170,78.000
PNW74293,6989,6809.308,0.000000,0.000
PNW73860,2172,1992.308,7.819250,107.988
PNW74376,2713,2533.308,3.354517,58.908
PNW73555,2943,2763.308,6.252707,119.771
PNW73733,2437,2257.308,3.578859,56.000
PNW73788,4893,4713.308,35.518690,1160.474
PNW73545,2650,2470.308,6.890872,117.999
PNW74159,1142,962.308,2.248664,15.000
PNW73528,6807,6627.308,1.088379,50.000
PNW73686,6423,6243.308,0.854938,37.000
PNW73740,571,391.765,0.368232,1.000
PNW73646,3971,3791.308,1.480523,38.910
PNW74345,4926,4746.308,4.683356,154.087
PNW73508,6993,6813.308,3.843714,181.536
PNW74148,3842,3662.308,7.130603,181.023
PNW74010,1676,1496.308,3024.144020,31367.224
PNW73852,2340,2160.308,16.374609,245.211
PNW74401,3199,3019.308,23.662938,495.255
PNW73606,2134,1954.308,0.073817,1.000
PNW73529,2269,2089.308,0.000000,0.000
PNW74422,1582,1402.308,80.330153,780.863
PNW73710,1831,1651.308,1.351765,15.473
PNW73676,5121,4941.308,0.262753,9.000
PNW73668,1636,1456.308,199.179617,2010.716
PNW74039,2236,2056.308,5.822873,83.000
PNW74020,2456,2276.308,6.972626,110.022
PNW74161,2856,2676.308,11.915018,221.046
PNW73840,12203,12023.308,23.131952,1927.919
PNW73815,937,757.328,1.529983,8.032
PNW74296,2675,2495.308,2.731449,47.247
PNW74295,1440,1260.308,2.146608,18.753
PNW73630,10548,10368.308,0.000000,0.000
PNW73629,10931,10751.308,0.505425,37.668
PNW73752,7882,7702.308,2.477014,132.252
PNW73753,7945,7765.308,1.735770,93.434
PNW74154,3173,2993.308,2.024162,42.000
PNW74155,3179,2999.308,0.000000,0.000
PNW73794,4987,4807.308,2.460704,82.000
PNW73662,1791,1611.308,439.457977,4908.497
PNW73844,3811,3631.308,5.803446,146.084
PNW73904,2519,2339.308,1.973377,32.000
PNW74253,17649,17469.308,0.760874,92.138
PNW74210,4067,3887.308,1.233437,33.237
PNW73950,8622,8442.308,1.292086,75.614
PNW73558,1904,1724.308,1.254942,15.000
PNW73764,1356,1176.308,63.517721,517.927
PNW73724,788,608.486,0.000000,0.000
PNW73723,1252,1072.308,0.000000,0.000
PNW74057,4446,4266.308,24.136531,713.805
PNW73512,1609,1429.308,1.816745,18.000
PNW73979,1639,1459.308,5.931324,60.000
PNW74174,4657,4477.308,0.000000,0.000
PNW73795,3009,2829.308,0.000000,0.000
PNW73796,2657,2477.308,45.662038,784.130
PNW74167,4898,4718.308,0.917239,30.000
PNW74325,2098,1918.308,5.494612,73.065
PNW74141,2071,1891.308,0.000000,0.000
PNW73976,1551,1371.308,12.980082,123.386
PNW74187,2711,2531.308,61.189115,1073.672
PNW73563,8230,8050.308,0.000000,0.000
PNW73927,6754,6574.308,0.504691,23.000
PNW74196,2951,2771.308,4.425106,85.008
PNW73516,1721,1541.308,163.888436,1751.017
PNW73949,4440,4260.308,4.268240,126.050
PNW74371,1421,1241.308,13.500154,116.164
PNW73899,6579,6399.308,0.112716,5.000
PNW73863,870,690.389,8.986727,43.008
PNW73726,832,652.436,0.442221,2.000
PNW73546,4002,3822.308,2.381755,63.107
PNW74207,7226,7046.308,6.611385,322.929
PNW73618,2427,2247.308,38.376829,597.839
PNW74326,6223,6043.308,22.364206,936.873
PNW73760,879,699.375,0.449633,2.180
PNW73766,1413,1233.308,6.668433,57.010
PNW73568,3127,2947.308,18.701650,382.083
PNW73721,5258,5078.308,4.633497,163.110
PNW73912,1820,1640.308,113.499024,1290.536
PNW74080,3821,3641.308,2.020506,51.000
PNW74185,1916,1736.308,0.000000,0.000
PNW73851,1781,1601.308,2.702675,30.000
PNW73743,1499,1319.308,11.044811,101.008
PNW73759,4477,4297.308,1.310723,39.045
PNW73605,2645,2465.308,107.495152,1837.015
PNW73619,2608,2428.308,61.187841,1029.963
PNW73551,7519,7339.308,2.221114,113.000
PNW73865,3314,3134.308,2.704511,58.760
PNW73894,907,727.350,4024.616424,20291.791
PNW73933,2391,2211.308,217.874427,3339.705
PNW73855,4653,4473.308,4.706932,145.955
PNW73716,8671,8491.308,0.033978,2.000
PNW74284,876,696.381,0.000000,0.000
PNW73858,1758,1578.308,4.387295,48.000
PNW73592,1656,1476.308,10.651160,109.000
PNW73594,2224,2044.308,4.932639,69.900
PNW74301,9531,9351.308,1.002740,65.000
PNW74107,2500,2320.308,0.124346,2.000
PNW74395,4286,4106.308,3.992244,113.637
PNW74392,3641,3461.308,0.041678,1.000
PNW73539,1273,1093.308,15.700684,118.991
PNW74001,2795,2615.308,10.967230,198.826
PNW74114,1019,839.308,15.310159,89.075
PNW73649,2620,2440.308,1.300545,22.000
PNW74287,4136,3956.308,4.630854,127.000
PNW74297,6998,6818.308,2.115782,100.000
PNW73626,8121,7941.308,2.125403,117.000
PNW74299,1944,1764.308,0.899427,11.000
PNW73771,1514,1334.308,5.300606,49.027
PNW74260,2280,2100.308,12.440572,181.124
PNW74294,5580,5400.308,6.460432,241.843
PNW73708,3216,3036.308,0.000000,0.000
PNW74169,1088,908.308,41.134419,258.995
PNW74087,3148,2968.308,4.422622,91.000
PNW73876,487,308.191,111.913232,239.086
PNW73956,1441,1261.308,15.409365,134.728
PNW73751,2913,2733.308,14.254721,270.085
PNW73960,4395,4215.308,0.718683,21.000
PNW74201,1820,1640.308,30.606011,348.004
PNW73813,2440,2260.308,6.725449,105.376
PNW73774,3426,3246.308,8.741840,196.718
PNW74319,2341,2161.308,396.028754,5933.295
PNW74342,2630,2450.308,47.434596,805.691
PNW73821,2135,1955.308,1.106684,15.000
PNW73801,3526,3346.308,19.914906,461.952
PNW74400,6645,6465.308,0.022313,1.000
PNW73877,3112,2932.308,0.787151,16.000
PNW74283,1535,1355.308,0.000000,0.000
PNW73562,5418,5238.308,3.581172,130.038
PNW73968,1460,1280.308,1.804385,16.014
PNW74015,2794,2614.308,17.227966,312.207
PNW74022,4560,4380.308,11.088798,336.699
PNW74143,2538,2358.308,130.746931,2137.394
PNW73806,2365,2185.308,450.739352,6827.956
PNW73671,1969,1789.308,4.281525,53.105
PNW73883,1562,1382.308,0.106053,1.016
PNW73608,1262,1082.308,26.798579,201.055
PNW73554,5018,4838.308,0.775363,26.005
PNW73847,4916,4736.308,0.517793,17.000
PNW74199,4817,4637.308,9.332678,300.002
PNW73994,2355,2175.308,0.136555,2.059
PNW73923,2379,2199.308,12.001370,182.966
PNW74270,3325,3145.308,35.477774,773.521
PNW73632,11548,11368.308,0.000000,0.000
PNW73612,2739,2559.308,13.293089,235.831
PNW73692,942,762.326,0.378489,2.000
PNW73586,6961,6781.308,1.563314,73.487
PNW74246,6223,6043.308,0.549036,23.000
PNW73737,2974,2794.308,5.627313,109.000
PNW73544,9320,9140.308,4.749401,300.921
PNW73830,1776,1596.308,0.000000,0.000
PNW73846,2468,2288.308,0.441297,7.000
PNW73550,2233,2053.308,0.281030,4.000
PNW74336,10247,10067.308,1.232346,86.000
PNW74327,12167,11987.308,1.745000,145.001
PNW74264,1511,1331.308,32.515663,300.071
PNW74069,5866,5686.308,27.007340,1064.547
PNW73798,2209,2029.308,1.492859,21.000
PNW74152,2969,2789.308,5.075424,98.134
PNW73808,1220,1040.308,72.797781,524.968
PNW73749,8669,8489.308,3.423348,201.454
PNW73803,1456,1276.308,273.980349,2423.972
PNW74016,3321,3141.308,0.047190,1.028
PNW73892,982,802.313,0.000000,0.000
PNW74056,1891,1711.308,96.408054,1143.653
PNW73896,3519,3339.308,0.303825,7.033
PNW73829,1441,1261.308,0.114374,1.000
PNW74259,4725,4545.308,5.963604,187.899
PNW73698,996,816.309,0.353446,2.000
PNW74186,3499,3319.308,86.993271,2001.639
PNW74276,1512,1332.308,68.018666,628.182
PNW73659,7441,7261.308,1.728630,87.010
PNW74033,1742,1562.308,6.585597,71.321
PNW74396,2871,2691.308,37.447481,698.616
PNW74048,3694,3514.308,15.600843,380.050
PNW74274,1681,1501.308,1.825707,19.000
PNW73653,2851,2671.308,0.432030,8.000
PNW74195,913,733.343,5.508059,28.000
PNW73914,2306,2126.308,14.033562,206.846
PNW73543,4276,4096.308,5.210508,147.953
PNW73631,6008,5828.308,0.464648,18.772
PNW74109,5556,5376.308,0.134163,5.000
PNW73696,1109,929.308,30.581685,197.003
PNW73587,3783,3603.308,1.681494,42.000
PNW73556,700,520.550,0.682196,2.462
PNW74038,3838,3658.308,2.050551,52.000
PNW73736,1658,1478.308,15.028069,154.000
PNW74124,3179,2999.308,2.549190,53.000
PNW73772,16056,15876.308,2.475175,272.401
PNW73888,1879,1699.308,12.733809,149.997
PNW73559,1701,1521.308,9.577488,101.000
PNW73921,4387,4207.308,0.857202,25.000
PNW73973,2514,2334.308,17.571164,284.323
PNW74138,4117,3937.308,2.821232,77.000
PNW74324,3000,2820.308,60.836473,1189.359
PNW73825,4167,3987.308,17.059252,471.512
PNW73541,6532,6352.308,4.594434,202.309
PNW73682,3123,2943.308,54.952935,1121.190
PNW73738,3898,3718.308,4.772074,123.000
PNW74059,5362,5182.308,1.224833,44.000
PNW73248,1332,1152.308,32.431558,259.053
PNW73073,1138,958.308,247.715206,1645.548
PNW73459,1797,1617.308,1.070375,12.000
PNW73289,2346,2166.308,0.000000,0.000
PNW72936,3362,3182.308,6.059242,133.664
PNW72937,2991,2811.308,8.352774,162.776
PNW72938,1635,1455.308,0.172839,1.744
PNW73368,1536,1356.308,13.150891,123.642
PNW73369,2746,2566.308,19.838958,352.923
PNW73326,913,733.343,142.034085,722.025
PNW73170,922,742.336,0.000000,0.000
PNW73171,1684,1504.308,0.095898,1.000
PNW73168,6283,6103.308,0.000000,0.000
PNW73169,6994,6814.308,0.000000,0.000
PNW73182,4093,3913.308,0.000000,0.000
PNW73183,3977,3797.308,0.000000,0.000
PNW73184,4152,3972.308,0.000000,0.000
PNW73465,1864,1684.308,1.884294,22.000
PNW73503,1206,1026.308,0.000000,0.000
PNW73504,2535,2355.308,2.616486,42.719
PNW73502,2545,2365.308,0.572395,9.385
PNW73254,3641,3461.308,4.459549,107.000
PNW73176,3510,3330.308,16.720788,386.006
PNW73206,4031,3851.308,5.993474,160.007
PNW73051,2238,2058.308,17.186712,245.220
PNW73312,616,436.655,13.545447,41.000
PNW72843,1382,1202.308,4.204018,35.037
PNW73474,2673,2493.308,0.941614,16.274
PNW73475,2676,2496.308,0.909100,15.731
PNW73480,914,734.341,0.000000,0.000
PNW72898,2988,2808.308,7.551271,147.000
PNW73165,2535,2355.308,1.592477,26.000
PNW73464,2316,2136.308,0.000000,0.000
PNW73082,2142,1962.308,1.176252,16.000
PNW73359,4270,4090.308,2.962621,84.001
PNW72929,12131,11951.308,0.869090,72.000
PNW72930,12134,11954.308,0.000000,0.000
PNW73117,10862,10682.308,1.012862,75.001
PNW73366,2964,2784.308,45.020201,868.915
PNW72914,1221,1041.308,0.000000,0.000
PNW72913,3733,3553.308,9.449840,232.761
PNW72915,1359,1179.308,0.872170,7.130
PNW73089,10202,10022.308,1.237879,86.000
PNW73240,726,546.529,0.791873,3.000
PNW72877,3331,3151.308,4.532020,99.000
PNW73106,4502,4322.308,1.101402,33.000
PNW73077,2394,2214.308,9.577314,147.006
PNW73047,1737,1557.308,1.667421,18.000
PNW73059,7074,6894.308,0.020925,1.000
PNW73012,1764,1584.308,0.455279,5.000
PNW73072,2898,2718.308,41.280125,777.844
PNW73328,1866,1686.308,0.000000,0.000
PNW73327,915,735.340,0.000000,0.000
PNW73438,5094,4914.308,1.908088,65.000
PNW73342,9093,8913.308,0.016185,1.000
PNW73022,1620,1440.308,2.904625,29.000
PNW73258,5261,5081.308,0.085171,3.000
PNW73228,3660,3480.308,5.773432,139.285
PNW73227,3698,3518.308,6.331052,154.405
PNW73282,1964,1784.308,1.131902,14.000
PNW73396,1559,1379.308,11.444051,109.419
PNW73202,1802,1622.308,0.266769,3.000
PNW73311,2542,2362.308,16.060843,263.001
PNW73445,2385,2205.308,11.774722,180.000
PNW73484,747,567.513,2.232611,8.783
PNW73485,1540,1360.308,2.674635,25.221
PNW73338,1383,1203.308,23.986892,200.080
PNW73042,1981,1801.308,0.961038,12.000
PNW73494,4294,4114.308,0.245442,7.000
PNW72964,2550,2370.308,8.705599,143.040
PNW73194,1115,935.308,0.154238,1.000
PNW73486,687,507.563,0.568443,2.000
PNW73271,999,819.308,0.000000,0.000
PNW73272,1756,1576.308,33.792798,369.248
PNW73439,6924,6744.308,1.219274,57.002
PNW73109,1892,1712.308,134.977098,1602.118
PNW73413,6023,5843.308,14.719503,596.217
PNW73060,1318,1138.308,27.502763,217.015
PNW73370,1320,1140.308,238.089667,1881.982
PNW73319,3434,3254.308,6.704972,151.254
PNW73175,3396,3216.308,4.261032,95.000
PNW72853,3465,3285.308,7.292074,166.066
PNW73004,2902,2722.308,0.794880,15.000
PNW73291,5602,5422.308,1.676019,62.996
PNW73507,2922,2742.308,0.000000,0.000
PNW73009,291,122.345,4.951154,4.199
PNW73008,872,692.386,0.000000,0.000
PNW73010,982,802.313,17.743040,98.679
PNW73046,3715,3535.308,14.323326,351.013
PNW72842,2740,2560.308,2.649120,47.016
PNW72874,3027,2847.308,27.209496,537.041
PNW73133,3249,3069.308,2.021042,43.000
PNW73377,3856,3676.308,889.516660,22668.278
PNW73140,5239,5059.308,0.000000,0.000
PNW73141,5236,5056.308,0.342370,12.000
PNW73386,1938,1758.308,7.553053,92.060
PNW72891,2225,2045.308,0.000000,0.000
PNW73105,1564,1384.308,20.842252,200.000
PNW73506,3382,3202.308,587.014775,13030.608
PNW73307,6949,6769.308,1.511052,70.905
PNW72871,1878,1698.308,0.000000,0.000
PNW72893,3716,3536.308,1.687741,41.372
PNW73107,3331,3151.308,8.659959,189.173
PNW73308,3188,3008.308,0.671356,14.000
PNW73417,870,690.389,1.620296,7.754
PNW72977,2007,1827.308,13.026279,165.000
PNW72950,652,472.595,0.305252,1.000
PNW73250,14130,13950.308,12.379699,1197.144
PNW73415,942,762.326,38.538983,203.654
PNW72894,1892,1712.308,9.099658,108.009
PNW73038,3253,3073.308,0.093880,2.000
PNW73462,1774,1594.308,0.000000,0.000
PNW73314,876,696.381,0.000000,0.000
PNW73457,2237,2057.308,36.959608,527.083
PNW73078,1533,1353.308,13.224553,124.060
PNW72916,2034,1854.308,5.524055,71.006
PNW72996,1326,1146.308,10.826809,86.031
PNW72944,5774,5594.308,19.005182,737.006
PNW73103,3991,3811.308,12.098956,319.650
PNW73322,5176,4996.308,1.637434,56.711
PNW72995,1886,1706.308,7.314711,86.518
PNW73043,3986,3806.308,7.428659,196.005
PNW73283,1207,1027.308,7.303303,52.008
PNW73286,4259,4079.308,6.261642,177.063
PNW73426,3737,3557.308,26.528599,654.167
PNW73391,6292,6112.308,0.983465,41.669
PNW73187,2160,1980.308,0.000000,0.000
PNW73188,1515,1335.308,5.803982,53.723
PNW73450,2110,1930.308,46.730837,625.292
PNW73007,509,330.028,0.000000,0.000
PNW73006,619,439.645,22.029353,67.136
PNW73489,4631,4451.308,31.269685,964.859
PNW72968,1982,1802.308,0.250477,3.129
PNW72967,1612,1432.308,32.590630,323.580
PNW73025,543,363.859,0.000000,0.000
PNW73026,2141,1961.308,4.413192,60.000
PNW72829,13051,12871.308,3.687428,329.002
PNW73260,1988,1808.308,2.875679,36.047
PNW73468,3471,3291.308,0.394477,9.000
PNW73349,12327,12147.308,2.739057,230.639
PNW73321,792,612.483,0.000000,0.000
PNW73032,2093,1913.308,0.000000,0.000
PNW73456,1377,1197.308,12.169223,101.000
PNW72830,1495,1315.308,13.621104,124.192
PNW72912,10732,10552.308,11.845466,866.467
PNW72997,7825,7645.308,24.057479,1274.963
PNW73221,3263,3083.308,4.447599,95.059
PNW73278,5454,5274.308,0.601734,22.000
PNW73208,6901,6721.308,1.330716,62.000
PNW73268,1011,831.308,8.792599,50.668
PNW73267,1327,1147.308,9.435668,75.042
PNW72989,3268,3088.308,9.998709,214.051
PNW72992,1701,1521.308,0.000000,0.000
PNW73230,1711,1531.308,1.789940,19.000
PNW73231,1951,1771.308,0.000000,0.000
PNW73055,7636,7456.308,2.109661,109.041
PNW72860,3978,3798.308,0.113941,3.000
PNW73031,2347,2167.308,47.801172,718.144
PNW73088,3110,2930.308,10.782496,219.021
PNW73302,3602,3422.308,6.154410,146.002
PNW73154,2674,2494.308,1.445897,25.000
PNW73402,1350,1170.308,392.531208,3184.396
PNW72852,1735,1555.308,13.034943,140.533
PNW73150,2074,1894.308,1.218475,16.000
PNW73177,2369,2189.308,0.329466,5.000
PNW73427,2450,2270.308,0.762507,12.000
PNW73435,2264,2084.308,4.221972,61.000
PNW72923,2255,2075.308,18.009888,259.087
PNW72924,1965,1785.308,112.600426,1393.496
PNW73186,2036,1856.308,21.987867,282.934
PNW73185,3299,3119.308,0.000000,0.000
PNW73238,2905,2725.308,25.413629,480.103
PNW73309,5105,4925.308,0.087869,3.000
PNW73470,1699,1519.308,2.298126,24.203
PNW73330,2221,2041.308,5.199561,73.575
PNW73336,6794,6614.308,0.000000,0.000
PNW73335,4681,4501.308,0.794015,24.775
PNW73337,2662,2482.308,0.755501,13.000
PNW73108,2610,2430.308,0.059359,1.000
PNW73134,963,783.318,0.000000,0.000
PNW73261,1923,1743.308,68.088821,822.816
PNW72908,3209,3029.308,2.571567,54.000
PNW73491,2016,1836.308,0.549921,7.000
PNW72876,812,632.464,5.702319,25.000
PNW73119,6846,6666.308,2.466987,114.000
PNW73265,2175,1995.308,51.716643,715.308
PNW73264,1008,828.308,19.141704,109.907
PNW73049,3130,2950.308,1.955870,40.000
PNW73173,2375,2195.308,160.673311,2445.073
PNW73351,7090,6910.308,0.765569,36.672
PNW73052,2911,2731.308,0.000000,0.000
PNW73277,3909,3729.308,14.625659,378.091
PNW72928,5465,5285.308,4.503613,165.000
PNW73160,2754,2574.308,0.560386,10.000
PNW73121,744,564.515,0.000000,0.000
PNW73120,1579,1399.308,89.134297,864.591
PNW72941,3008,2828.308,17.863143,350.217
PNW73044,5839,5659.308,2.123180,83.292
PNW73079,3392,3212.308,4.041781,90.000
PNW73029,1920,1740.308,0.994724,12.000
PNW73381,2870,2690.308,8.501407,158.542
PNW73380,1950,1770.308,0.000000,0.000
PNW73384,1811,1631.308,0.353730,4.000
PNW73285,1988,1808.308,0.000000,0.000
PNW73408,2025,1845.308,1.500943,19.199
PNW73409,2455,2275.308,2.206455,34.801
PNW73199,1865,1685.308,2.567967,30.000
PNW72976,3120,2940.308,0.000000,0.000
PNW72975,4694,4514.308,16.841522,527.018
PNW73148,4102,3922.308,0.073585,2.001
PNW73147,2398,2218.308,1195.163860,18378.154
PNW73192,1328,1148.308,1.552140,12.355
PNW73339,1754,1574.308,2.657392,29.000
PNW73367,4135,3955.308,17.035852,467.086
PNW73434,3576,3396.308,16.439139,387.025
PNW73167,1809,1629.308,3.984388,45.001
PNW73196,3783,3603.308,3.522178,87.976
PNW73207,3306,3126.308,1.199745,26.000
PNW73288,5476,5296.308,2.451569,90.006
PNW73392,4965,4785.308,37.612080,1247.641
PNW73393,4465,4285.308,0.000000,0.000
PNW73017,2438,2258.308,1.516789,23.744
PNW73130,2703,2523.308,3.258757,57.000
PNW73298,2147,1967.308,1.173262,16.000
PNW73162,1957,1777.308,8.106624,99.875
PNW73163,1861,1681.308,19.656530,229.090
PNW72966,25774,25594.308,2.600908,461.446
PNW73398,1416,1236.308,11.901113,101.992
PNW73405,3942,3762.308,22.788593,594.326
PNW73164,5872,5692.308,14.953308,590.036
PNW72863,1580,1400.308,12.880315,125.027
PNW73499,1785,1605.308,8.935083,99.428
PNW72991,1965,1785.308,35.242652,436.148
PNW73115,2104,1924.308,6.148575,82.017
PNW73205,5528,5348.308,0.000000,0.000
PNW73204,5585,5405.308,0.533861,20.003
PNW73064,1526,1346.308,24.541299,229.031
PNW73323,5476,5296.308,2.822567,103.626
PNW73068,2654,2474.308,37.875359,649.626
PNW73498,1059,879.308,12.594342,76.766
PNW72850,2888,2708.308,0.958786,18.000
PNW73493,2998,2818.308,0.614127,11.998
PNW73092,1657,1477.308,0.000000,0.000
PNW72847,1064,884.308,0.815669,5.000
PNW72861,2016,1836.308,3.299523,42.000
PNW73024,3839,3659.308,4.026448,102.135
PNW73472,3674,3494.308,2.064428,50.005
PNW72866,4141,3961.308,9.365376,257.168
PNW73301,6192,6012.308,3.044459,126.883
PNW73018,884,704.367,0.000000,0.000
PNW72890,2276,2096.308,0.000000,0.000
PNW73395,6033,5853.308,1.159104,47.030
PNW73273,5740,5560.308,6.390014,246.294
PNW72867,1523,1343.308,9.595359,89.349
PNW73263,1615,1435.308,0.000000,0.000
PNW73262,1647,1467.308,48.470179,493.002
PNW72836,1572,1392.308,7.163386,69.136
PNW73086,3722,3542.308,22.969434,564.013
PNW73466,3026,2846.308,1.368451,27.000
PNW73094,1746,1566.308,0.184204,2.000
PNW72910,3027,2847.308,18.857825,372.202
PNW73344,10219,10039.308,3.916073,272.525
PNW73418,5995,5815.308,4.923263,198.462
PNW73419,6102,5922.308,0.397826,16.332
PNW73112,3458,3278.308,0.044005,1.000
PNW72978,2614,2434.308,3.437161,58.000
PNW72987,4072,3892.308,8.964885,241.883
PNW72959,10240,10060.308,1.978861,138.000
PNW73363,2342,2162.308,44.019149,659.799
PNW73156,6822,6642.308,3.953267,182.024
PNW73257,1552,1372.308,1.366593,13.000
PNW73023,848,668.418,0.215824,1.000
PNW73226,2133,1953.308,0.235479,3.188
PNW73225,3629,3449.308,1.776372,42.474
PNW72961,1939,1759.308,16.260334,198.301
PNW72999,2421,2241.308,18.962671,294.614
PNW72998,3626,3446.308,40.106936,958.134
PNW72960,1824,1644.308,3.597063,41.000
PNW73440,1332,1152.308,0.000000,0.000
PNW73404,2591,2411.308,0.598267,10.000
PNW73451,1196,1016.308,0.000000,0.000
PNW72834,10346,10166.308,1.291295,91.000
PNW73033,2778,2598.308,1.409899,25.394
PNW73495,1311,1131.308,0.255033,2.000
PNW73373,3124,2944.308,0.000000,0.000
PNW73436,1747,1567.308,83.871640,911.218
PNW73305,4910,4730.308,0.030853,1.012
PNW73355,9733,9553.308,0.105704,7.000
PNW73453,6937,6757.308,1.777285,83.250
PNW72837,5998,5818.308,3.965192,159.924
PNW72901,1204,1024.308,104.766521,743.885
PNW73422,6103,5923.308,0.974215,40.001
PNW73085,4218,4038.308,27.836468,779.231
PNW72907,1184,1004.308,26.507243,184.537
PNW73313,2080,1900.308,2.353342,31.000
PNW73352,4344,4164.308,14.992272,432.776
PNW73099,2585,2405.308,0.119952,2.000
PNW72865,4689,4509.308,1.535602,48.000
PNW72831,3932,3752.308,4.094566,106.502
PNW72832,4092,3912.308,0.000000,0.000
PNW73348,6576,6396.308,5.255085,233.003
PNW72982,2184,2004.308,12.819129,178.105
PNW73346,8963,8783.308,4.418162,269.000
PNW73364,1754,1574.308,23.491594,256.363
PNW72971,7416,7236.308,1.562490,78.377
PNW73152,3574,3394.308,32.872620,773.460
PNW73161,2108,1928.308,3.441350,46.000
PNW73378,2656,2476.308,2.191993,37.627
PNW73174,623,443.637,0.000000,0.000
PNW73479,4938,4758.308,0.424446,14.000
PNW73304,7908,7728.308,2.557311,137.000
PNW72903,2500,2320.308,0.870422,14.000
PNW73247,3589,3409.308,0.000000,0.000
PNW73448,2303,2123.308,2.174124,32.000
PNW72953,3312,3132.308,1.429480,31.038
PNW72954,4445,4265.308,0.694735,20.541
PNW73255,2807,2627.308,17.592974,320.408
PNW73256,2696,2516.308,0.000000,0.000
PNW72906,1501,1321.308,140.588452,1287.675
PNW73172,1899,1719.308,0.419531,5.000
PNW72942,602,422.689,1.365168,4.000
PNW73157,3778,3598.308,4.530458,113.004
PNW73179,12263,12083.308,0.238777,20.000
PNW73324,1555,1375.308,6.021443,57.405
PNW73137,2139,1959.308,2.797875,38.000
PNW72879,4850,4670.308,11.892368,385.005
PNW73104,5580,5400.308,0.053427,2.000
PNW73383,4090,3910.308,4.062145,110.108
PNW73116,3731,3551.308,63.394770,1560.610
PNW73069,6390,6210.308,12.468508,536.760
PNW73425,4305,4125.308,8.960732,256.243
PNW72855,1200,1020.308,11.831524,83.681
PNW73437,2118,1938.308,0.148852,2.000
PNW73441,3040,2860.308,1.109577,22.000
PNW73492,2099,1919.308,2.484843,33.059
PNW73376,5558,5378.308,4.260261,158.831
PNW72911,2356,2176.308,16.355583,246.740
PNW73002,1330,1150.308,50.169938,400.046
PNW72902,4804,4624.308,0.000000,0.000
PNW72965,2510,2330.308,0.061906,1.000
PNW73433,1716,1536.308,28.807234,306.784
PNW73432,1713,1533.308,12.671995,134.687
PNW73421,6575,6395.308,1.308320,58.000
PNW72986,1428,1248.308,51.357025,444.400
PNW73093,1703,1523.308,0.000000,0.000
PNW73054,1038,858.308,0.000000,0.000
PNW73430,2736,2556.308,5.609994,99.410
PNW73389,3262,3082.308,6.028443,128.805
PNW73149,2980,2800.308,331.985987,6444.335
PNW73155,2980,2800.308,13.078582,253.874
PNW72862,6110,5930.308,5.838317,240.003
PNW73195,2518,2338.308,2.159304,35.000
PNW73374,4140,3960.308,0.364266,10.000
PNW73016,2661,2481.308,1.061364,18.256
PNW72875,4553,4373.308,4.651109,141.000
PNW72856,1353,1173.308,4.855658,39.492
PNW73035,4019,3839.308,0.939365,25.000
PNW73306,5918,5738.308,15.276561,607.662
PNW73239,8953,8773.308,3.768912,229.209
PNW72926,6555,6375.308,6.697890,296.000
PNW73158,1497,1317.308,6.899230,63.000
PNW73139,1577,1397.308,0.271267,2.627
PNW73310,2348,2168.308,0.000000,0.000
PNW73166,1138,958.308,5156.006764,34250.843
PNW73201,3003,2823.308,3.372457,66.002
PNW72833,14328,14148.308,1.692587,166.000
PNW73212,3431,3251.308,9.228958,208.000
PNW73131,1485,1305.308,4.702502,42.550
PNW72905,1440,1260.308,5.591945,48.853
PNW72904,2484,2304.308,14.860723,237.374
PNW73315,1768,1588.308,0.090827,1.000
PNW73011,2055,1875.308,0.000000,0.000
PNW73063,3192,3012.308,25.707507,536.799
PNW73410,2087,1907.308,14.975860,198.000
PNW72882,3697,3517.308,0.410145,10.000
PNW73379,8899,8719.308,2.376215,143.622
PNW73039,4568,4388.308,3.275532,99.639
PNW73040,4588,4408.308,0.059521,1.819
PNW73125,4165,3985.308,1.303131,36.000
PNW73463,1035,855.308,0.000000,0.000
PNW72988,4119,3939.308,0.292966,8.000
PNW73388,2251,2071.308,5.571764,80.000
PNW73058,7843,7663.308,2.936678,156.000
PNW73197,1591,1411.308,13.420891,131.297
PNW72972,2712,2532.308,30.530356,535.921
PNW73292,7378,7198.308,3.146420,157.000
PNW73189,2421,2241.308,0.115597,1.796
PNW73050,1844,1664.308,30.945238,357.010
PNW73159,5601,5421.308,1.447884,54.411
PNW73270,1875,1695.308,20.789664,244.314
PNW73123,1126,946.308,0.000000,0.000
PNW73252,5512,5332.308,1.190388,44.000
PNW73274,3731,3551.308,1.665494,41.000
PNW72927,8716,8536.308,1.998942,118.283
PNW73034,1727,1547.308,39.351297,422.074
PNW73412,3692,3512.308,6.256410,152.325
PNW73218,6871,6691.308,0.819257,38.000
PNW73488,4510,4330.308,5.175041,155.341
PNW73222,4963,4783.308,1.690021,56.037
PNW73487,3602,3422.308,18.531388,439.622
PNW72870,3236,3056.308,0.094402,2.000
PNW73234,2316,2136.308,1.485615,22.000
PNW73245,3626,3446.308,0.000000,0.000
PNW73460,2327,2147.308,0.877377,13.060
PNW72985,2873,2693.308,55.070810,1028.158
PNW73021,4759,4579.308,0.850582,27.000
PNW72984,1575,1395.308,15.198370,147.001
PNW72835,3334,3154.308,0.517519,11.316
PNW73296,6791,6611.308,0.152742,7.000
PNW73102,10268,10088.308,4.105414,287.096
PNW73473,6354,6174.308,0.630883,27.002
PNW72917,3050,2870.308,21.955558,436.843
PNW73135,3439,3259.308,2.562976,57.906
PNW73411,6115,5935.308,0.218284,8.981
PNW73293,717,537.538,2.683729,10.000
PNW73458,3678,3498.308,17.751681,430.477
PNW72848,2098,1918.308,12.577557,167.250
PNW72849,2276,2096.308,8.739690,127.000
PNW72920,8375,8195.308,2.689392,152.782
PNW73407,4909,4729.308,1.189637,39.000
PNW73482,4512,4332.308,3.204267,96.228
PNW72963,1297,1117.308,0.000000,0.000
PNW73193,2629,2449.308,3.592807,61.000
PNW73362,3695,3515.308,20.485268,499.180
PNW73446,3703,3523.308,0.450391,11.000
PNW73145,4771,4591.308,4.273209,136.001
PNW73014,2952,2772.308,2.185522,42.000
PNW73001,908,728.349,109.727640,553.998
PNW73253,3882,3702.308,1.168764,29.995
PNW73353,1866,1686.308,42.000023,490.952
PNW73358,3676,3496.308,0.578147,14.012
PNW73056,1172,992.308,46.203816,317.817
PNW73316,1177,997.308,14.031037,97.000
PNW73350,3941,3761.308,2.071106,54.000
PNW72994,1899,1719.308,2.929935,34.919
PNW73005,1564,1384.308,2.501377,24.003
PNW72939,1363,1183.308,0.121913,1.000
PNW72974,2453,2273.308,7.297716,115.000
PNW72952,2425,2245.308,0.091292,1.421
PNW73080,3408,3228.308,3.485691,78.004
PNW73233,2895,2715.308,0.000000,0.000
PNW72993,452,273.586,0.000000,0.000
PNW73142,1776,1596.308,44.998753,497.932
PNW73211,3116,2936.308,0.736948,15.000
PNW73329,1931,1751.308,1.647479,20.000
PNW73481,2603,2423.308,7.144383,120.012
PNW73237,2186,2006.308,21.933339,305.039
PNW73098,4098,3918.308,11.182675,303.736
PNW73403,2413,2233.308,90.842909,1406.346
PNW73216,3941,3761.308,3.456933,90.133
PNW73215,3324,3144.308,0.000000,0.000
PNW73217,3053,2873.308,4.924936,98.092
PNW72884,2805,2625.308,0.604449,11.000
PNW73122,2660,2480.308,5.293086,91.005
PNW73124,2973,2793.308,1.600996,31.000
PNW73496,1528,1348.308,2.567849,24.000
PNW73490,4896,4716.308,3.973196,129.896
PNW73442,5755,5575.308,0.698622,27.000
PNW73478,5763,5583.308,0.310054,12.000
PNW72840,6422,6242.308,8.042197,347.995
PNW72900,3105,2925.308,0.405683,8.226
PNW73223,3161,2981.308,2.226846,46.020
PNW73037,1493,1313.308,0.439380,4.000
PNW73220,2633,2453.308,0.000000,0.000
PNW73455,2832,2652.308,0.924639,17.000
PNW73497,2432,2252.308,3.042635,47.504
PNW72979,674,494.576,0.000000,0.000
PNW72886,2316,2136.308,45.136790,668.416
PNW73219,1166,986.308,0.585052,4.000
PNW73372,4744,4564.308,1.706751,54.000
PNW73454,6292,6112.308,5.324612,225.603
PNW72895,4737,4557.308,2.469072,78.000
PNW73243,5497,5317.308,1.437909,53.000
PNW73028,4452,4272.308,4.272769,126.539
PNW73061,1048,868.308,0.000000,0.000
PNW72921,3101,2921.308,3.259223,66.000
PNW72885,2506,2326.308,4.226577,68.157
PNW73428,3862,3682.308,0.274237,7.000
PNW73387,2449,2269.308,2.034248,32.000
PNW72857,3103,2923.308,4.046567,82.000
PNW72851,838,658.429,7.519321,34.319
PNW73382,1622,1442.308,0.800165,8.000
PNW72980,1775,1595.308,86.686288,958.622
PNW73126,12325,12145.308,3.298176,277.674
PNW73269,4575,4395.308,5.218868,159.008
PNW73505,2574,2394.308,668.935775,11102.404
PNW73477,16238,16058.308,0.647400,72.065
PNW72892,3402,3222.308,2.568900,57.381
PNW72897,3002,2822.308,4.447133,87.004
PNW73013,1417,1237.308,110.854327,950.787
PNW73483,1133,953.308,73.046301,482.708
PNW73332,4067,3887.308,30.704274,827.371
PNW72858,1996,1816.308,0.635401,8.000
PNW73144,1081,901.308,21.447609,134.000
PNW73443,2417,2237.308,0.193438,3.000
PNW72948,3994,3814.308,37.788166,999.135
PNW73246,1588,1408.308,0.000000,0.000
PNW72940,1320,1140.308,842.284550,6657.845
PNW73397,1636,1456.308,19.238171,194.209
PNW73294,1037,857.308,5926.648204,35220.759
PNW73371,11352,11172.308,0.840174,65.068
PNW73020,1401,1221.308,0.118120,1.000
PNW73095,2780,2600.308,0.000000,0.000
PNW72887,2446,2266.308,11.286624,177.311
PNW72864,4012,3832.308,9.687402,257.348
PNW73048,902,722.355,0.000000,0.000
PNW73062,3275,3095.308,14.639642,314.114
PNW72889,1702,1522.308,0.000000,0.000
PNW72888,1648,1468.308,0.000000,0.000
PNW73027,2917,2737.308,1.739153,33.000
PNW73361,4692,4512.308,0.703677,22.010
PNW73191,2957,2777.308,0.000000,0.000
PNW73087,4594,4414.308,1.538807,47.087
PNW73469,8902,8722.308,23.563177,1424.682
PNW72922,2597,2417.308,20.679621,346.519
PNW73471,4555,4375.308,1.189888,36.088
PNW72899,1312,1132.308,2.548078,20.000
PNW73399,7119,6939.308,2.123444,102.143
PNW73287,2965,2785.308,19.996439,386.081
PNW73297,1703,1523.308,28.905278,305.223
PNW73128,2656,2476.308,2.971070,51.000
PNW73146,2643,2463.308,71.284535,1217.213
PNW73132,3000,2820.308,0.000000,0.000
PNW73067,1664,1484.308,75.772122,779.626
PNW73136,3137,2957.308,26.385563,540.898
PNW73114,1701,1521.308,35.287052,372.122
PNW73113,1525,1345.308,125.399293,1169.417
PNW72947,3803,3623.308,4.341526,109.044
PNW73030,4951,4771.308,0.030279,1.001
PNW73045,4212,4032.308,26.429979,738.759
PNW73070,5571,5391.308,3.132306,117.061
PNW72872,1820,1640.308,5.540673,63.000
PNW73295,1207,1027.308,46.814525,333.376
PNW72838,2748,2568.308,0.905372,16.119
PNW73097,1741,1561.308,9.055180,98.003
PNW73341,1410,1230.308,1.407067,12.000
PNW73229,2441,2261.308,2.679397,42.000
PNW73209,1938,1758.308,0.902576,11.001
PNW73317,5858,5678.308,0.127028,5.000
PNW73074,2894,2714.308,6.696922,126.005
PNW73053,4712,4532.308,0.000000,0.000
PNW72841,2280,2100.308,1.373708,20.000
PNW73244,2583,2403.308,8.463638,141.000
PNW73357,7853,7673.308,0.112802,6.000
PNW73000,2141,1961.308,9.342433,127.016
PNW73075,779,599.490,3448.682178,14331.364
PNW72883,3205,3025.308,2.241795,47.013
PNW73275,2535,2355.308,0.796238,13.000
PNW73071,6667,6487.308,1.697802,76.349
PNW73249,2829,2649.308,8.876247,163.010
PNW73429,1206,1026.308,81.189445,577.604
PNW73210,2429,2249.308,11.295413,176.118
PNW73394,9986,9806.308,1.706475,116.000
PNW73003,1590,1410.308,23.129517,226.117
PNW73084,3263,3083.308,11.650106,249.000
PNW72918,4182,4002.308,5.875070,162.996
PNW73365,2064,1884.308,3.292031,43.000
PNW73251,1493,1313.308,4.505848,41.020
PNW73214,7376,7196.308,1.597156,79.673
PNW73500,4950,4770.308,7.865583,260.094
PNW72932,2019,1839.308,24.000173,306.000
PNW73476,2049,1869.308,12.469533,161.579
PNW73449,5681,5501.308,11.016506,420.109
PNW72981,6672,6492.308,1.784613,80.315
PNW73096,995,815.310,0.000000,0.000
PNW73280,1505,1325.308,40.061578,368.042
PNW73178,3982,3802.308,5.887300,155.173
PNW73414,8220,8040.308,6.907945,385.012
PNW73354,1034,854.308,0.000000,0.000
PNW73501,11799,11619.308,0.658026,53.000
PNW72969,2623,2443.308,9.709440,164.447
PNW72878,4585,4405.308,20.421894,623.627
PNW73019,997,817.309,3.819957,21.642
PNW73190,2163,1983.308,0.000000,0.000
PNW72957,2817,2637.308,2.461496,45.000
PNW73200,5087,4907.308,3.705787,126.060
PNW73138,770,590.498,0.823914,3.373
PNW73236,2599,2419.308,98.811304,1657.106
PNW73266,6934,6754.308,0.384449,18.000
PNW72933,1590,1410.308,0.000000,0.000
PNW72934,3114,2934.308,0.000000,0.000
PNW73083,1823,1643.308,16.374623,186.528
PNW73320,4512,4332.308,1.284617,38.579
PNW73101,2983,2803.308,0.156867,3.048
PNW73343,1177,997.308,0.000000,0.000
PNW73431,1713,1533.308,4.993820,53.078
PNW73420,3455,3275.308,14.639860,332.385
PNW72839,9080,8900.308,1.102177,68.000
PNW72881,1557,1377.308,3.561191,34.000
PNW72962,6908,6728.308,0.921956,43.000
PNW72935,3696,3516.308,5.730877,139.688
PNW73065,1227,1047.308,52.339676,379.978
PNW73416,5150,4970.308,1.253025,43.171
PNW73127,1931,1751.308,0.082373,1.000
PNW73041,5577,5397.308,10.413921,389.623
PNW73444,2048,1868.308,2.239221,29.000
PNW73356,2860,2680.308,10.214197,189.776
PNW73180,2623,2443.308,3.259074,55.198
PNW73347,3349,3169.308,0.910360,20.000
PNW72880,8011,7831.308,1.381575,75.000
PNW72931,1766,1586.308,0.000000,0.000
PNW73390,5841,5661.308,0.492584,19.331
PNW73198,3633,3453.308,6.391511,153.000
PNW73331,5390,5210.308,4.613657,166.633
PNW73181,5573,5393.308,0.454717,17.000
PNW72943,33272,33092.308,5.768665,1323.290
PNW73076,1915,1735.308,6.742146,81.101
PNW73284,2892,2712.308,6.435670,121.000
PNW72990,4204,4024.308,2.115040,59.001
PNW73424,4766,4586.308,1.606317,51.068
PNW73111,2306,2126.308,126.158826,1859.501
PNW72859,3342,3162.308,0.866756,19.000
PNW73461,2293,2113.308,2.385126,34.940
PNW72949,10371,10191.308,3.312575,234.017
PNW72983,904,724.353,2.658436,13.348
PNW73300,2169,1989.308,112.371384,1549.567
PNW73385,872,692.386,0.416705,2.000
PNW73447,4704,4524.308,8.477499,265.872
PNW72958,2320,2140.308,5.407465,80.227
PNW73036,1445,1265.308,0.798085,7.000
PNW73318,13346,13166.308,11.488806,1048.556
PNW73333,2521,2341.308,2.033306,33.000
PNW72945,2574,2394.308,28.101853,466.410
PNW73279,3581,3401.308,0.084826,2.000
PNW73334,6271,6091.308,11.973117,505.557
PNW73360,4578,4398.308,0.987217,30.099
PNW72873,4001,3821.308,0.943802,25.000
PNW73153,1610,1430.308,6.409661,63.550
PNW72951,2493,2313.308,3.180418,51.000
PNW73375,1174,994.308,1.595949,11.000
PNW73100,4906,4726.308,1.007255,33.000
PNW73213,2141,1961.308,4.780958,65.000
PNW73401,1349,1169.308,435.409152,3529.223
PNW73129,3336,3156.308,3.473625,76.000
PNW73203,1745,1565.308,37.066061,402.188
PNW73242,1717,1537.308,49.495292,527.445
PNW73467,4962,4782.308,0.180993,6.000
PNW73281,1239,1059.308,15.110115,110.954
PNW73423,4060,3880.308,10.647365,286.392
PNW73066,1701,1521.308,23.877315,251.800
PNW72845,3493,3313.308,8.767657,201.371
PNW72846,3176,2996.308,1.167901,24.257
PNW73057,2705,2525.308,2.627792,46.000
PNW72925,3282,3102.308,4.929109,106.000
PNW72970,5562,5382.308,4.266338,159.176
PNW73015,2459,2279.308,2.468363,39.000
PNW72956,2804,2624.308,3.792990,69.000
PNW72973,4383,4203.308,6.280690,183.000
PNW73345,2568,2388.308,0.000000,0.000
PNW73224,1451,1271.308,13.049517,115.000
PNW73081,3114,2934.308,9.017049,183.410
PNW73118,1761,1581.308,5.018158,55.006
PNW73143,2814,2634.308,10.572037,193.054
PNW72854,1241,1061.308,0.407781,3.000
PNW72869,2547,2367.308,1.889097,31.000
PNW72909,4273,4093.308,138.297343,3924.107
PNW73400,2169,1989.308,3.770932,52.000
PNW72946,2203,2023.308,60.643323,850.546
PNW72868,963,783.318,9.392887,51.002
PNW72896,3216,3036.308,7.506865,158.000
PNW73151,5758,5578.308,0.000000,0.000
PNW73276,2994,2814.308,1.691571,33.000
PNW72844,1633,1453.308,0.000000,0.000
PNW73340,1293,1113.308,5.960598,46.000
PNW73299,4890,4710.308,18.012299,588.127
PNW73241,1439,1259.308,14.433975,126.000
PNW72919,4805,4625.308,8.322389,266.834
PNW73110,2706,2526.308,295.734742,5178.944
PNW73452,8876,8696.308,1.250127,75.360
PNW72955,7433,7253.308,0.457445,23.000
PNW73232,4605,4425.308,12.883499,395.212
PNW73259,4162,3982.308,6.991493,193.000
PNW73325,1867,1687.308,56.009780,655.105
PNW72655,2567,2387.308,8.274943,136.939
PNW72753,19423,19243.308,0.299866,40.000
PNW72725,4961,4781.308,2.005112,66.457
PNW72630,6157,5977.308,1.496351,62.000
PNW72699,3936,3756.308,6.710287,174.725
PNW72813,10084,9904.308,0.796169,54.662
PNW72735,4227,4047.308,1.913361,53.680
PNW72766,4879,4699.308,9.042839,294.572
PNW72765,4741,4561.308,0.000000,0.000
PNW72621,2289,2109.308,0.000000,0.000
PNW72620,3631,3451.308,9.413129,225.201
PNW72759,198,51.489,0.000000,0.000
PNW72758,1283,1103.308,27.913840,213.486
PNW72626,2374,2194.308,3.024180,46.000
PNW72770,2355,2175.308,0.000000,0.000
PNW72771,2012,1832.308,0.000000,0.000
PNW72701,2679,2499.308,1.123249,19.460
PNW72608,1163,983.308,1576.961610,10748.884
PNW72675,2990,2810.308,3.798615,74.000
PNW72656,4308,4128.308,0.594052,17.000
PNW72611,6856,6676.308,14.428588,667.748
PNW72629,1426,1246.308,63.143000,545.511
PNW72628,1480,1300.308,16.274899,146.696
PNW72627,1492,1312.308,14.856747,135.149
PNW72661,4275,4095.308,0.000000,0.000
PNW72662,4600,4420.308,0.000000,0.000
PNW72685,3572,3392.308,2.339586,55.016
PNW72653,1619,1439.308,4.911224,49.000
PNW72740,4587,4407.308,4.050191,123.738
PNW72799,3111,2931.308,6.545502,133.002
PNW72723,5260,5080.308,18.474306,650.595
PNW72574,3124,2944.308,2.580183,52.661
PNW72779,10313,10133.308,0.270489,19.000
PNW72713,9320,9140.308,1.799250,114.000
PNW72659,1775,1595.308,0.271284,3.000
PNW72769,2526,2346.308,0.131662,2.141
PNW72708,3563,3383.308,0.778514,18.258
PNW72709,3340,3160.308,3.267730,71.586
PNW72698,3777,3597.308,2.553429,63.673
PNW72618,1778,1598.308,590.102468,6537.934
PNW72617,1032,852.308,1.290668,7.625
PNW72640,8781,8601.308,5.485771,327.081
PNW72681,2646,2466.308,0.101701,1.739
PNW72697,3477,3297.308,3.945272,90.176
PNW72695,3395,3215.308,2.592889,57.791
PNW72703,3385,3205.308,0.000000,0.000
PNW72704,3331,3151.308,3.113080,68.004
PNW72579,4925,4745.308,3.800172,125.003
PNW72815,2680,2500.308,0.000000,0.000
PNW72828,3204,3024.308,0.000000,0.000
PNW72631,3977,3797.308,8.643288,227.514
PNW72632,2588,2408.308,20.627910,344.366
PNW72651,5951,5771.308,8.750094,350.058
PNW72583,3132,2952.308,1.608902,32.926
PNW72590,3873,3693.308,30.086432,770.263
PNW72688,3859,3679.308,1.646761,42.000
PNW72671,5801,5621.308,3.130905,122.000
PNW72806,1242,1062.308,2.851781,21.000
PNW72798,7849,7669.308,6.048603,321.561
PNW72800,2422,2242.308,5.498853,85.471
PNW72748,5586,5406.308,4.856440,182.000
PNW72744,4162,3982.308,4.124043,113.844
PNW72652,1540,1360.308,1.957029,18.454
PNW72595,3859,3679.308,1.726045,44.022
PNW72804,2909,2729.308,0.477014,9.025
PNW72794,2727,2547.308,0.056633,1.000
PNW72677,1812,1632.308,0.530269,6.000
PNW72719,4407,4227.308,50.571702,1481.917
PNW72720,4419,4239.308,0.000000,0.000
PNW72663,3756,3576.308,0.000000,0.000
PNW72693,3793,3613.308,1.199973,30.056
PNW72796,4560,4380.308,25.502222,774.346
PNW72754,2735,2555.308,582.328561,10314.874
PNW72826,1356,1176.308,0.613209,5.000
PNW72734,4739,4559.308,1.509013,47.692
PNW72648,6549,6369.308,0.045299,2.000
PNW72678,1765,1585.308,0.909984,10.000
PNW72733,4488,4308.308,3.134062,93.598
PNW72716,2287,2107.308,3.505468,51.207
PNW72825,1782,1602.308,0.000000,0.000
PNW72803,1818,1638.308,476.924334,5416.237
PNW72795,3456,3276.308,19.608236,445.324
PNW72612,2121,1941.308,5.891802,79.286
PNW72604,8600,8420.308,0.890887,52.000
PNW72772,1478,1298.308,1.444485,13.000
PNW72690,2877,2697.308,2.460224,46.000
PNW72787,2883,2703.308,5.215228,97.729
PNW72780,1332,1152.308,0.625963,5.000
PNW72672,3436,3256.308,3.632820,82.002
PNW72731,4947,4767.308,1.838434,60.754
PNW72750,2687,2507.308,2.379968,41.365
PNW72749,2618,2438.308,20.018286,338.351
PNW72718,4081,3901.308,2.668818,72.174
PNW72717,2289,2109.308,0.193265,2.826
PNW72584,1486,1306.308,0.344506,3.120
PNW72819,2529,2349.308,0.000000,0.000
PNW72572,4608,4428.308,27.063556,830.759
PNW72667,2127,1947.308,0.000000,0.000
PNW72665,2620,2440.308,0.120366,2.036
PNW72666,3004,2824.308,0.000000,0.000
PNW72730,4615,4435.308,4.395369,135.136
PNW72739,1168,988.308,780.045566,5343.982
PNW72657,2020,1840.308,3.689073,47.061
PNW72746,4717,4537.308,2.815343,88.549
PNW72591,3899,3719.308,1.745411,45.000
PNW72756,2114,1934.308,0.000000,0.000
PNW72757,2062,1882.308,3.295529,43.000
PNW72827,1597,1417.308,0.000000,0.000
PNW72587,10312,10132.308,2.605511,183.001
PNW72729,1452,1272.308,0.000000,0.000
PNW72575,9047,8867.308,2.716840,166.997
PNW72602,1212,1032.308,15.511664,110.999
PNW72691,6989,6809.308,3.326170,157.000
PNW72692,4893,4713.308,7.288489,238.131
PNW72791,1503,1323.308,0.000000,0.000
PNW72781,1298,1118.308,0.000000,0.000
PNW72673,4028,3848.308,6.111123,163.021
PNW72761,3090,2910.308,8.849202,178.524
PNW72643,1391,1211.308,85.278222,716.053
PNW72585,2277,2097.308,0.282361,4.105
PNW72586,2437,2257.308,1.476080,23.097
PNW72776,1457,1277.308,14.243846,126.118
PNW72577,8930,8750.308,0.214322,13.000
PNW72738,3232,3052.308,9.138234,193.350
PNW72682,2782,2602.308,14.926665,269.261
PNW72683,1839,1659.308,0.000000,0.000
PNW72593,1986,1806.308,4.073107,51.000
PNW72609,8879,8699.308,0.000000,0.000
PNW72610,8861,8681.308,12.977544,780.963
PNW72674,2067,1887.308,0.000000,0.000
PNW72786,6092,5912.308,0.048800,2.000
PNW72812,1685,1505.308,19.088112,199.178
PNW72616,4485,4305.308,0.536121,16.000
PNW72622,2846,2666.308,7.304170,135.000
PNW72706,2419,2239.308,15.977847,248.019
PNW72705,1083,903.308,0.000000,0.000
PNW72721,3168,2988.308,1.496524,31.000
PNW72710,4915,4735.308,2.924627,96.000
PNW72711,3417,3237.308,0.000000,0.000
PNW72624,4220,4040.308,2.464863,69.033
PNW72598,2640,2460.308,0.000000,0.000
PNW72597,2580,2400.308,0.879048,14.626
PNW72599,3626,3446.308,4.327168,103.374
PNW72722,2276,2096.308,0.206449,3.000
PNW72792,2433,2253.308,0.000000,0.000
PNW72641,4668,4488.308,1.349939,42.000
PNW72668,3871,3691.308,0.000000,0.000
PNW72670,3847,3667.308,34.608634,879.801
PNW72669,2361,2181.308,0.000000,0.000
PNW72623,3462,3282.308,1.714086,39.000
PNW72601,2210,2030.308,0.568428,8.000
PNW72743,5684,5504.308,1.024064,39.073
PNW72619,3477,3297.308,0.437510,10.000
PNW72767,1616,1436.308,32.742705,325.998
PNW72707,9562,9382.308,0.323026,21.009
PNW72582,1095,915.308,0.317991,2.018
PNW72646,3443,3263.308,3.624968,82.000
PNW72603,6786,6606.308,3.843293,176.001
PNW72785,1187,1007.308,0.000000,0.000
PNW72596,402,224.749,7.713945,12.018
PNW72635,819,639.456,0.000000,0.000
PNW72634,2413,2233.308,11.685355,180.902
PNW72576,8060,7880.308,11.518247,629.190
PNW72801,1546,1366.308,0.000000,0.000
PNW72638,5405,5225.308,0.000000,0.000
PNW72639,5545,5365.308,0.000000,0.000
PNW72712,1542,1362.308,0.953048,9.000
PNW72797,1331,1151.308,10.179723,81.242
PNW72728,5066,4886.308,0.000000,0.000
PNW72727,5256,5076.308,3.056531,107.555
PNW72588,12027,11847.308,2.898043,238.000
PNW72633,2483,2303.308,1.002110,16.000
PNW72810,396,218.953,2.018007,3.063
PNW72811,2423,2243.308,2.344488,36.458
PNW72764,2561,2381.308,0.242321,4.000
PNW72664,3638,3458.308,0.291999,7.000
PNW72741,4621,4441.308,1.636173,50.372
PNW72782,5569,5389.308,3.185435,119.002
PNW72689,3167,2987.308,2.945759,61.000
PNW72778,1617,1437.308,0.000000,0.000
PNW72793,2235,2055.308,3.064478,43.660
PNW72696,3537,3357.308,5.378692,125.176
PNW72571,5405,5225.308,2.266147,82.083
PNW72784,1918,1738.308,1.557774,18.771
PNW72802,2987,2807.308,46.678472,908.363
PNW72625,1353,1173.308,179.113766,1456.779
PNW72714,4588,4408.308,2.651509,81.025
PNW72818,2677,2497.308,0.000000,0.000
PNW72589,1709,1529.308,8.422684,89.289
PNW72660,3165,2985.308,36.356173,752.350
PNW72777,3802,3622.308,0.795673,19.979
PNW72805,3314,3134.308,5.562667,120.859
PNW72755,2138,1958.308,14.002404,190.080
PNW72614,3030,2850.308,1.188892,23.490
PNW72615,2472,2292.308,1.479529,23.510
PNW72774,2737,2557.308,13.935264,247.031
PNW72636,4183,4003.308,0.831211,23.067
PNW72809,1320,1140.308,1.644631,13.000
PNW72581,1614,1434.308,10.869079,108.066
PNW72654,6993,6813.308,1.820908,86.000
PNW72742,4470,4290.308,2.068529,61.518
PNW72751,2726,2546.308,0.000000,0.000
PNW72821,1016,836.308,1.286743,7.460
PNW72822,1454,1274.308,0.000000,0.000
PNW72763,5055,4875.308,1.629542,55.071
PNW72684,2920,2740.308,2.368975,45.000
PNW72687,1282,1102.308,1.439416,10.999
PNW72732,3940,3760.308,1.927982,50.255
PNW72823,1754,1574.308,0.000000,0.000
PNW72762,2366,2186.308,11.455624,173.613
PNW72817,3124,2944.308,0.000000,0.000
PNW72816,3883,3703.308,18.478247,474.355
PNW72724,6248,6068.308,1.711640,72.000
PNW72715,4082,3902.308,4.842894,131.002
PNW72649,1727,1547.308,72.269125,775.144
PNW72694,3674,3494.308,1.071089,25.944
PNW72775,7186,7006.308,14.814136,719.479
PNW72814,1231,1051.308,0.548722,3.999
PNW72637,2034,1854.308,17.304223,222.427
PNW72676,2222,2042.308,3.884981,55.000
PNW72580,3107,2927.308,20.193331,409.759
PNW72808,9571,9391.308,0.000000,0.000
PNW72807,9424,9244.308,10.871051,696.624
PNW72686,732,552.525,0.000000,0.000
PNW72747,5427,5247.308,1.823019,66.310
PNW72824,3542,3362.308,0.000000,0.000
PNW72647,1746,1566.308,0.000000,0.000
PNW72760,1376,1196.308,0.971240,8.054
PNW72644,1797,1617.308,28.008142,314.000
PNW72642,2892,2712.308,0.212749,4.000
PNW72680,4361,4181.308,0.241509,7.000
PNW72592,9919,9739.308,0.977605,66.000
PNW72679,2209,2029.308,2.061567,29.000
PNW72607,1689,1509.308,2.293933,24.000
PNW72752,8121,7941.308,1.762086,97.000
PNW72820,3022,2842.308,0.000000,0.000
PNW72573,3859,3679.308,0.977410,24.928
PNW72600,1768,1588.308,1.731304,19.062
PNW72737,1852,1672.308,421.625394,4887.600
PNW72700,3354,3174.308,4.775576,105.082
PNW72768,12487,12307.308,2.074866,177.013
PNW72788,6143,5963.308,4.074626,168.433
PNW72726,5516,5336.308,1.850943,68.468
PNW72736,2115,1935.308,1.938075,26.000
PNW72605,4477,4297.308,13.486964,401.757
PNW72578,4093,3913.308,83.487130,2264.728
PNW72645,1956,1776.308,10.801418,133.000
PNW72658,2235,2055.308,4.772868,68.000
PNW72773,3371,3191.308,24.736157,547.209
PNW72702,4444,4264.308,1.657658,49.000
PNW72789,9030,8850.308,0.000000,0.000
PNW72606,2155,1975.308,16.581239,227.041
PNW72594,2833,2653.308,3.360461,61.807
PNW72650,4041,3861.308,11.722275,313.761
PNW72745,3882,3702.308,4.150396,106.516
PNW72783,1711,1531.308,0.000000,0.000
PNW72790,2582,2402.308,0.060918,1.014
PNW71705,1687,1507.308,24.483841,255.820
PNW71658,2567,2387.308,31.871775,527.433
PNW71908,8600,8420.308,3.274801,191.146
PNW72054,4537,4357.308,11.322696,341.996
PNW72170,1269,1089.308,22.646066,171.000
PNW72318,3657,3477.308,3.443481,83.003
PNW72248,4299,4119.308,1.067177,30.473
PNW72247,4287,4107.308,1.282939,36.527
PNW71943,2239,2059.308,17.372963,247.998
PNW72162,7746,7566.308,0.999817,52.439
PNW71374,5666,5486.308,0.341830,13.000
PNW71894,12287,12107.308,0.393200,33.000
PNW71996,1768,1588.308,1.362398,15.000
PNW72149,3897,3717.308,12.730258,328.034
PNW72197,3632,3452.308,21.174871,506.737
PNW72196,3608,3428.308,13.714846,325.929
PNW71407,2105,1925.308,1.566156,20.902
PNW71573,2421,2241.308,1.738082,27.004
PNW71180,1750,1570.308,16.611333,180.818
PNW71337,1635,1455.308,14.973343,151.052
PNW71933,2137,1957.308,2.727030,37.000
PNW71551,3910,3730.308,2.436370,63.000
PNW72188,3092,2912.308,10.094257,203.781
PNW71580,1827,1647.308,3.240219,37.000
PNW72154,4039,3859.308,2.280173,61.000
PNW71305,3952,3772.308,9.637010,252.001
PNW72035,2090,1910.308,0.679652,9.000
PNW71427,3506,3326.308,23.039567,531.238
PNW71823,1343,1163.308,0.000000,0.000
PNW71299,4559,4379.308,24.707991,750.059
PNW72565,3137,2957.308,26.148533,536.039
PNW72564,2241,2061.308,3.095381,44.229
PNW72400,3226,3046.308,1.325964,28.000
PNW71422,1343,1163.308,26.431206,213.140
PNW71193,2973,2793.308,0.051645,1.000
PNW72058,8434,8254.308,1.101051,63.000
PNW71144,1655,1475.308,0.488916,5.000
PNW71716,2272,2092.308,100.922894,1463.753
PNW71796,4848,4668.308,1.668825,54.004
PNW71257,586,406.730,2.837469,8.000
PNW71917,1216,1036.308,30.068533,216.000
PNW72046,5423,5243.308,2.943919,107.000
PNW71226,5620,5440.308,2.969901,112.000
PNW71379,11088,10908.308,0.251272,19.000
PNW71811,2217,2037.308,5.593940,79.000
PNW72518,1696,1516.308,23.594617,248.001
PNW71396,1466,1286.308,745.046103,6643.252
PNW71653,2050,1870.308,17.511891,227.038
PNW72022,4161,3981.308,1.087033,30.000
PNW71721,694,514.557,6914.807830,24664.132
PNW71804,1373,1193.308,53.071251,439.000
PNW72184,1345,1165.308,34.562425,279.189
PNW72228,2639,2459.308,0.000000,0.000
PNW71447,1372,1192.308,7.018157,58.005
PNW71854,2918,2738.308,15.729274,298.568
PNW71855,2406,2226.308,0.838445,12.939
PNW71839,2778,2598.308,15.657269,282.007
PNW72544,1057,877.308,0.000000,0.000
PNW72545,381,204.563,2.924403,4.147
PNW72543,928,748.330,8.484872,44.014
PNW72050,4128,3948.308,0.000000,0.000
PNW72051,5783,5603.308,2.085393,81.000
PNW72403,6802,6622.308,63.028627,2893.342
PNW72078,2657,2477.308,11.501187,197.504
PNW71657,2983,2803.308,45.654840,887.177
PNW71170,2256,2076.308,2.570735,37.000
PNW72347,1153,973.308,96.017589,647.819
PNW72412,8415,8235.308,0.000000,0.000
PNW72413,8529,8349.308,5.405865,312.873
PNW72414,8532,8352.308,2.356765,136.451
PNW71691,6110,5930.308,3.047622,125.283
PNW71756,1082,902.308,0.000000,0.000
PNW71743,2751,2571.308,0.000000,0.000
PNW72338,1449,1269.308,81.830183,720.001
PNW72083,5073,4893.308,4.925947,167.088
PNW72442,948,768.323,168.039037,894.967
PNW72491,3003,2823.308,1.737273,34.000
PNW72490,3302,3122.308,0.000000,0.000
PNW72466,2610,2430.308,8.366461,140.947
PNW72424,1631,1451.308,0.994003,10.000
PNW71191,3188,3008.308,0.431586,9.000
PNW71149,3060,2880.308,4.485964,89.567
PNW71762,2635,2455.308,32.179209,547.689
PNW71800,2366,2186.308,1.394679,21.137
PNW71799,699,519.551,3.016688,10.865
PNW72366,1074,894.308,1.451786,9.000
PNW72367,850,670.416,0.000000,0.000
PNW71482,2717,2537.308,15.081181,265.253
PNW72180,3743,3563.308,7.038288,173.849
PNW72179,3539,3359.308,0.000000,0.000
PNW71922,4666,4486.308,2.122278,66.000
PNW71798,3614,3434.308,2.688425,64.001
PNW71953,1136,956.308,4.374693,29.000
PNW71987,2443,2263.308,4.780409,75.000
PNW71730,5358,5178.308,0.000000,0.000
PNW71168,2568,2388.308,69.128182,1144.453
PNW72259,591,411.716,63.825779,182.157
PNW72257,684,504.565,275.129094,962.291
PNW72258,804,624.474,209.263369,905.858
PNW71475,2673,2493.308,0.137858,2.383
PNW72513,4200,4020.308,14.677940,409.051
PNW72028,13710,13530.308,11.819814,1108.590
PNW72034,1119,939.308,44.098970,287.137
PNW72153,1666,1486.308,10.944909,112.765
PNW72209,2957,2777.308,11.946911,230.002
PNW72038,2305,2125.308,16.833608,248.000
PNW72107,1183,1003.308,0.000000,0.000
PNW71483,1496,1316.308,15.452876,141.000
PNW72090,2540,2360.308,38.964762,637.519
PNW71343,2466,2286.308,2.460806,39.000
PNW72106,1834,1654.308,2.354479,27.000
PNW71912,2383,2203.308,3.186713,48.671
PNW71913,2386,2206.308,10.875497,166.329
PNW72152,1221,1041.308,9.974734,72.000
PNW72370,1667,1487.308,2.812836,29.000
PNW71520,4144,3964.308,0.181949,5.000
PNW71544,2022,1842.308,6.655859,85.000
PNW71614,1825,1645.308,269.324842,3071.682
PNW71338,1040,860.308,2463.614818,14691.951
PNW72536,1162,982.308,16.301315,111.000
PNW71162,3139,2959.308,0.696708,14.292
PNW71776,2577,2397.308,1.564577,26.000
PNW72176,2562,2382.308,6.958380,114.910
PNW72009,5734,5554.308,7.636550,294.022
PNW72271,1258,1078.308,0.535136,4.000
PNW71403,1595,1415.308,14.242552,139.731
PNW71914,2290,2110.308,2.666037,39.000
PNW71945,2872,2692.308,135.923787,2536.721
PNW71700,1131,951.308,163.918840,1080.943
PNW72109,1616,1436.308,23.302569,232.009
PNW72138,2161,1981.308,0.000000,0.000
PNW72542,14300,14120.308,2.914370,285.260
PNW71202,3297,3117.308,0.664961,14.369
PNW71203,3177,2997.308,123.791504,2572.023
PNW71225,3929,3749.308,0.153906,4.000
PNW72303,4596,4416.308,36.038921,1103.275
PNW71205,3134,2954.308,65.331399,1337.920
PNW71252,2749,2569.308,31.854526,567.335
PNW71808,1964,1784.308,0.000000,0.000
PNW71723,2693,2513.308,1.502489,26.176
PNW72211,2299,2119.308,4.628735,68.000
PNW72241,2894,2714.308,6.155593,115.819
PNW72242,3023,2843.308,3.141099,61.910
PNW71671,3591,3411.308,0.000000,0.000
PNW71672,3594,3414.308,21.759972,515.008
PNW71882,1080,900.308,4.171865,26.036
PNW71372,1669,1489.308,34.827658,359.552
PNW72314,9221,9041.308,0.000000,0.000
PNW71539,1519,1339.308,8.097254,75.175
PNW72279,2601,2421.308,8.043242,135.000
PNW71588,2205,2025.308,0.000000,0.000
PNW71288,1689,1509.308,4.043080,42.300
PNW72122,1910,1730.308,0.443382,5.318
PNW72121,1437,1257.308,3.304133,28.797
PNW72123,1598,1418.308,0.000000,0.000
PNW71492,4657,4477.308,8.439525,261.931
PNW71493,4648,4468.308,0.000000,0.000
PNW71740,3746,3566.308,0.207575,5.132
PNW71903,1684,1504.308,0.000000,0.000
PNW71902,1804,1624.308,3.907980,44.002
PNW72116,2296,2116.308,53.081208,778.704
PNW71448,10642,10462.308,1.696846,123.062
PNW71669,2013,1833.308,34.967043,444.372
PNW71938,1632,1452.308,1.589310,16.000
PNW71981,4900,4720.308,17.099169,559.497
PNW72516,4832,4652.308,1.123675,36.238
PNW72517,4512,4332.308,0.000000,0.000
PNW72515,2970,2790.308,1.439978,27.852
PNW72399,1588,1408.308,26.223445,256.000
PNW71323,7043,6863.308,0.882802,42.000
PNW71925,1784,1604.308,27.316860,303.788
PNW71171,1758,1578.308,10.876836,119.000
PNW71453,5297,5117.308,1.245045,44.165
PNW71515,2675,2495.308,18.579731,321.378
PNW72082,1202,1022.308,130.083600,921.843
PNW72480,2751,2571.308,0.280520,5.000
PNW71639,2995,2815.308,11.734454,229.003
PNW72080,1598,1418.308,41.869010,411.638
PNW72556,2546,2366.308,13.571254,222.610
PNW72557,949,769.323,0.000000,0.000
PNW71487,2369,2189.308,7.158354,108.636
PNW71218,1696,1516.308,9.609070,101.000
PNW71138,3100,2920.308,0.000000,0.000
PNW71926,1876,1696.308,3.317078,39.004
PNW71694,9082,8902.308,4.553671,281.007
PNW71270,938,758.328,0.000000,0.000
PNW71792,2419,2239.308,1.030751,16.000
PNW71354,1005,825.308,37.181101,212.712
PNW71498,5588,5408.308,7.166486,268.671
PNW72201,1942,1762.308,52.028576,635.589
PNW71266,9451,9271.308,4.185561,268.997
PNW71506,6493,6313.308,1.645216,72.000
PNW72319,8460,8280.308,3.937399,226.000
PNW71974,1203,1023.308,9.586275,68.000
PNW71404,1440,1260.308,10.988588,96.000
PNW71985,1407,1227.308,12.812099,109.000
PNW72045,2737,2557.308,38.915552,689.857
PNW71478,5862,5682.308,12.892782,507.837
PNW71480,5980,5800.308,0.000000,0.000
PNW71477,750,570.511,0.294304,1.164
PNW72417,4438,4258.308,0.034750,1.026
PNW71248,1284,1104.308,0.000000,0.000
PNW71962,1603,1423.308,10.727460,105.840
PNW71963,351,176.239,0.000000,0.000
PNW71295,1951,1771.308,0.000000,0.000
PNW71294,2366,2186.308,0.263934,4.000
PNW71293,705,525.546,0.000000,0.000
PNW71406,3326,3146.308,1.884373,41.098
PNW71471,1755,1575.308,3.113746,34.002
PNW72031,1989,1809.308,0.079732,1.000
PNW72460,5773,5593.308,1.212206,47.000
PNW72524,3276,3096.308,2.515921,54.000
PNW72528,5210,5030.308,4.982966,173.754
PNW71189,1246,1066.308,0.000000,0.000
PNW71215,2873,2693.308,2.732773,51.020
PNW71241,2703,2523.308,4.631349,81.008
PNW71950,3625,3445.308,2.245927,53.638
PNW71470,3017,2837.308,12.343092,242.763
PNW71169,977,797.314,0.000000,0.000
PNW71558,1576,1396.308,5.717271,55.338
PNW71706,2487,2307.308,31.365890,501.667
PNW71364,5905,5725.308,0.000000,0.000
PNW71362,5890,5710.308,1.237896,49.000
PNW71363,5908,5728.308,0.000000,0.000
PNW72324,1917,1737.308,6.227760,75.000
PNW71461,3468,3288.308,3.809846,86.843
PNW71920,2559,2379.308,0.000000,0.000
PNW71921,2589,2409.308,2.107321,35.195
PNW72441,2898,2718.308,24.783672,467.000
PNW72101,1280,1100.308,0.262218,2.000
PNW71164,2903,2723.308,220.689445,4166.112
PNW71957,2930,2750.308,19.182427,365.711
PNW71319,2524,2344.308,2.830679,46.000
PNW72381,4310,4130.308,1.037919,29.717
PNW72187,2181,2001.308,5.454175,75.665
PNW71574,1470,1290.308,26.056446,233.056
PNW72137,1691,1511.308,0.000000,0.000
PNW71145,8304,8124.308,5.238212,295.000
PNW72356,10743,10563.308,0.962493,70.477
PNW71784,1025,845.308,76.582356,448.742
PNW71825,1538,1358.308,0.000000,0.000
PNW71973,3579,3399.308,117.569282,2770.365
PNW72494,4668,4488.308,0.987741,30.731
PNW72493,6149,5969.308,2.887994,119.501
PNW71383,2062,1882.308,169.069395,2206.014
PNW72052,1970,1790.308,22.126230,274.592
PNW71609,2325,2145.308,3.644484,54.197
PNW72289,1641,1461.308,34.952537,354.057
PNW71863,1578,1398.308,7.943933,77.000
PNW72292,1127,947.308,12.338690,81.024
PNW71942,5324,5144.308,3.228399,115.124
PNW71192,8599,8419.308,2.124676,124.000
PNW72001,2481,2301.308,7.711513,123.018
PNW71988,2118,1938.308,1.041964,14.000
PNW71678,12142,11962.308,0.361788,30.000
PNW71901,5027,4847.308,0.032800,1.102
PNW72283,3114,2934.308,7.993688,162.594
PNW72068,2199,2019.308,0.214322,3.000
PNW72301,2810,2630.308,17.802845,324.600
PNW72063,2597,2417.308,6.625694,111.024
PNW71826,5103,4923.308,0.000000,0.000
PNW71827,6270,6090.308,1.326482,56.001
PNW71239,766,586.500,0.000000,0.000
PNW71238,505,326.056,0.000000,0.000
PNW71710,2350,2170.308,7.511116,113.000
PNW71209,2693,2513.308,2.639179,45.980
PNW71369,9023,8843.308,6.618830,405.741
PNW71370,9068,8888.308,2.069300,127.496
PNW72313,2200,2020.308,0.071405,1.000
PNW72239,4545,4365.308,2.369731,71.708
PNW71861,2851,2671.308,13.779742,255.163
PNW71791,2506,2326.308,26.492440,427.210
PNW71688,2991,2811.308,5.028808,98.000
PNW72146,5565,5385.308,10.435688,389.569
PNW71181,2539,2359.308,5.992270,98.001
PNW71315,4715,4535.308,3.403490,107.000
PNW71314,3213,3033.308,0.000000,0.000
PNW71909,1592,1412.308,7.660890,75.000
PNW71450,4464,4284.308,5.066080,150.455
PNW71630,3557,3377.308,25.437427,595.520
PNW71655,4389,4209.308,0.169391,4.943
PNW71656,2899,2719.308,69.520929,1310.468
PNW72484,4111,3931.308,1.128762,30.760
PNW72104,687,507.563,3.695589,13.002
PNW71511,2664,2484.308,59.242824,1020.220
PNW71423,5761,5581.308,14.664083,567.340
PNW71833,2085,1905.308,7.200666,95.102
PNW71992,5071,4891.308,1.061757,36.000
PNW72011,1859,1679.308,0.085905,1.000
PNW71216,2306,2126.308,56.503397,832.824
PNW71494,1385,1205.308,0.000000,0.000
PNW71654,3487,3307.308,50.651636,1161.236
PNW71186,1896,1716.308,7.564752,90.000
PNW71936,2813,2633.308,2.739150,50.000
PNW72278,6875,6695.308,0.387837,18.000
PNW71681,2894,2714.308,4.730187,89.000
PNW72269,15190,15010.308,3.864008,402.050
PNW72393,10446,10266.308,2.623039,186.669
PNW72569,2007,1827.308,3.341044,42.320
PNW71309,1400,1220.308,4.610441,39.000
PNW71871,3584,3404.308,28.182948,665.071
PNW72148,6175,5995.308,5.702868,237.005
PNW72014,2006,1826.308,10.512300,133.084
PNW71761,1381,1201.308,58.588217,487.885
PNW72017,2577,2397.308,7.726046,128.391
PNW72552,3334,3154.308,7.386150,161.501
PNW71542,5856,5676.308,12.072139,475.010
PNW71625,2841,2661.308,16.239184,299.579
PNW72320,1589,1409.308,18.143796,177.250
PNW71555,3326,3146.308,20.954210,457.009
PNW72321,3018,2838.308,1.219830,24.000
PNW71173,1660,1480.308,0.584718,6.000
PNW71324,2817,2637.308,4.704443,86.005
PNW71159,4921,4741.308,0.578100,19.000
PNW71224,3705,3525.308,3.354255,81.968
PNW71507,1725,1545.308,8.967568,96.060
PNW72566,2910,2730.308,15.781784,298.690
PNW71242,850,670.416,639.825689,2973.438
PNW72507,4965,4785.308,1.838939,61.000
PNW71951,1991,1811.308,22.011687,276.375
PNW71249,1988,1808.308,0.638212,8.000
PNW71267,1448,1268.308,85.787450,754.225
PNW71699,2026,1846.308,112.245886,1436.571
PNW71724,4569,4389.308,0.000000,0.000
PNW71726,1110,930.308,0.000000,0.000
PNW71725,5485,5305.308,29.042554,1068.066
PNW71958,925,745.332,0.000000,0.000
PNW72293,2559,2379.308,13.617596,224.597
PNW71873,2789,2609.308,8.816773,159.473
PNW71155,7298,7118.308,0.952508,47.000
PNW71528,1940,1760.308,3.290511,40.152
PNW71752,1531,1351.308,12.491734,117.012
PNW71751,1869,1689.308,0.000000,0.000
PNW71307,1929,1749.308,0.673027,8.161
PNW71306,2838,2658.308,2.270502,41.839
PNW72401,3802,3622.308,37.770729,948.404
PNW71709,2760,2580.308,18.764788,335.635
PNW71571,1454,1274.308,2155.989067,19044.676
PNW71767,4343,4163.308,59.886785,1728.312
PNW71766,4978,4798.308,2.543844,84.612
PNW71734,1078,898.308,0.000000,0.000
PNW71442,1809,1629.308,155.354374,1754.605
PNW72398,1193,1013.308,9.853234,69.211
PNW72397,1366,1186.308,15.670377,128.863
PNW72421,1081,901.308,0.000000,0.000
PNW71153,3673,3493.308,0.000000,0.000
PNW71154,3571,3391.308,8.847969,208.000
PNW71152,3766,3586.308,0.000000,0.000
PNW71907,12768,12588.308,2.624478,229.014
PNW71440,3885,3705.308,5.996538,154.020
PNW72096,23341,23161.308,0.596521,95.773
PNW72095,24525,24345.308,0.000000,0.000
PNW72097,20552,20372.308,0.304774,43.040
PNW72392,1603,1423.308,6.385414,63.000
PNW72023,2596,2416.308,2.089600,35.000
PNW71572,1655,1475.308,0.391133,4.000
PNW72057,1771,1591.308,3.535556,39.000
PNW72047,1633,1453.308,4.015102,40.449
PNW71598,2141,1961.308,0.073553,1.000
PNW71878,4397,4217.308,4.446217,129.981
PNW71879,4319,4139.308,2.719214,78.023
PNW71262,911,731.346,7.077764,35.882
PNW71261,905,725.352,0.000000,0.000
PNW71443,722,542.532,0.000000,0.000
PNW71339,2652,2472.308,6.302332,108.008
PNW71753,1088,908.308,331.036831,2084.309
PNW71230,4335,4155.308,16.912994,487.165
PNW71456,1411,1231.308,94.542760,806.952
PNW71590,5133,4953.308,0.000000,0.000
PNW72066,2056,1876.308,0.000000,0.000
PNW72171,7732,7552.308,1.509103,79.004
PNW72485,9040,8860.308,0.846456,51.988
PNW71750,2352,2172.308,53.397281,804.069
PNW71949,1793,1613.308,0.107594,1.203
PNW72495,1766,1586.308,9.475616,104.195
PNW71165,2072,1892.308,6.251287,82.000
PNW71910,3207,3027.308,25.597729,537.169
PNW72262,1119,939.308,21.299949,138.688
PNW72261,1247,1067.308,4.453390,32.948
PNW72263,726,546.529,4.920248,18.640
PNW72238,5316,5136.308,4.343904,154.662
PNW71888,3987,3807.308,3.093780,81.651
PNW72420,4578,4398.308,5.313520,162.002
PNW72133,1389,1209.308,0.119292,1.000
PNW71633,3371,3191.308,5.243765,116.002
PNW72465,953,773.323,0.000000,0.000
PNW72487,2886,2706.308,2.078906,39.000
PNW72486,2891,2711.308,0.000000,0.000
PNW71995,3368,3188.308,3.128608,69.146
PNW71946,7459,7279.308,6.297090,317.748
PNW71698,1433,1253.308,0.460415,4.000
PNW71786,3541,3361.308,4.463815,104.008
PNW71585,6169,5989.308,1.493353,62.000
PNW72306,5588,5408.308,27.311550,1023.907
PNW72537,6050,5870.308,3.391296,138.000
PNW71360,1030,850.308,0.000000,0.000
PNW72333,1611,1431.308,0.341441,3.388
PNW72332,2044,1864.308,2.437052,31.495
PNW71663,4119,3939.308,0.256447,7.003
PNW72457,8301,8121.308,4.018548,226.229
PNW72190,9768,9588.308,1.299398,86.365
PNW71184,3039,2859.308,5.398465,107.000
PNW71444,7172,6992.308,9.242527,447.985
PNW72514,1074,894.308,266.782045,1653.851
PNW71864,1826,1646.308,46.866415,534.842
PNW72458,8427,8247.308,0.822116,47.000
PNW72526,2528,2348.308,60.149326,979.126
PNW71300,2064,1884.308,3.445281,45.002
PNW71231,6851,6671.308,9.255081,428.000
PNW71868,7115,6935.308,0.374416,18.000
PNW71570,1381,1201.308,29.698376,247.309
PNW71569,321,148.762,12.779897,13.179
PNW71686,978,798.314,44.634529,247.000
PNW71578,2197,2017.308,5.649400,79.000
PNW71640,1755,1575.308,9.615741,105.003
PNW72172,1697,1517.308,1.235996,13.000
PNW72373,2756,2576.308,0.000000,0.000
PNW72372,2741,2561.308,0.675876,12.000
PNW71765,1679,1499.308,225.760007,2346.337
PNW71416,2386,2206.308,56.446214,863.284
PNW72189,5893,5713.308,5.569956,220.593
PNW72419,8378,8198.308,6.755840,383.934
PNW71272,2485,2305.308,2.329425,37.225
PNW71273,2482,2302.308,0.675176,10.775
PNW71990,6067,5887.308,3.332967,136.019
PNW72025,1892,1712.308,224.434021,2663.932
PNW72215,3829,3649.308,2.806695,71.000
PNW72027,1149,969.308,7.005038,47.068
PNW72026,2606,2426.308,33.617836,565.416
PNW71931,4056,3876.308,0.521023,14.000
PNW71989,1441,1261.308,0.114374,1.000
PNW72213,1532,1352.308,25.281765,236.993
PNW71250,1760,1580.308,11.867220,130.000
PNW72354,10563,10383.308,1.841228,132.524
PNW72428,2370,2190.308,5.968212,90.615
PNW72449,6570,6390.308,2.591230,114.784
PNW72085,2586,2406.308,2.098284,35.000
PNW71253,1043,863.308,0.000000,0.000
PNW71648,1454,1274.308,13.825574,122.127
PNW71501,2430,2250.308,22.184142,346.049
PNW71814,4394,4214.308,4.963547,145.001
PNW71256,1194,1014.308,8.391305,59.000
PNW72155,10698,10518.308,5.857567,427.086
PNW72274,1477,1297.308,4.026077,36.206
PNW72275,453,274.571,0.000000,0.000
PNW72276,504,325.063,4.791118,10.796
PNW72296,7085,6905.308,1.316149,63.000
PNW72297,4857,4677.308,0.000000,0.000
PNW72406,1346,1166.308,20.903587,169.000
PNW72217,2215,2035.308,21.335101,301.008
PNW72501,4972,4792.308,1.678752,55.768
PNW71929,2707,2527.308,1.033030,18.098
PNW72355,1433,1253.308,89.465599,777.260
PNW71782,4478,4298.308,10.420482,310.483
PNW72210,2465,2285.308,1.136253,18.000
PNW72224,2893,2713.308,0.265839,5.000
PNW71392,9391,9211.308,6.310058,402.909
PNW72343,1812,1632.308,14.847542,168.000
PNW72344,2064,1884.308,0.000000,0.000
PNW71534,3609,3429.308,0.336536,8.000
PNW71536,3615,3435.308,0.000000,0.000
PNW71535,3615,3435.308,0.000000,0.000
PNW72310,6822,6642.308,0.179320,8.257
PNW72204,2436,2256.308,0.653412,10.220
PNW72203,2292,2112.308,0.531376,7.781
PNW72525,4433,4253.308,1.458679,43.007
PNW71719,1290,1110.308,21.966139,169.063
PNW71718,3340,3160.308,3.624541,79.403
PNW71687,1624,1444.308,17.579246,176.000
PNW71778,2932,2752.308,11.270283,215.023
PNW72140,6453,6273.308,16.883055,734.176
PNW72368,3433,3253.308,0.000000,0.000
PNW72509,5922,5742.308,0.000000,0.000
PNW72510,6815,6635.308,2.622833,120.638
PNW71583,3445,3265.308,1.634651,37.000
PNW72540,4052,3872.308,12.256697,329.000
PNW72364,2690,2510.308,30.739764,534.909
PNW71923,2132,1952.308,0.073892,1.000
PNW71747,1572,1392.308,17.096846,165.008
PNW71481,2368,2188.308,4.482785,68.000
PNW71179,2032,1852.308,33.464515,429.685
PNW71139,6256,6076.308,12.179397,513.001
PNW71780,4265,4085.308,0.918113,26.000
PNW72072,453,274.571,7.882060,15.002
PNW72073,1345,1165.308,56.051217,452.771
PNW72230,3228,3048.308,23.822128,503.375
PNW71378,4996,4816.308,0.209668,7.000
PNW71856,1762,1582.308,99.327068,1089.460
PNW71896,2715,2535.308,1.422515,25.000
PNW72511,3575,3395.308,0.000000,0.000
PNW72512,3512,3332.308,0.043291,1.000
PNW72459,6273,6093.308,0.094701,4.000
PNW72268,4286,4106.308,0.703847,20.035
PNW72002,1119,939.308,1.689398,11.000
PNW72410,14388,14208.308,0.172605,17.000
PNW72183,2891,2711.308,7.794536,146.495
PNW72294,1231,1051.308,0.000000,0.000
PNW72059,677,497.573,0.289929,1.000
PNW71163,3617,3437.308,65.621595,1563.572
PNW71328,1463,1283.308,12.811064,113.964
PNW71172,2994,2814.308,0.461337,9.000
PNW71460,1398,1218.308,1.757056,14.839
PNW72087,1748,1568.308,124.566049,1354.203
PNW72088,1838,1658.308,0.000000,0.000
PNW71582,3259,3079.308,52.034177,1110.694
PNW71674,6121,5941.308,9.397628,387.037
PNW72021,1248,1068.308,197.805908,1464.834
PNW72287,2187,2007.308,0.000000,0.000
PNW71523,1257,1077.308,0.267817,2.000
PNW71701,10699,10519.308,12.180701,888.202
PNW72208,2747,2567.308,26.335829,468.681
PNW71848,4992,4812.308,0.959277,32.000
PNW72075,1923,1743.308,6.371827,77.000
PNW72041,1513,1333.308,4.760686,44.000
PNW72290,1883,1703.308,41.773660,493.229
PNW72377,1794,1614.308,24.465071,273.770
PNW71960,1999,1819.308,14.178279,178.806
PNW71961,222,67.761,0.000000,0.000
PNW72455,3225,3045.308,0.000000,0.000
PNW72280,3336,3156.308,0.228527,5.000
PNW72141,4069,3889.308,4.933178,133.000
PNW72305,1590,1410.308,4071.127792,39799.840
PNW71828,6946,6766.308,2.114350,99.170
PNW71935,4022,3842.308,0.638506,17.006
PNW71283,4456,4276.308,4.958043,146.971
PNW71530,4806,4626.308,1.870959,60.000
PNW71541,1525,1345.308,4.503757,42.000
PNW72438,1952,1772.308,9.442231,116.002
PNW71347,1406,1226.308,18.208471,154.784
PNW71599,3874,3694.308,7.586958,194.291
PNW72409,5969,5789.308,2.741028,110.000
PNW72015,1065,885.308,0.325899,2.000
PNW72181,4055,3875.308,0.000000,0.000
PNW71381,2436,2256.308,44.397059,694.393
PNW71621,782,602.489,0.000000,0.000
PNW71739,1165,985.308,0.000000,0.000
PNW71459,1877,1697.308,0.084994,1.000
PNW71206,2596,2416.308,5.552366,93.000
PNW71401,7847,7667.308,2.370692,126.000
PNW71852,3182,3002.308,0.000000,0.000
PNW71851,3179,2999.308,0.288588,6.000
PNW71380,4021,3841.308,1.427092,38.000
PNW71728,2818,2638.308,40.947923,748.876
PNW72277,13880,13700.308,0.480205,45.605
PNW71889,4261,4081.308,7.761828,219.592
PNW72061,4038,3858.308,0.299117,8.000
PNW71503,14908,14728.308,4.315454,440.587
PNW71502,13986,13806.308,0.984887,94.258
PNW71176,4194,4014.308,0.000000,0.000
PNW71177,5618,5438.308,1.909924,72.000
PNW71386,4324,4144.308,7.831516,224.983
PNW71419,3301,3121.308,1.149221,24.865
PNW72150,3326,3146.308,0.871164,19.000
PNW71246,1376,1196.308,0.000000,0.000
PNW71525,273,107.146,0.000000,0.000
PNW71627,5772,5592.308,0.051592,2.000
PNW72538,4052,3872.308,8.941214,240.004
PNW71151,1569,1389.308,0.000000,0.000
PNW71150,2806,2626.308,12.304102,224.000
PNW71707,2708,2528.308,37.514098,657.472
PNW71977,1239,1059.308,0.000000,0.000
PNW72436,1222,1042.308,0.000000,0.000
PNW71650,4133,3953.308,0.000000,0.000
PNW71651,4183,4003.308,0.072090,2.001
PNW71260,1289,1109.308,0.000000,0.000
PNW71611,1919,1739.308,21.806503,262.915
PNW72199,1423,1243.308,30.753088,265.045
PNW72382,4430,4250.308,0.000000,0.000
PNW72383,3607,3427.308,7.117288,169.091
PNW71348,1079,899.308,40.364710,251.630
PNW71349,766,586.500,2014.290000,8189.217
PNW71845,2330,2150.308,0.067088,1.000
PNW72547,1485,1305.308,0.000000,0.000
PNW72548,2551,2371.308,226.537097,3723.744
PNW72020,2256,2076.308,7.225851,104.000
PNW71282,7181,7001.308,0.697986,33.875
PNW71281,10249,10069.308,1.443808,100.777
PNW71316,3655,3475.308,12.708567,306.156
PNW71600,733,553.524,2511.590030,9636.910
PNW72418,2738,2558.308,0.246124,4.365
PNW71982,3018,2838.308,172.649971,3396.867
PNW71763,1708,1528.308,156.394298,1656.855
PNW71635,1293,1113.308,12.957822,100.000
PNW71463,5964,5784.308,3.869238,155.142
PNW71787,3383,3203.308,0.000000,0.000
PNW71605,3185,3005.308,18.347377,382.222
PNW71606,3185,3005.308,0.000000,0.000
PNW72129,2104,1924.308,0.000000,0.000
PNW71376,6204,6024.308,1.077588,45.000
PNW72521,2785,2605.308,6.807318,122.938
PNW71975,1597,1417.308,0.101364,0.996
PNW72043,1931,1751.308,16.337776,198.339
PNW71411,3546,3366.308,0.769186,17.949
PNW71278,504,325.063,4.797822,10.811
PNW71279,1477,1297.308,19.703424,177.189
PNW71233,2296,2116.308,2.658478,39.000
PNW71234,1509,1329.308,0.000000,0.000
PNW71274,1479,1299.308,6.333126,57.040
PNW71236,2169,1989.308,12.618119,174.000
PNW71346,1236,1056.308,20.368964,149.146
PNW71311,2817,2637.308,6.345913,116.013
PNW71966,2519,2339.308,4.563434,74.000
PNW72416,4028,3848.308,0.065691,1.752
PNW71866,2795,2615.308,0.055160,1.000
PNW72151,2086,1906.308,8.937923,118.109
PNW71841,813,633.463,7.276474,31.952
PNW71842,3025,2845.308,6.441519,127.049
PNW72168,1153,973.308,85.239728,575.102
PNW71805,3072,2892.308,59.260487,1188.126
PNW71684,2179,1999.308,244.588131,3389.750
PNW72033,3552,3372.308,10.010163,234.003
PNW72350,963,783.318,36.649030,199.000
PNW72177,2843,2663.308,17.143396,316.498
PNW72446,7728,7548.308,3.688833,193.015
PNW72451,2705,2525.308,16.148364,282.680
PNW72452,5357,5177.308,13.174198,472.804
PNW71680,1050,870.308,79.822081,481.558
PNW71464,2289,2109.308,6.910406,101.041
PNW72394,1704,1524.308,1.412317,14.923
PNW71167,3523,3343.308,1.162069,26.932
PNW71919,1545,1365.308,15.218488,144.031
PNW72554,1876,1696.308,17.883036,210.280
PNW72553,1080,900.308,4.787998,29.881
PNW71661,1071,891.308,24.956605,154.193
PNW72539,2041,1861.308,0.542534,7.000
PNW71240,3147,2967.308,2.722531,56.000
PNW71883,1885,1705.308,6.305279,74.535
PNW72115,2163,1983.308,81.384664,1118.885
PNW72142,1772,1592.308,0.090598,1.000
PNW71746,1408,1228.308,89.468358,761.780
PNW72286,5191,5011.308,0.546953,19.000
PNW71659,1462,1282.308,0.000000,0.000
PNW72102,3164,2984.308,12.336785,255.210
PNW72103,3812,3632.308,24.177495,608.761
PNW71527,2616,2436.308,0.000000,0.000
PNW71526,2827,2647.308,3.324090,61.000
PNW71802,3445,3265.308,25.076764,567.608
PNW71393,1419,1239.308,5.005424,43.000
PNW71603,3188,3008.308,0.047954,1.000
PNW71843,892,712.363,0.207897,1.027
PNW72282,1071,891.308,9.873005,61.000
PNW71586,4604,4424.308,7.471950,229.156
PNW71587,4925,4745.308,0.000000,0.000
PNW71352,3378,3198.308,8.209157,182.000
PNW71652,1676,1496.308,0.504818,5.236
PNW71897,1873,1693.308,16.463709,193.249
PNW72423,1542,1362.308,16.519491,156.000
PNW72244,2530,2350.308,0.306897,5.000
PNW71322,2936,2756.308,7.886732,150.688
PNW72415,1396,1216.308,0.000000,0.000
PNW72240,2923,2743.308,8.834503,168.000
PNW71818,7295,7115.308,3.315671,163.538
PNW72376,980,800.313,234.432638,1300.561
PNW71397,1769,1589.308,1.906157,21.000
PNW71568,3401,3221.308,2.463218,55.003
PNW72395,905,725.352,300.079744,1508.823
PNW72481,4299,4119.308,8.334327,237.984
PNW71832,1587,1407.308,47.354834,461.962
PNW72570,1516,1336.308,0.000000,0.000
PNW71414,4117,3937.308,20.640063,563.330
PNW72006,2399,2219.308,1.170044,18.000
PNW71668,2083,1903.308,148.576622,1960.253
PNW72134,1356,1176.308,0.000000,0.000
PNW71887,4303,4123.308,0.000000,0.000
PNW71886,3813,3633.308,0.000000,0.000
PNW71885,1479,1299.308,0.000000,0.000
PNW71276,2191,2011.308,18.576521,258.997
PNW71277,2656,2476.308,0.000000,0.000
PNW72260,1598,1418.308,25.446019,250.174
PNW72120,6428,6248.308,4.171536,180.680
PNW72163,1894,1714.308,34.944814,415.264
PNW71489,2228,2048.308,148.900574,2114.191
PNW71683,1456,1276.308,23.807681,210.632
PNW71682,1567,1387.308,6.590378,63.378
PNW71375,1633,1453.308,7.074080,71.266
PNW71499,4550,4370.308,7.115280,215.554
PNW72456,4811,4631.308,4.828092,155.000
PNW71955,2336,2156.308,3.485979,52.106
PNW71405,3910,3730.308,1.856282,48.000
PNW71934,2589,2409.308,10.545363,176.119
PNW71704,1950,1770.308,7.985914,98.000
PNW71703,2101,1921.308,0.000000,0.000
PNW72234,4062,3882.308,2.793940,75.190
PNW71200,1464,1284.308,415.175641,3696.185
PNW71641,504,325.063,11.982409,27.000
PNW71557,1943,1763.308,9.408428,115.000
PNW71745,1811,1631.308,23.877582,270.009
PNW72378,833,653.436,40.037167,181.350
PNW71831,865,685.395,32.413593,154.000
PNW71916,9046,8866.308,0.130165,8.000
PNW71770,2013,1833.308,4.406563,56.000
PNW72308,1503,1323.308,0.327045,3.000
PNW71412,1073,893.308,0.322980,2.000
PNW71899,2322,2142.308,0.808066,12.000
PNW72358,2365,2185.308,4.488939,68.000
PNW72175,6414,6234.308,8.012589,346.269
PNW71760,1680,1500.308,19.184182,199.515
PNW72161,4875,4695.308,8.547256,278.191
PNW71157,2937,2757.308,13.342729,255.025
PNW71280,3852,3672.308,1.374917,35.000
PNW72470,2692,2512.308,27.275518,475.005
PNW71228,2442,2262.308,4.718755,74.000
PNW71424,1416,1236.308,0.233373,2.000
PNW72503,1852,1672.308,4.925272,57.095
PNW72505,1619,1439.308,0.000000,0.000
PNW72504,831,651.437,8.738293,39.459
PNW71166,1488,1308.308,1.220361,11.068
PNW71829,2718,2538.308,17.164245,302.010
PNW71968,1283,1103.308,4140.000667,31662.837
PNW71425,7471,7291.308,3.570198,180.447
PNW71626,2224,2044.308,0.000000,0.000
PNW71579,2618,2438.308,16.293440,275.394
PNW72551,1799,1619.308,15.946705,179.000
PNW71391,2177,1997.308,20.704053,286.651
PNW71675,4012,3832.308,10.793897,286.742
PNW71676,3615,3435.308,0.000000,0.000
PNW71952,1940,1760.308,1.720989,21.000
PNW71967,1994,1814.308,29.419985,370.004
PNW71146,1401,1221.308,34.018460,288.000
PNW71965,3391,3211.308,26.453680,588.872
PNW71865,1591,1411.308,4.275803,41.830
PNW71623,19724,19544.308,1.668189,226.005
PNW71819,7146,6966.308,1.967271,94.999
PNW71948,4225,4045.308,0.086544,2.427
PNW71890,3331,3151.308,12.151881,265.453
PNW72159,1370,1190.308,545.100821,4497.683
PNW71285,6673,6493.308,5.325493,239.706
PNW71797,1281,1101.308,78.660442,600.507
PNW71199,3321,3141.308,1.377711,30.000
PNW71711,4529,4349.308,2.520814,76.000
PNW72265,5558,5378.308,11.509715,429.104
PNW72498,1882,1702.308,2.557418,30.178
PNW72499,171,35.261,28.458795,6.956
PNW72497,1472,1292.308,0.000000,0.000
PNW71566,1530,1350.308,0.000000,0.000
PNW71564,3200,3020.308,0.000000,0.000
PNW71565,3130,2950.308,0.635658,13.000
PNW71874,2164,1984.308,1.382795,19.020
PNW72160,2082,1902.308,9.178716,121.036
PNW72291,1392,1212.308,74.596202,626.877
PNW71552,5257,5077.308,3.546715,124.828
PNW72264,4960,4780.308,0.965699,32.000
PNW71895,3575,3395.308,76.325684,1796.397
PNW71505,1369,1189.308,0.363893,3.000
PNW71429,6495,6315.308,0.000000,0.000
PNW71428,6714,6534.308,4.457192,201.889
PNW71956,3730,3550.308,7.940509,195.419
PNW71812,2546,2366.308,0.121931,2.000
PNW71729,6131,5951.308,0.630265,26.001
PNW72226,3505,3325.308,11.193065,258.008
PNW72462,2217,2037.308,2.761565,39.000
PNW72550,7982,7802.308,4.696498,254.009
PNW71514,1055,875.308,0.000000,0.000
PNW72253,5480,5300.308,2.041304,75.000
PNW72389,1923,1743.308,16.136446,195.000
PNW71749,2288,2108.308,24.175196,353.311
PNW72431,3405,3225.308,0.000000,0.000
PNW72430,3550,3370.308,6.120939,143.001
PNW72174,1306,1126.308,10.374692,81.000
PNW72039,1946,1766.308,11.516228,141.003
PNW72334,1390,1210.308,0.603331,5.062
PNW71736,1349,1169.308,0.000000,0.000
PNW71971,5473,5293.308,13.904633,510.199
PNW71247,556,376.816,0.000000,0.000
PNW71433,2865,2685.308,0.000000,0.000
PNW71432,2781,2601.308,0.784652,14.149
PNW71521,2314,2134.308,1.960146,29.000
PNW71297,1106,926.308,0.000000,0.000
PNW71365,2519,2339.308,17.637054,286.000
PNW72048,1182,1002.308,2.350131,16.328
PNW72219,2214,2034.308,4.042086,57.000
PNW71824,1303,1123.308,0.000000,0.000
PNW71333,4810,4630.308,3.614071,116.000
PNW71332,3804,3624.308,0.000000,0.000
PNW71188,2032,1852.308,7.103028,91.203
PNW72086,2693,2513.308,0.286993,5.000
PNW71251,2206,2026.308,35.078598,492.720
PNW71326,3941,3761.308,2.531352,66.000
PNW71608,14239,14059.308,1.118461,109.003
PNW71636,2148,1968.308,0.073292,1.000
PNW71647,1902,1722.308,13.569532,162.005
PNW72147,693,513.558,0.000000,0.000
PNW71135,3585,3405.308,1.712573,40.426
PNW72067,1873,1693.308,0.766750,9.000
PNW72361,1810,1630.308,0.176973,2.000
PNW72094,3861,3681.308,4.431714,113.091
PNW71769,1789,1609.308,0.000000,0.000
PNW71268,2941,2761.308,0.313461,6.000
PNW71140,5045,4865.308,39.612306,1335.959
PNW71735,1073,893.308,2.431393,15.056
PNW72323,2274,2094.308,11.199379,162.587
PNW72322,999,819.308,85.316857,484.546
PNW72473,3363,3183.308,2.537797,56.000
PNW71466,4329,4149.308,0.120317,3.461
PNW71465,4960,4780.308,1.808577,59.930
PNW71738,4046,3866.308,0.041712,1.118
PNW72374,1303,1123.308,11.044523,86.000
PNW72178,1301,1121.308,1.848103,14.365
PNW71214,4404,4224.308,2.492957,73.000
PNW71646,2976,2796.308,2.321533,45.000
PNW71435,2870,2690.308,0.000000,0.000
PNW71437,2766,2586.308,46.434867,832.486
PNW71436,2723,2543.308,0.000000,0.000
PNW71187,4775,4595.308,7.169091,228.366
PNW72357,6755,6575.308,3.160282,144.044
PNW71415,1756,1576.308,0.091518,1.000
PNW72284,1457,1277.308,13.061930,115.653
PNW72158,2897,2717.308,35.575478,670.104
PNW71556,2636,2456.308,1.233343,21.000
PNW71594,7740,7560.308,1.526504,80.000
PNW71624,1342,1162.308,0.248231,2.000
PNW71147,6439,6259.308,6.905647,299.629
PNW71356,3656,3476.308,0.415819,10.020
PNW71531,17263,17083.308,0.565784,67.000
PNW72167,1506,1326.308,60.711163,558.169
PNW72453,2995,2815.308,0.114375,2.232
PNW72327,3562,3382.308,44.209896,1036.538
PNW71834,2246,2066.308,11.449948,164.003
PNW72255,4496,4316.308,3.977242,119.000
PNW72220,6756,6576.308,0.000000,0.000
PNW72221,6466,6286.308,2.386822,104.008
PNW71546,3247,3067.308,1.599075,34.000
PNW71665,2139,1959.308,92.326424,1253.953
PNW72036,2569,2389.308,17.227652,285.332
PNW72559,6329,6149.308,21.558685,918.969
PNW71458,2737,2557.308,23.632025,418.925
PNW71457,3302,3122.308,0.000000,0.000
PNW72387,2138,1958.308,3.925467,53.287
PNW72386,2308,2128.308,0.522782,7.713
PNW71271,1242,1062.308,2.581026,19.006
PNW72193,2454,2274.308,16.533349,260.653
PNW71454,3637,3457.308,15.543246,372.505
PNW71772,1551,1371.308,6.627549,63.000
PNW71813,1759,1579.308,7.983623,87.402
PNW71695,1966,1786.308,13.654021,169.071
PNW72169,1465,1285.308,117.092033,1043.247
PNW71161,910,730.347,0.000000,0.000
PNW72461,1489,1309.308,0.440723,4.000
PNW72478,1876,1696.308,39.426750,463.605
PNW72560,3219,3039.308,22.601008,476.162
PNW72558,2673,2493.308,15.195602,262.631
PNW71649,4881,4701.308,46.531247,1516.408
PNW72339,2702,2522.308,0.000000,0.000
PNW71759,1968,1788.308,0.000000,0.000
PNW71758,3638,3458.308,8.411417,201.644
PNW71361,5053,4873.308,1.065678,36.000
PNW71591,3846,3666.308,0.042818,1.088
PNW72249,2900,2720.308,0.265155,5.000
PNW71673,2967,2787.308,0.879856,17.000
PNW71918,2176,1996.308,7.226365,100.000
PNW71978,2024,1844.308,12.672385,162.011
PNW71696,1244,1064.308,186.208476,1373.787
PNW71999,3095,2915.308,4.943033,99.892
PNW72132,3142,2962.308,0.048699,1.000
PNW72010,1374,1194.308,0.120790,1.000
PNW71732,1522,1342.308,13.225364,123.059
PNW71741,3359,3179.308,0.000000,0.000
PNW71142,1998,1818.308,10.075897,127.000
PNW71160,2663,2483.308,9.212707,158.588
PNW72300,4025,3845.308,0.000000,0.000
PNW71509,2848,2668.308,112.260389,2076.419
PNW71244,2974,2794.308,0.150302,2.911
PNW71549,7606,7426.308,5.827687,300.000
PNW71737,1157,977.308,78.837268,534.092
PNW71927,1669,1489.308,6.199154,63.998
PNW71490,1700,1520.308,0.118904,1.253
PNW71612,5961,5781.308,0.848680,34.011
PNW72336,2108,1928.308,1.056301,14.119
PNW71607,1993,1813.308,37.140114,466.839
PNW72089,3149,2969.308,19.508686,401.546
PNW72191,2355,2175.308,8.146419,122.840
PNW72267,2062,1882.308,0.843042,11.000
PNW72475,5293,5113.308,0.846383,30.000
PNW72353,1526,1346.308,0.639093,5.964
PNW72352,2213,2033.308,0.926025,13.052
PNW71618,834,654.435,0.000000,0.000
PNW71619,1362,1182.308,13.421758,110.000
PNW71402,1061,881.308,0.000000,0.000
PNW72091,5572,5392.308,14.071488,525.978
PNW72173,1107,927.308,68.474925,440.158
PNW72281,2223,2043.308,13.567958,192.177
PNW71382,3773,3593.308,0.000000,0.000
PNW72362,1842,1662.308,88.320428,1017.713
PNW71904,2132,1952.308,5.503608,74.482
PNW72024,4060,3880.308,2.976668,80.066
PNW71900,1368,1188.308,0.230404,1.898
PNW71217,6768,6588.308,3.459638,158.000
PNW71713,2391,2211.308,6.784714,104.000
PNW71806,8190,8010.308,0.612318,34.000
PNW72256,9040,8860.308,2.867967,176.147
PNW72270,5373,5193.308,8.807035,317.049
PNW72533,2764,2584.308,34.276608,614.037
PNW71445,11026,10846.308,4.524403,340.170
PNW71807,7285,7105.308,2.139182,105.362
PNW72042,1834,1654.308,4.447349,51.000
PNW71484,3162,2982.308,23.092549,477.394
PNW71211,993,813.311,0.000000,0.000
PNW71210,2229,2049.308,1.759868,25.000
PNW71287,2397,2217.308,0.650611,10.000
PNW71717,2862,2682.308,59.951228,1114.703
PNW71303,1602,1422.308,0.000000,0.000
PNW71774,1587,1407.308,0.000000,0.000
PNW71775,2013,1833.308,7.403467,94.086
PNW71290,1492,1312.308,9.453879,86.000
PNW72404,9165,8985.308,0.868311,54.083
PNW72405,9747,9567.308,2.117886,140.457
PNW72139,2968,2788.308,26.034792,503.208
PNW72437,1740,1560.308,35.503264,384.000
PNW71754,1138,958.308,0.000000,0.000
PNW72084,3496,3316.308,29.373233,675.242
PNW71410,1896,1716.308,4.036466,48.023
PNW71409,789,609.485,0.000000,0.000
PNW71194,4618,4438.308,0.227723,7.006
PNW71141,2043,1863.308,38.470351,496.894
PNW72108,2582,2402.308,0.780660,13.000
PNW72119,5102,4922.308,0.000000,0.000
PNW72118,4574,4394.308,0.065658,2.000
PNW72212,9316,9136.308,2.400631,152.037
PNW71275,439,260.799,0.000000,0.000
PNW71543,900,720.356,11.615239,58.000
PNW71773,1652,1472.308,0.000000,0.000
PNW72371,1509,1329.308,23.466386,216.234
PNW71258,1442,1262.308,30.513589,267.000
PNW72444,1884,1704.308,2.454694,29.000
PNW72113,3198,3018.308,151.235831,3164.250
PNW72522,2972,2792.308,25.986759,503.000
PNW71790,2030,1850.308,9.363267,120.095
PNW71820,1617,1437.308,59.531948,593.134
PNW71643,2175,1995.308,2.675095,37.000
PNW72079,1475,1295.308,21.050804,189.014
PNW71390,2228,2048.308,0.845149,12.000
PNW71677,1509,1329.308,15.003072,138.248
PNW71994,4999,4819.308,2.811970,93.939
PNW72251,3319,3139.308,1.286683,28.000
PNW72236,5007,4827.308,7.022840,235.001
PNW71220,783,603.488,247.275749,1034.434
PNW71959,2193,2013.308,2.819159,39.344
PNW71243,2993,2813.308,42.684455,832.414
PNW72476,2769,2589.308,0.334284,6.000
PNW71986,3704,3524.308,1.187057,29.000
PNW71810,3084,2904.308,18.093114,364.258
PNW71928,3602,3422.308,0.628176,14.902
PNW71550,727,547.528,0.000000,0.000
PNW71615,7042,6862.308,4.241723,201.774
PNW71768,1916,1736.308,0.083085,1.000
PNW71712,3057,2877.308,0.852334,17.000
PNW71840,1409,1229.308,192.568711,1640.964
PNW72070,1127,947.308,31.980210,210.003
PNW72523,4741,4561.308,10.025760,317.000
PNW71592,8003,7823.308,1.849630,100.306
PNW71836,1535,1355.308,15.540425,146.000
PNW72304,3488,3308.308,9.462399,217.000
PNW71880,2771,2591.308,0.000000,0.000
PNW71389,1926,1746.308,20.900038,253.000
PNW72127,8825,8645.308,0.521960,31.280
PNW72223,3281,3101.308,48.057484,1033.138
PNW72237,473,294.319,6.371945,13.000
PNW71476,1956,1776.308,3.816308,46.991
PNW72429,2196,2016.308,0.071547,1.000
PNW71628,1359,1179.308,15.542600,127.058
PNW71351,4857,4677.308,1.449604,47.000
PNW71377,4116,3936.308,28.260086,771.108
PNW72535,1565,1385.308,3.228217,31.000
PNW72531,2756,2576.308,1.119901,20.000
PNW72013,5465,5285.308,0.272946,10.000
PNW72315,3345,3165.308,1.659798,36.419
PNW71353,3355,3175.308,5.724964,126.012
PNW71156,2262,2082.308,1.039187,15.000
PNW72157,1637,1457.308,2.177804,22.000
PNW71229,7481,7301.308,1.086700,55.000
PNW71742,1137,957.308,0.302404,2.007
PNW72402,5206,5026.308,1.320414,46.006
PNW71522,3029,2849.308,9.013507,178.027
PNW71538,1307,1127.308,5.118760,40.000
PNW72348,3205,3025.308,0.190738,4.000
PNW72407,5569,5389.308,0.185639,6.935
PNW72408,4020,3840.308,0.265391,7.065
PNW71610,4558,4378.308,8.106308,246.027
PNW72329,1963,1783.308,32.528483,402.108
PNW71335,1032,852.308,0.169329,1.000
PNW71637,2920,2740.308,1.474033,28.000
PNW71355,1489,1309.308,86.499101,785.066
PNW71561,1677,1497.308,12.655787,131.357
PNW71560,3261,3081.308,59.183304,1264.116
PNW71870,1987,1807.308,2.554261,32.000
PNW71201,6118,5938.308,0.996027,41.000
PNW72077,2583,2403.308,6.422769,107.000
PNW71941,1261,1081.308,2.668259,20.000
PNW71764,1419,1239.308,2.157398,18.534
PNW72250,3684,3504.308,7.534246,183.018
PNW72302,2148,1968.308,0.000000,0.000
PNW71830,2157,1977.308,4.815530,66.004
PNW71387,3891,3711.308,1.477080,38.000
PNW72500,1643,1463.308,4.337748,44.000
PNW71196,1619,1439.308,9.317333,92.960
PNW71485,5695,5515.308,7.770192,297.067
PNW71513,2455,2275.308,8.879077,140.043
PNW71777,2443,2263.308,4.525454,71.000
PNW71859,1752,1572.308,0.795743,8.673
PNW71857,1060,880.308,27.353258,166.915
PNW72425,2878,2698.308,1.283120,24.000
PNW72214,1883,1703.308,292.696599,3455.918
PNW71204,1868,1688.308,108.141900,1265.605
PNW71685,1166,986.308,260.592076,1781.667
PNW71853,2883,2703.308,2.357597,44.179
PNW71496,1476,1296.308,38.175721,343.043
PNW72185,1988,1808.308,16.832842,211.000
PNW72100,2949,2769.308,0.000000,0.000
PNW72099,4347,4167.308,1.211602,35.000
PNW71911,1984,1804.308,5.596735,70.000
PNW72019,3114,2934.308,2.802313,57.000
PNW72341,3438,3258.308,9.608451,217.019
PNW72128,8732,8552.308,1.327846,78.720
PNW72243,1431,1251.308,1.152877,10.000
PNW71613,3587,3407.308,176.608961,4171.351
PNW72166,4288,4108.308,1.755717,50.000
PNW72145,4741,4561.308,3.706357,117.190
PNW71304,4580,4400.308,10.066321,307.048
PNW71577,2016,1836.308,88.778724,1130.074
PNW71815,8282,8102.308,0.747824,42.001
PNW72081,1579,1399.308,31.772614,308.190
PNW72198,1242,1062.308,17.110742,126.000
PNW71795,1941,1761.308,20.166949,246.223
PNW71809,2879,2699.308,12.382110,231.686
PNW71291,2324,2144.308,3.094697,46.000
PNW71593,1113,933.308,0.926591,5.995
PNW72005,2372,2192.308,2.434712,37.000
PNW71259,7185,7005.308,1.976931,96.000
PNW72464,3937,3757.308,8.871710,231.066
PNW72003,2698,2518.308,15.937458,278.215
PNW72098,9683,9503.308,0.151810,10.001
PNW72426,1758,1578.308,1.669865,18.269
PNW71468,3215,3035.308,2.899177,61.000
PNW71318,1504,1324.308,5.010905,46.000
PNW71399,2727,2547.308,12.406937,219.078
PNW72527,1461,1281.308,0.900708,8.000
PNW71632,9914,9734.308,1.320579,89.109
PNW72012,8296,8116.308,2.501821,140.756
PNW71219,1732,1552.308,3.345584,36.000
PNW72117,2448,2268.308,1.462761,23.000
PNW72375,2857,2677.308,4.963578,92.118
PNW72563,1709,1529.308,1.509289,16.000
PNW71255,3010,2830.308,9.327710,183.004
PNW71849,4241,4061.308,0.284166,8.000
PNW71893,3099,2919.308,16.082574,325.453
PNW71915,1527,1347.308,4.407624,41.165
PNW72165,3149,2969.308,18.996302,391.000
PNW72298,1754,1574.308,14.569841,159.000
PNW71334,617,437.651,1.318498,4.000
PNW71991,2791,2611.308,8.736835,158.148
PNW72299,1777,1597.308,16.979454,188.003
PNW71601,2587,2407.308,27.855077,464.824
PNW72388,3898,3718.308,2.987396,77.000
PNW71576,2974,2794.308,521.082421,10093.302
PNW71597,3688,3508.308,8.618567,209.597
PNW72482,12288,12108.308,0.417005,35.001
PNW72385,1316,1136.308,8.506562,67.004
PNW71983,1066,886.308,102.374846,628.971
PNW72326,1895,1715.308,82.160179,976.913
PNW71702,1486,1306.308,42.753457,387.141
PNW72222,5926,5746.308,5.299201,211.082
PNW71622,5417,5237.308,16.994752,616.986
PNW72520,3564,3384.308,0.000000,0.000
PNW72519,3714,3534.308,0.775527,19.000
PNW71317,3473,3293.308,8.454241,193.001
PNW71301,8825,8645.308,0.450537,27.000
PNW72076,2906,2726.308,10.905749,206.102
PNW71634,2753,2573.308,5.933309,105.838
PNW71431,2209,2029.308,7.130093,100.299
PNW71418,2046,1866.308,8.589157,111.119
PNW71947,10767,10587.308,3.124611,229.316
PNW71779,1862,1682.308,13.624112,158.879
PNW71547,2405,2225.308,19.619449,302.642
PNW71321,1864,1684.308,17.139181,200.108
PNW71508,2849,2669.308,174.807382,3234.529
PNW71692,996,816.309,95.602336,540.973
PNW71589,3998,3818.308,0.596873,15.798
PNW71221,2189,2009.308,2.297475,32.000
PNW71563,1837,1657.308,8.119768,93.282
PNW71312,2479,2299.308,7.466159,119.000
PNW72254,2242,2062.308,170.289204,2434.407
PNW72349,2645,2465.308,7.197495,123.000
PNW71174,3584,3404.308,1.313652,31.000
PNW71847,2686,2506.308,0.057570,1.000
PNW72044,1825,1645.308,7.804256,89.008
PNW71875,1687,1507.308,6.991810,73.054
PNW72016,3263,3083.308,0.561451,12.000
PNW71308,8674,8494.308,3.347133,197.085
PNW71757,1352,1172.308,17.118200,139.108
PNW71320,2653,2473.308,10.267853,176.040
PNW71693,7177,6997.308,4.642728,225.194
PNW71519,2747,2567.308,4.382925,78.000
PNW72200,1935,1755.308,13.972299,170.010
PNW72040,2479,2299.308,7.277936,116.000
PNW72205,2383,2203.308,5.050977,77.144
PNW72229,3965,3785.308,12.616211,331.042
PNW71417,6728,6548.308,0.550755,25.000
PNW71469,6919,6739.308,0.128435,6.000
PNW71430,2008,1828.308,17.516659,222.000
PNW72062,2857,2677.308,0.484944,9.000
PNW71264,714,534.540,0.269878,1.000
PNW71265,444,265.711,0.000000,0.000
PNW72390,2834,2654.308,1.467438,27.000
PNW71467,7008,6828.308,10.301976,487.625
PNW71924,2549,2369.308,0.000000,0.000
PNW72365,1908,1728.308,2.504076,30.000
PNW72126,4101,3921.308,3.678887,100.000
PNW71670,2418,2238.308,16.107147,249.914
PNW71497,3002,2822.308,4.958105,97.000
PNW71500,2498,2318.308,3.673229,59.030
PNW71679,1987,1807.308,13.183706,165.167
PNW71178,4446,4266.308,11.773467,348.184
PNW71237,4935,4755.308,0.879765,29.000
PNW71997,3527,3347.308,251.012336,5824.294
PNW71441,5664,5484.308,0.000000,0.000
PNW71183,2335,2155.308,2.141847,32.000
PNW72469,2096,1916.308,6.549455,87.001
PNW71516,3915,3735.308,3.282297,84.988
PNW71517,3954,3774.308,0.000000,0.000
PNW71844,714,534.540,0.000000,0.000
PNW71733,4153,3973.308,0.075559,2.081
PNW71835,1459,1279.308,5.872733,52.080
PNW72225,2475,2295.308,3.582556,57.002
PNW72060,2012,1832.308,7.636963,97.000
PNW71867,3241,3061.308,2.058466,43.682
PNW71510,1936,1756.308,59.313478,722.116
PNW71175,5431,5251.308,10.136927,369.000
PNW71190,3168,2988.308,0.868950,18.000
PNW71286,2329,2149.308,0.939673,14.000
PNW71876,2151,1971.308,4.611845,63.020
PNW71822,1973,1793.308,14.761746,183.504
PNW71540,2998,2818.308,17.352365,339.000
PNW71289,2526,2346.308,17.365827,282.444
PNW72337,5256,5076.308,0.511531,18.000
PNW72330,4482,4302.308,28.747582,857.345
PNW71421,1436,1256.308,22.513511,196.061
PNW71581,790,610.484,2055.536837,8698.655
PNW71158,2537,2357.308,0.000000,0.000
PNW71793,4273,4093.308,6.026592,171.001
PNW71932,4648,4468.308,0.032299,1.000
PNW72346,1993,1813.308,69.691638,876.001
PNW71944,3236,3056.308,16.910892,358.275
PNW72124,4964,4784.308,2.020241,67.000
PNW71518,991,811.312,538.257848,3027.128
PNW72105,633,453.620,8710.482278,27389.661
PNW71331,7288,7108.308,11.641157,573.608
PNW72136,2430,2250.308,0.000000,0.000
PNW71313,7279,7099.308,7.655186,376.725
PNW72285,5184,5004.308,4.353037,151.004
PNW71451,15714,15534.308,1.811716,195.090
PNW71631,1131,951.308,44.247374,291.784
PNW72164,1334,1154.308,106.738260,854.072
PNW72445,3324,3144.308,15.782601,343.998
PNW71964,992,812.311,0.000000,0.000
PNW71645,2328,2148.308,6.452701,96.093
PNW71434,3891,3711.308,9.250931,237.993
PNW72135,5130,4950.308,0.233134,8.000
PNW72561,201,53.437,0.000000,0.000
PNW72562,3156,2976.308,25.324252,522.477
PNW72029,2045,1865.308,25.289246,326.993
PNW72489,3431,3251.308,0.665550,15.000
PNW71330,4358,4178.308,14.052165,407.002
PNW72534,902,722.355,0.199709,1.000
PNW71979,1984,1804.308,12.952803,162.004
PNW72246,6291,6111.308,0.070890,3.003
PNW72325,1982,1802.308,72.044390,900.081
PNW71715,2327,2147.308,13.235535,197.010
PNW71666,3536,3356.308,7.865428,182.994
PNW71976,10739,10559.308,3.839736,281.054
PNW71616,1898,1718.308,9.822732,117.000
PNW71439,2416,2236.308,6.579850,102.000
PNW72233,2604,2424.308,0.178518,3.000
PNW71720,5659,5479.308,1.737664,66.000
PNW72529,10655,10475.308,6.762229,491.031
PNW71548,2389,2209.308,11.650318,178.421
PNW72007,2533,2353.308,2.881155,47.000
PNW71474,2922,2742.308,4.366165,82.998
PNW72053,1450,1270.308,89.597976,788.969
PNW71232,4201,4021.308,3.659151,102.000
PNW72000,6752,6572.308,2.699819,123.000
PNW72206,2184,2004.308,11.156158,155.000
PNW71367,1911,1731.308,22.696287,272.384
PNW72411,2493,2313.308,0.062361,1.000
PNW71722,1106,926.308,0.000000,0.000
PNW72345,1244,1064.308,9.488074,70.000
PNW72144,1693,1513.308,1005.722814,10550.140
PNW71660,3934,3754.308,72.378686,1883.619
PNW71212,2872,2692.308,78.414200,1463.430
PNW71748,2046,1866.308,10.842256,140.267
PNW71937,1296,1116.308,20.097635,155.518
PNW71446,10317,10137.308,1.522680,107.000
PNW71504,1243,1063.308,33.663899,248.128
PNW72508,6867,6687.308,1.547074,71.716
PNW71993,1188,1008.308,120.003061,838.761
PNW72439,3191,3011.308,3.928313,82.000
PNW71664,993,813.311,0.000000,0.000
PNW72391,1358,1178.308,11.148075,91.057
PNW71341,816,636.459,0.679889,3.000
PNW71384,1671,1491.308,1.257545,13.000
PNW72448,3069,2889.308,1.497874,30.000
PNW71545,4481,4301.308,0.000000,0.000
PNW71559,1176,996.308,103.261107,713.154
PNW72008,5754,5574.308,0.854078,33.002
PNW72342,4717,4537.308,2.638929,83.000
PNW71785,3962,3782.308,3.928509,103.000
PNW72207,1837,1657.308,1.566811,18.000
PNW71877,3413,3233.308,0.000000,0.000
PNW72422,1606,1426.308,1.314854,13.000
PNW72131,1880,1700.308,1.675917,19.753
PNW72483,4826,4646.308,4.560652,146.888
PNW71452,2925,2745.308,1.944277,37.000
PNW72232,2140,1960.308,12.513559,170.043
PNW71366,1355,1175.308,33.999727,277.000
PNW71302,846,666.420,0.000000,0.000
PNW71755,3712,3532.308,26.586846,650.995
PNW72110,800,620.477,4.075191,17.528
PNW71708,2482,2302.308,1.441159,23.000
PNW71727,2497,2317.308,20.354128,326.956
PNW71198,2362,2182.308,0.396627,6.000
PNW71385,3216,3036.308,67.551603,1421.785
PNW72004,6384,6204.308,1.046325,45.000
PNW71245,836,656.432,0.000000,0.000
PNW72032,5668,5488.308,9.849197,374.707
PNW71340,2044,1864.308,5.501137,71.092
PNW71512,1377,1197.308,4.096570,34.000
PNW71562,2043,1863.308,2.864737,37.002
PNW72546,2895,2715.308,1.700115,32.000
PNW72477,2084,1904.308,2.424245,32.001
PNW71325,1717,1537.308,7.805706,83.181
PNW71137,3452,3272.308,0.912955,20.709
PNW71373,1579,1399.308,259.272932,2514.914
PNW71816,652,472.595,7.368824,24.140
PNW72037,926,746.331,0.000000,0.000
PNW71408,4764,4584.308,1.699140,53.995
PNW71575,1207,1027.308,59.139144,421.142
PNW71689,1679,1499.308,22.634704,235.244
PNW72555,1774,1594.308,37.191074,411.021
PNW71846,2744,2564.308,7.851799,139.570
PNW71488,10287,10107.308,5.602756,392.545
PNW71263,3257,3077.308,0.093758,2.000
PNW71881,2643,2463.308,14.380415,245.552
PNW71254,5662,5482.308,0.473649,18.000
PNW71567,3442,3262.308,4.466336,101.002
PNW71298,3163,2983.308,0.773694,16.000
PNW71394,3599,3419.308,0.000000,0.000
PNW71395,3593,3413.308,0.380384,9.000
PNW71891,1844,1664.308,83.629887,964.823
PNW72055,883,703.368,0.000000,0.000
PNW72056,1053,873.308,0.000000,0.000
PNW71329,2878,2698.308,3.047409,57.000
PNW72018,3973,3793.308,13.502076,355.035
PNW71269,2194,2014.308,7.510487,104.869
PNW72273,2130,1950.308,22.190970,300.007
PNW72502,2178,1998.308,0.088952,1.232
PNW72363,4057,3877.308,1.078984,29.000
PNW72295,2519,2339.308,1.418364,23.000
PNW71223,3571,3391.308,3.051356,71.732
PNW71222,3604,3424.308,0.000000,0.000
PNW72266,3590,3410.308,21.069500,498.081
PNW71862,3393,3213.308,0.313391,6.981
PNW72463,1172,992.308,30.238774,208.000
PNW72093,1756,1576.308,19.953240,218.025
PNW71342,1320,1140.308,0.506040,4.000
PNW71690,4342,4162.308,20.637822,595.457
PNW71970,3019,2839.308,3.012864,59.299
PNW71817,4458,4278.308,0.381940,11.327
PNW71667,2543,2363.308,4.114065,67.398
PNW71235,3895,3715.308,6.989207,180.001
PNW72331,1845,1665.308,1.472658,17.000
PNW71638,5326,5146.308,105.116542,3749.897
PNW72492,5367,5187.308,0.945550,34.000
PNW71803,2422,2242.308,11.130079,173.000
PNW71185,2716,2536.308,4.697211,82.584
PNW72359,7540,7360.308,1.215187,62.000
PNW72360,7543,7363.308,0.000000,0.000
PNW71296,3534,3354.308,2.279399,53.000
PNW71413,1972,1792.308,0.160977,2.000
PNW71662,3071,2891.308,1.363060,27.319
PNW72125,1237,1057.308,0.409324,3.000
PNW72532,2033,1853.308,0.544876,7.000
PNW72182,3632,3452.308,39.523717,945.845
PNW72427,1702,1522.308,0.094764,1.000
PNW72396,862,682.401,12.053550,57.017
PNW72454,2748,2568.308,4.437388,79.000
PNW72335,1596,1416.308,0.000000,0.000
PNW72567,3368,3188.308,8.650840,191.193
PNW71208,2607,2427.308,2.733886,46.000
PNW71371,10838,10658.308,0.311306,23.000
PNW71388,626,446.632,0.000000,0.000
PNW71529,2267,2087.308,82.236613,1189.883
PNW72316,2474,2294.308,0.000000,0.000
PNW72143,2764,2584.308,0.000000,0.000
PNW72530,2227,2047.308,0.422781,6.000
PNW71898,3157,2977.308,12.920139,266.651
PNW71368,6279,6099.308,10.468311,442.598
PNW71491,850,670.416,0.000000,0.000
PNW72235,2031,1851.308,58.439512,749.960
PNW71197,3684,3504.308,0.123500,3.000
PNW72074,6002,5822.308,32.351499,1305.696
PNW71400,4018,3838.308,6.239010,166.000
PNW71850,1812,1632.308,3.535129,40.000
PNW71148,2679,2499.308,2.308807,40.000
PNW72194,5043,4863.308,1.423826,48.000
PNW72317,2059,1879.308,0.000000,0.000
PNW72227,4621,4441.308,33.263652,1024.079
PNW71207,2267,2087.308,40.484913,585.777
PNW72192,1761,1581.308,2.828086,31.000
PNW72231,2508,2328.308,17.599246,284.045
PNW71954,1980,1800.308,15.145752,189.012
PNW71771,6660,6480.308,32.096894,1441.820
PNW72328,2452,2272.308,352.243346,5548.334
PNW72434,1286,1106.308,0.000000,0.000
PNW71553,9751,9571.308,1.175630,78.000
PNW72272,1597,1417.308,6.821728,67.021
PNW71794,1565,1385.308,0.108917,1.046
PNW71617,2785,2605.308,0.000000,0.000
PNW72447,5418,5238.308,4.957118,180.000
PNW71438,2362,2182.308,59.291622,896.937
PNW72218,3056,2876.308,4.764481,94.996
PNW71629,1962,1782.308,22.177752,274.001
PNW71620,3181,3001.308,0.048068,1.000
PNW72092,1579,1399.308,5.595862,54.279
PNW71884,2002,1822.308,6.393828,80.767
PNW71143,3074,2894.308,50.528246,1013.752
PNW71195,5567,5387.308,11.983121,447.501
PNW71533,2172,1992.308,0.000000,0.000
PNW71532,1939,1759.308,0.491991,6.000
PNW71644,5416,5236.308,0.495901,18.000
PNW72496,1111,931.308,5.608896,36.210
PNW71602,1748,1568.308,27.878726,303.080
PNW71906,2014,1834.308,27.839318,353.984
PNW71486,2637,2457.308,40.191193,684.610
PNW71537,5355,5175.308,0.362372,13.000
PNW71821,1187,1007.308,181.410012,1266.707
PNW72435,1285,1105.308,0.000000,0.000
PNW71344,2179,1999.308,0.725622,10.056
PNW72114,706,526.546,0.289001,1.055
PNW72443,3411,3231.308,19.818832,443.924
PNW71213,6069,5889.308,4.556130,186.000
PNW72156,1806,1626.308,0.975823,11.001
PNW72049,5513,5333.308,8.086188,298.946
PNW71182,2203,2023.308,1.354687,19.000
PNW72311,1109,929.308,0.310469,2.000
PNW72307,3624,3444.308,21.444804,512.008
PNW71455,1439,1259.308,5.370573,46.882
PNW71359,3091,2911.308,7.360025,148.532
PNW72130,1412,1232.308,0.117065,1.000
PNW71969,1814,1634.308,0.000000,0.000
PNW72340,16142,15962.308,1.545425,171.000
PNW71905,3326,3146.308,6.871843,149.874
PNW72467,3706,3526.308,0.000000,0.000
PNW71310,1682,1502.308,2.987537,31.112
PNW72351,10141,9961.308,1.752332,121.000
PNW72030,1207,1027.308,24.442118,174.057
PNW72506,6966,6786.308,2.061986,97.000
PNW71554,2170,1990.308,4.783778,66.000
PNW71998,2134,1954.308,0.073817,1.000
PNW72440,1774,1594.308,0.995332,11.000
PNW71472,5449,5269.308,1.639722,59.893
PNW71872,2967,2787.308,4.036984,78.000
PNW71980,3884,3704.308,11.761456,302.010
PNW72071,2505,2325.308,5.575094,89.864
PNW72468,5870,5690.308,3.980259,157.000
PNW71858,3844,3664.308,0.236215,6.000
PNW71136,2144,1964.308,138.107069,1880.521
PNW71744,4037,3857.308,8.792506,235.098
PNW71783,1384,1204.308,121.020192,1010.295
PNW72216,2710,2530.308,0.000000,0.000
PNW72369,2906,2726.308,6.720108,127.000
PNW71358,1458,1278.308,8.012540,71.000
PNW72245,2983,2803.308,9.556482,185.704
PNW71284,2162,1982.308,0.145881,2.005
PNW72202,2721,2541.308,13.821594,243.483
PNW72309,550,370.836,0.000000,0.000
PNW71227,2463,2283.308,7.518477,119.000
PNW71788,2898,2718.308,0.796049,15.000
PNW71781,2676,2496.308,1.040212,18.000
PNW71350,7765,7585.308,170.215102,8950.017
PNW72065,545,365.852,0.000000,0.000
PNW71584,1632,1452.308,0.198664,2.000
PNW72432,2346,2166.308,0.066593,1.000
PNW71642,3467,3287.308,9.600055,218.759
PNW72479,5839,5659.308,0.611870,24.004
PNW71524,2284,2104.308,6.581264,96.000
PNW72472,3252,3072.308,3.474677,74.000
PNW72186,4535,4355.308,0.430635,13.001
PNW71336,1736,1556.308,1.112329,12.000
PNW71473,2847,2667.308,48.849116,903.197
PNW72312,2663,2483.308,0.000000,0.000
PNW72450,1933,1753.308,12.169899,147.910
PNW71357,11825,11645.308,1.900719,153.434
PNW71789,4183,4003.308,1.948459,54.071
PNW72433,2014,1834.308,11.246339,143.000
PNW71449,4357,4177.308,9.255199,268.000
PNW71462,10008,9828.308,0.562447,38.319
PNW72568,9058,8878.308,14.871321,915.234
PNW71837,2699,2519.308,9.094006,158.814
PNW71869,1198,1018.308,145.323183,1025.810
PNW72112,2271,2091.308,0.646554,9.373
PNW72111,1171,991.308,5.199434,35.729
PNW71420,4435,4255.308,2.406993,71.000
PNW71801,1849,1669.308,32.149476,372.017
PNW71595,2004,1824.308,28.272117,357.527
PNW71892,2848,2668.308,0.162193,3.000
PNW72064,11137,10957.308,0.026331,2.000
PNW72069,1327,1147.308,65.221291,518.707
PNW71731,8583,8403.308,0.659453,38.414
PNW71714,1945,1765.308,44.467318,544.144
PNW71495,1996,1816.308,11.198904,141.000
PNW71939,10734,10554.308,8.042407,588.394
PNW72384,3615,3435.308,33.805955,805.029
PNW72549,552,372.829,0.386935,1.000
PNW71604,3280,3100.308,20.880762,448.749
PNW71838,2793,2613.308,9.687293,175.487
PNW72541,1724,1544.308,16.440924,176.000
PNW72379,3338,3158.308,1.598803,35.003
PNW71596,1358,1178.308,5.631789,46.000
PNW71327,3116,2936.308,20.049310,408.088
PNW71972,2091,1911.308,6.574695,87.108
PNW71697,2926,2746.308,4.832658,92.000
PNW71426,2295,2115.308,1.773157,26.000
PNW71345,3002,2822.308,3.626415,70.947
PNW72471,1882,1702.308,7.372733,87.000
PNW71930,4335,4155.308,0.000000,0.000
PNW72288,777,597.491,63.060612,261.181
PNW71940,769,589.499,67.643916,276.417
PNW72380,2992,2812.308,0.424768,8.281
PNW71860,5116,4936.308,6.233038,213.282
PNW72474,1738,1558.308,2.869828,31.000
PNW72488,2039,1859.308,21.336774,275.000
PNW72252,7479,7299.308,1.087037,55.002
PNW72195,4365,4185.308,0.930606,26.999
PNW71984,6128,5948.308,2.570750,106.000
PNW71292,3691,3511.308,1.109283,27.000
PNW70267,1368,1188.308,1.092562,9.000
PNW70299,1156,976.308,0.000000,0.000
PNW70597,2616,2436.308,0.000000,0.000
PNW69879,1970,1790.308,23.074654,286.362
PNW71050,1544,1364.308,0.000000,0.000
PNW70050,3909,3729.308,0.000000,0.000
PNW70051,4990,4810.308,4.109611,137.033
PNW70160,602,422.689,0.000000,0.000
PNW70460,4359,4179.308,3.012152,87.264
PNW70461,3669,3489.308,1.849557,44.736
PNW70863,1663,1483.308,0.097256,1.000
PNW69989,9459,9279.308,0.264290,17.000
PNW70103,2126,1946.308,0.592961,8.000
PNW70687,5236,5056.308,28.534720,1000.137
PNW71072,2622,2442.308,1.772018,30.000
PNW71076,2395,2215.308,44.618208,685.171
PNW70435,4091,3911.308,1.616977,43.841
PNW70756,6039,5859.308,1.620407,65.815
PNW70755,9160,8980.308,4.426404,275.546
PNW70657,4065,3885.308,5.495256,148.001
PNW70215,4852,4672.308,0.602473,19.513
PNW70214,5012,4832.308,0.000000,0.000
PNW70250,1331,1151.308,30.949439,247.000
PNW70323,3207,3027.308,13.533471,284.000
PNW70417,2791,2611.308,21.884252,396.134
PNW69988,2398,2218.308,5.137510,79.000
PNW70090,1175,995.308,0.000000,0.000
PNW70409,6186,6006.308,1.393054,58.000
PNW70545,1388,1208.308,70.835129,593.306
PNW71111,829,649.439,0.000000,0.000
PNW70144,2574,2394.308,0.000000,0.000
PNW70143,1848,1668.308,0.000000,0.000
PNW70244,2182,2002.308,0.000000,0.000
PNW70410,1534,1354.308,11.296591,106.052
PNW70520,8610,8430.308,2.464146,144.000
PNW70856,5854,5674.308,0.025423,1.000
PNW70114,1759,1579.308,3.836453,42.000
PNW71103,3516,3336.308,1.297187,30.000
PNW70496,1749,1569.308,189.597508,2062.497
PNW71112,1595,1415.308,0.000000,0.000
PNW69994,789,609.485,0.000000,0.000
PNW69995,1446,1266.308,0.000000,0.000
PNW69996,1452,1272.308,4.422010,39.000
PNW70419,1343,1163.308,3.472247,28.000
PNW70490,3156,2976.308,5.670642,116.994
PNW70492,3153,2973.308,0.000000,0.000
PNW70491,3507,3327.308,5.439319,125.456
PNW70769,8271,8091.308,0.695334,39.000
PNW70577,2434,2254.308,0.707691,11.059
PNW70192,8546,8366.308,2.258989,131.009
PNW69915,2488,2308.308,9.624421,154.000
PNW70900,6966,6786.308,6.956088,327.229
PNW70852,7110,6930.308,0.686924,33.000
PNW70497,1463,1283.308,50.021638,444.981
PNW71129,2911,2731.308,45.848140,868.050
PNW70534,4238,4058.308,0.426564,12.000
PNW70643,582,402.740,0.000000,0.000
PNW70644,2480,2300.308,1.630552,26.000
PNW70766,7232,7052.308,0.073823,3.609
PNW70115,4740,4560.308,2.625617,83.000
PNW69952,3656,3476.308,0.000000,0.000
PNW70771,784,604.488,3.579737,15.000
PNW69889,6319,6139.308,0.100646,4.283
PNW69949,5903,5723.308,2.420577,96.033
PNW69901,3613,3433.308,0.588251,14.000
PNW70734,5120,4940.308,27.936935,956.721
PNW70733,5260,5080.308,3.871380,136.335
PNW70877,2615,2435.308,12.262072,207.000
PNW70432,1873,1693.308,0.000000,0.000
PNW70322,1497,1317.308,0.000000,0.000
PNW71082,1382,1202.308,44.496956,370.850
PNW70456,4380,4200.308,7.315664,213.004
PNW71077,1566,1386.308,2.289340,22.000
PNW70032,2099,1919.308,1799.536974,23941.868
PNW70207,4455,4275.308,0.033743,1.000
PNW70065,3001,2821.308,0.205208,4.013
PNW70450,1202,1022.308,0.000000,0.000
PNW70209,1482,1302.308,0.110773,1.000
PNW70678,2301,2121.308,4.557532,67.017
PNW70585,2450,2270.308,3.685451,58.000
PNW70633,2438,2258.308,7.218429,113.000
PNW70087,4911,4731.308,3.018571,99.000
PNW70581,913,733.343,36.084198,183.433
PNW70255,5991,5811.308,3.751147,151.109
PNW70256,6211,6031.308,0.380390,15.904
PNW70337,2580,2400.308,0.060101,1.000
PNW70342,2953,2773.308,3.745259,72.000
PNW70393,3005,2825.308,0.000000,0.000
PNW70392,2865,2685.308,68.150996,1268.583
PNW70676,6581,6401.308,5.408664,240.000
PNW70959,4406,4226.308,2.321107,68.000
PNW71116,6465,6285.308,9.242040,402.668
PNW70223,1899,1719.308,9.473254,112.903
PNW70987,1106,926.308,0.000000,0.000
PNW70061,2640,2460.308,0.586351,10.000
PNW70376,2624,2444.308,1.298417,22.000
PNW70720,4584,4404.308,2.325563,71.000
PNW71105,1863,1683.308,28.945088,337.747
PNW70891,7898,7718.308,0.926100,49.549
PNW69875,5217,5037.308,8.506291,297.024
PNW70723,492,313.148,33.168799,72.000
PNW70454,6750,6570.308,6.697518,305.037
PNW69976,9474,9294.308,1.847357,119.020
PNW70984,7069,6889.308,0.314097,15.000
PNW70448,1479,1299.308,4.381900,39.466
PNW70447,750,570.511,0.640658,2.534
PNW70730,1499,1319.308,5.029896,46.000
PNW70287,920,740.337,0.000000,0.000
PNW70174,6188,6008.308,4.922449,205.015
PNW69874,6298,6118.308,58.823821,2494.808
PNW69873,5325,5145.308,6.395723,228.115
PNW70312,762,582.502,0.493457,1.993
PNW70146,1933,1753.308,15.396876,187.130
PNW70371,1806,1626.308,2.262770,25.509
PNW70023,1118,938.308,24.752997,161.000
PNW70284,1188,1008.308,0.143072,1.000
PNW70422,938,758.328,0.844894,4.441
PNW70355,4264,4084.308,0.211924,6.000
PNW70354,4264,4084.308,0.211924,6.000
PNW70637,21386,21206.308,0.797116,117.176
PNW70888,12382,12202.308,1.995793,168.815
PNW70889,12409,12229.308,0.000000,0.000
PNW70590,6056,5876.308,26.663893,1086.127
PNW71043,1251,1071.308,0.000000,0.000
PNW70851,11801,11621.308,0.000000,0.000
PNW70477,2281,2101.308,0.645099,9.397
PNW70476,228,72.084,18.373337,9.181
PNW70691,3200,3020.308,3.009101,63.000
PNW70247,2889,2709.308,4.206502,79.001
PNW70396,4579,4399.308,1.147707,35.000
PNW70397,4381,4201.308,0.000000,0.000
PNW70028,1606,1426.308,11.327973,112.000
PNW70753,2609,2429.308,0.000000,0.000
PNW70752,5390,5210.308,0.000000,0.000
PNW70751,930,750.330,0.000000,0.000
PNW70168,646,466.601,0.000000,0.000
PNW70328,1718,1538.308,1.969352,21.000
PNW70943,5493,5313.308,0.569754,20.985
PNW70348,2957,2777.308,1.829472,35.221
PNW69957,10374,10194.308,3.622708,256.002
PNW70308,4522,4342.308,0.092780,2.793
PNW71080,4291,4111.308,0.246689,7.030
PNW71079,4294,4114.308,0.000000,0.000
PNW70108,1100,920.308,0.000000,0.000
PNW70107,830,650.438,0.887159,4.000
PNW70352,2733,2553.308,1.073490,19.000
PNW70221,1611,1431.308,0.201579,2.000
PNW70340,2887,2707.308,14.400595,270.253
PNW70099,3600,3420.308,6.886389,163.271
PNW70301,4375,4195.308,18.560878,539.778
PNW70749,3668,3488.308,0.207153,5.009
PNW70652,4812,4632.308,2.397953,77.000
PNW70336,1414,1234.308,48.739345,417.019
PNW70317,4406,4226.308,21.880877,641.030
PNW70668,2589,2409.308,1.197526,20.000
PNW70167,12122,11942.308,1.485814,123.000
PNW70233,3494,3314.308,0.000000,0.000
PNW70747,3519,3339.308,0.777613,18.000
PNW70022,2357,2177.308,35.760617,539.731
PNW70449,1384,1204.308,4603.954678,38434.501
PNW70052,2658,2478.308,0.000000,0.000
PNW70210,456,277.528,0.000000,0.000
PNW70509,2178,1998.308,14.169850,196.282
PNW70276,1392,1212.308,0.356990,3.000
PNW70878,3833,3653.308,41.714263,1056.388
PNW70993,4575,4395.308,0.000000,0.000
PNW70992,4968,4788.308,41.526135,1378.339
PNW70629,7766,7586.308,0.171143,9.000
PNW70117,6235,6055.308,0.428829,18.000
PNW70314,1426,1246.308,16.358440,141.325
PNW69912,1939,1759.308,1.311975,16.000
PNW69911,993,813.311,0.000000,0.000
PNW70031,1857,1677.308,422.321877,4910.311
PNW70446,6023,5843.308,2.419439,98.000
PNW70642,13183,13003.308,2.229847,200.993
PNW71093,2920,2740.308,0.695024,13.202
PNW71094,1245,1065.308,0.000000,0.000
PNW70303,3354,3174.308,2.817670,62.000
PNW70576,1744,1564.308,15.685749,170.091
PNW70120,4061,3881.308,1.895569,51.000
PNW71131,4193,4013.308,13.849599,385.294
PNW71132,4103,3923.308,0.000000,0.000
PNW70263,2752,2572.308,0.234934,4.189
PNW70011,3299,3119.308,10.709521,231.569
PNW71009,3801,3621.308,5.896483,148.017
PNW71017,1222,1042.308,0.000000,0.000
PNW70510,1691,1511.308,17.849909,187.000
PNW70200,4300,4120.308,1.890652,54.000
PNW70710,2665,2485.308,8.068331,139.001
PNW70620,1614,1434.308,41.952936,417.117
PNW70098,9389,9209.308,0.000000,0.000
PNW70097,9374,9194.308,0.345184,22.000
PNW70739,5239,5059.308,0.256625,9.000
PNW70999,3343,3163.308,18.341445,402.187
PNW71060,2947,2767.308,7.298675,140.008
PNW69896,7401,7221.308,9.709872,486.051
PNW70474,4589,4409.308,33.495516,1023.787
PNW69934,3067,2887.308,4.596658,92.000
PNW70558,3498,3318.308,1.391172,32.000
PNW70608,1752,1572.308,11.378071,124.011
PNW69885,10113,9933.308,7.339338,505.363
PNW70341,1431,1251.308,8.877156,77.000
PNW70567,3144,2964.308,34.065684,699.992
PNW70092,1385,1205.308,108.963338,910.398
PNW70743,4016,3836.308,1.015308,27.000
PNW70057,6049,5869.308,47.467855,1931.252
PNW71059,6861,6681.308,8.702567,403.052
PNW70093,2490,2310.308,37.848142,606.132
PNW70202,1831,1651.308,64.627914,739.777
PNW70988,6995,6815.308,0.359846,17.000
PNW70890,1660,1480.308,0.000000,0.000
PNW70154,1051,871.308,0.496671,3.000
PNW71125,1142,962.308,11.997237,80.029
PNW70286,852,672.416,0.579994,2.703
PNW71134,2338,2158.308,0.000000,0.000
PNW70907,5212,5032.308,11.495414,401.000
PNW70514,11463,11283.308,1.610948,126.000
PNW71107,2815,2635.308,0.155621,2.843
PNW71106,2185,2005.308,15.195732,211.230
PNW70646,2675,2495.308,10.415635,180.162
PNW70704,1644,1464.308,11.625827,118.007
PNW70228,6886,6706.308,5.463841,254.000
PNW70289,4818,4638.308,0.000000,0.000
PNW70634,2134,1954.308,22.000544,298.043
PNW70380,3032,2852.308,3.236914,64.000
PNW69927,2392,2212.308,66.766213,1023.894
PNW70965,5285,5105.308,5.512330,195.079
PNW70049,1893,1713.308,3.620705,43.001
PNW70140,1092,912.308,0.000000,0.000
PNW70778,636,456.615,0.000000,0.000
PNW70383,736,556.521,1.462823,5.643
PNW69939,2004,1824.308,4.270149,54.000
PNW71130,1389,1209.308,0.119292,1.000
PNW70507,1907,1727.308,27.923516,334.343
PNW70372,5432,5252.308,0.796517,29.000
PNW70074,1995,1815.308,1.033095,13.000
PNW70479,2321,2141.308,13.743664,204.002
PNW70302,5658,5478.308,4.870539,184.959
PNW70718,1488,1308.308,0.000000,0.000
PNW70717,1545,1365.308,1.479261,14.000
PNW71069,2507,2327.308,9.423202,152.021
PNW70727,2473,2293.308,2.391603,38.019
PNW70726,1665,1485.308,0.580876,5.981
PNW70781,1212,1032.308,0.000000,0.000
PNW70780,1998,1818.308,0.000000,0.000
PNW70924,1773,1593.308,11.659178,128.772
PNW70067,9319,9139.308,14.494043,918.238
PNW70075,4077,3897.308,0.185077,5.000
PNW70615,3850,3670.308,3.458817,88.000
PNW70145,4239,4059.308,9.421345,265.105
PNW70048,1716,1536.308,3.886810,41.393
PNW70190,2992,2812.308,1.897957,37.000
PNW70979,1711,1531.308,4.025658,42.732
PNW71078,3883,3703.308,30.826435,791.345
PNW70858,9030,8850.308,0.146701,9.000
PNW69991,904,724.353,2861.268667,14366.853
PNW69990,1012,832.308,31.175756,179.868
PNW70101,2465,2285.308,0.000000,0.000
PNW70803,3803,3623.308,13.935105,350.000
PNW70437,1066,886.308,14.243398,87.509
PNW70741,10955,10775.308,0.428418,32.000
PNW70443,3054,2874.308,13.947445,277.895
PNW70265,2090,1910.308,0.000000,0.000
PNW70977,4456,4276.308,4.385925,130.012
PNW71068,2704,2524.308,8.829682,154.504
PNW70923,3182,3002.308,10.083874,209.863
PNW69987,3169,2989.308,1.544653,32.008
PNW71067,2281,2101.308,0.000000,0.000
PNW70152,7992,7812.308,67.218788,3640.178
PNW70564,5655,5475.308,12.216815,463.681
PNW70134,2809,2629.308,2.635185,48.029
PNW70940,3184,3004.308,27.851574,580.025
PNW70919,3345,3165.308,24.809542,544.361
PNW70920,3184,3004.308,78.171082,1627.958
PNW70415,3328,3148.308,5.794553,126.459
PNW69881,3345,3165.308,12.724145,279.188
PNW69977,2490,2310.308,15.382583,246.350
PNW70079,1228,1048.308,14.999782,109.000
PNW71099,2853,2673.308,23.859402,442.141
PNW71100,2910,2730.308,7.279802,137.779
PNW70574,3183,3003.308,10.774231,224.305
PNW69883,3086,2906.308,1.935844,39.000
PNW70927,2938,2758.308,6.276043,120.000
PNW70950,5298,5118.308,0.000000,0.000
PNW70839,3142,2962.308,4.041991,83.000
PNW70947,5173,4993.308,1.040068,36.000
PNW70661,4625,4445.308,5.258532,162.039
PNW70917,1742,1562.308,12.373300,134.000
PNW70095,3050,2870.308,8.695086,173.004
PNW70170,1136,956.308,0.000000,0.000
PNW70369,1767,1587.308,0.000000,0.000
PNW71024,5689,5509.308,1.397883,53.385
PNW71025,3074,2894.308,0.000000,0.000
PNW70077,1444,1264.308,0.875759,7.675
PNW70944,4749,4569.308,3.821167,121.032
PNW70494,1501,1321.308,25.010521,229.076
PNW71012,5349,5169.308,0.000000,0.000
PNW71011,6227,6047.308,3.792997,159.000
PNW70176,4696,4516.308,3.321972,104.000
PNW70316,3285,3105.308,8.031529,172.884
PNW69955,2010,1830.308,12.374402,157.000
PNW70038,1517,1337.308,0.084228,0.781
PNW69914,2741,2561.308,1189.778145,21124.205
PNW70318,1714,1534.308,25.387310,270.011
PNW70029,1593,1413.308,2.551823,25.000
PNW70138,1810,1630.308,159.584738,1803.490
PNW69960,1709,1529.308,2.737644,29.022
PNW70482,3307,3127.308,3.598002,77.998
PNW70141,4149,3969.308,6.069447,167.000
PNW70690,3521,3341.308,19.461690,450.764
PNW70177,14570,14390.308,1.473651,147.000
PNW70834,4664,4484.308,0.284126,8.832
PNW70587,1961,1781.308,22.701257,280.312
PNW70791,2097,1917.308,12.791221,170.003
PNW70025,7698,7518.308,0.633201,33.000
PNW70603,3268,3088.308,11.299387,241.896
PNW70604,3271,3091.308,9.501933,203.614
PNW70754,7501,7321.308,0.827576,42.000
PNW70790,1535,1355.308,0.000000,0.000
PNW70835,1546,1366.308,28.930060,274.000
PNW70334,4457,4277.308,16.796946,498.028
PNW71028,1093,913.308,0.858260,5.434
PNW71027,983,803.313,4.471890,24.902
PNW70740,4495,4315.308,0.468019,14.000
PNW70034,3149,2969.308,0.000000,0.000
PNW70831,1640,1460.308,0.000000,0.000
PNW70832,1484,1304.308,2.101458,19.000
PNW69943,3807,3627.308,0.000000,0.000
PNW69942,3795,3615.308,0.380134,9.527
PNW69944,5135,4955.308,4.293294,147.473
PNW70662,2306,2126.308,3.328226,49.056
PNW70056,3615,3435.308,70.594670,1681.087
PNW70538,872,692.386,0.208353,1.000
PNW70537,1227,1047.308,0.000000,0.000
PNW70536,1022,842.308,0.000000,0.000
PNW70541,2131,1951.308,59.913895,810.412
PNW70297,786,606.487,0.000000,0.000
PNW69956,2551,2371.308,0.912537,15.000
PNW70543,861,681.404,0.000000,0.000
PNW70434,2852,2672.308,10.904832,202.003
PNW69905,3035,2855.308,24.482521,484.576
PNW70243,1076,896.308,0.000000,0.000
PNW70000,3688,3508.308,0.000000,0.000
PNW70427,2255,2075.308,1.685495,24.247
PNW70127,1493,1313.308,13.620856,124.001
PNW70807,4950,4770.308,39.821908,1316.804
PNW70004,2537,2357.308,30.382908,496.476
PNW70003,2420,2240.308,118.071831,1833.608
PNW70106,1340,1160.308,44.262638,356.011
PNW70605,2635,2455.308,314.138949,5346.633
PNW70797,3618,3438.308,74.463474,1774.764
PNW70563,3168,2988.308,14.202954,294.209
PNW70702,1104,924.308,23.375950,149.775
PNW70535,2006,1826.308,0.394951,5.000
PNW70467,5113,4933.308,5.409797,185.000
PNW69979,2389,2209.308,132.769981,2033.334
PNW69981,2178,1998.308,1605.977411,22246.129
PNW70275,1738,1558.308,6.850595,74.000
PNW70824,1671,1491.308,7.642679,79.007
PNW70823,2729,2549.308,28.180483,497.993
PNW70452,5049,4869.308,5.569816,188.001
PNW71029,2460,2280.308,0.000000,0.000
PNW70382,1528,1348.308,25.474700,238.095
PNW71007,4657,4477.308,1.643239,51.000
PNW70047,262,98.192,0.000000,0.000
PNW70830,2225,2045.308,36.254357,514.010
PNW69951,2348,2168.308,3.659225,55.000
PNW71019,3092,2912.308,0.000000,0.000
PNW69924,1927,1747.308,41.777465,506.016
PNW69978,3793,3613.308,20.262890,507.527
PNW70506,2152,1972.308,0.000000,0.000
PNW70742,1212,1032.308,4.471858,32.000
PNW70949,1039,859.308,0.000000,0.000
PNW70408,3820,3640.308,92.061830,2323.113
PNW70105,2118,1938.308,11.962409,160.729
PNW70610,1395,1215.308,8.485683,71.487
PNW70611,1635,1455.308,2.429924,24.513
PNW70401,1150,970.308,6.839046,46.000
PNW70930,1583,1403.308,11.925235,116.004
PNW70886,6184,6004.308,2.259306,94.035
PNW70885,6589,6409.308,0.077647,3.450
PNW70198,2242,2062.308,54.118680,773.666
PNW70344,3957,3777.308,1.565845,41.000
PNW69931,2671,2491.308,0.579055,10.000
PNW70612,4228,4048.308,2.173721,61.000
PNW69974,3734,3554.308,333.671206,8221.032
PNW70844,3658,3478.308,8.716398,210.164
PNW69925,912,732.344,40.801681,207.131
PNW70670,2638,2458.308,6.865892,117.000
PNW69982,1277,1097.308,19.588675,149.000
PNW70104,2227,2047.308,0.281854,4.000
PNW70274,2937,2757.308,0.169015,3.230
PNW70273,3679,3499.308,1.928591,46.782
PNW70719,5898,5718.308,6.610854,262.046
PNW71010,2814,2634.308,9.035763,165.000
PNW71087,2735,2555.308,2.088413,36.992
PNW70806,1303,1123.308,13.070085,101.772
PNW71033,2673,2493.308,8.446500,145.984
PNW70178,1106,926.308,0.000000,0.000
PNW70385,675,495.574,17.756954,61.000
PNW70166,3477,3297.308,5.556376,127.000
PNW70364,3123,2943.308,37.428843,763.651
PNW70855,6052,5872.308,0.687855,28.000
PNW70899,1134,954.308,56.234353,372.000
PNW70981,6746,6566.308,6.124944,278.789
PNW70989,12428,12248.308,0.862024,73.189
PNW70946,5497,5317.308,2.306081,85.000
PNW70996,1221,1041.308,4.017656,29.000
PNW70550,2213,2033.308,2.823232,39.793
PNW70551,2372,2192.308,0.000000,0.000
PNW70489,833,653.436,64.010443,289.939
PNW70488,830,650.438,29.942246,135.003
PNW69983,1576,1396.308,2.066313,20.000
PNW70418,1811,1631.308,438.317135,4956.522
PNW70575,3898,3718.308,0.316465,8.157
PNW69940,3341,3161.308,29.935367,656.000
PNW69941,3311,3131.308,0.000000,0.000
PNW70199,8086,7906.308,1.386720,76.000
PNW70817,2241,2061.308,1.208234,17.264
PNW70818,2851,2671.308,2.834998,52.496
PNW70091,6315,6135.308,7.410560,315.166
PNW70607,3156,2976.308,82.793321,1708.149
PNW70111,14439,14259.308,0.000000,0.000
PNW70112,15734,15554.308,1.644566,177.319
PNW70110,14433,14253.308,0.765994,75.682
PNW70217,4210,4030.308,2.026419,56.614
PNW70216,3940,3760.308,3.966321,103.386
PNW70698,3186,3006.308,54.073433,1126.860
PNW70368,1680,1500.308,4.859191,50.536
PNW70847,2158,1978.308,2.916846,40.000
PNW70565,5240,5060.308,29.941737,1050.283
PNW70132,6039,5859.308,4.711250,191.353
PNW70455,4174,3994.308,5.608588,155.291
PNW70367,4678,4498.308,1.795917,56.000
PNW70359,4236,4056.308,0.000000,0.000
PNW70358,4376,4196.308,8.250718,240.000
PNW71066,2068,1888.308,5.963568,78.061
PNW70871,3959,3779.308,0.000000,0.000
PNW70870,3965,3785.308,3.239404,85.000
PNW71126,1939,1759.308,7.871849,96.000
PNW71051,5035,4855.308,7.873783,265.004
PNW70466,1799,1619.308,4.639397,52.077
PNW70735,7593,7413.308,1.089741,56.000
PNW71108,4498,4318.308,0.070012,2.096
PNW71035,3251,3071.308,0.049357,1.051
PNW71110,4232,4052.308,279.469697,7850.363
PNW70828,2800,2620.308,0.000000,0.000
PNW70827,7406,7226.308,1.537169,77.000
PNW70182,1504,1324.308,4.901973,45.000
PNW70453,1324,1144.308,17.397366,138.000
PNW70974,12326,12146.308,2.535994,213.523
PNW70975,12344,12164.308,1.665960,140.477
PNW70820,6304,6124.308,0.000000,0.000
PNW70821,4587,4407.308,0.000000,0.000
PNW70903,1119,939.308,2.150143,14.000
PNW70530,1541,1361.308,72.425563,683.441
PNW70914,1706,1526.308,14.804664,156.637
PNW70039,2896,2716.308,0.212436,4.000
PNW70560,3640,3460.308,28.627768,686.681
PNW70423,2807,2627.308,16.899446,307.777
PNW70294,1782,1602.308,2.430889,27.000
PNW70833,2210,2030.308,11.226626,158.002
PNW70361,2596,2416.308,0.000000,0.000
PNW70360,165,32.031,0.000000,0.000
PNW70305,2114,1934.308,0.074580,1.000
PNW70609,7245,7065.308,1.980560,97.000
PNW70911,2350,2170.308,4.276361,64.335
PNW70645,3533,3353.308,0.602285,14.000
PNW70941,4052,3872.308,0.037256,1.000
PNW69891,3992,3812.308,5.581291,147.494
PNW70985,4100,3920.308,2.833466,77.000
PNW70898,2820,2640.308,0.000000,0.000
PNW70895,552,372.829,19.549055,50.523
PNW70897,2820,2640.308,59.446332,1088.008
PNW70896,606,426.682,0.000000,0.000
PNW70078,1289,1109.308,87.016483,669.124
PNW70880,4388,4208.308,3.025677,88.264
PNW70315,1974,1794.308,9.253059,115.089
PNW70732,2899,2719.308,36.036971,679.296
PNW69871,907,727.350,0.216866,1.093
PNW70179,492,313.148,0.460678,1.000
PNW70292,427,249.046,0.000000,0.000
PNW70658,4713,4533.308,0.000000,0.000
PNW70728,1832,1652.308,38.094105,436.316
PNW70082,3944,3764.308,0.804788,21.000
PNW70805,303,132.740,0.902214,0.830
PNW70804,1317,1137.308,0.148393,1.170
PNW70257,4564,4384.308,13.110312,398.443
PNW70961,4678,4498.308,0.064140,2.000
PNW70962,4838,4658.308,0.000000,0.000
PNW69919,1134,954.308,8.465386,56.000
PNW69908,3132,2952.308,2.110929,43.200
PNW70027,2433,2253.308,6.146078,96.000
PNW70529,1289,1109.308,155.264601,1193.926
PNW69958,4643,4463.308,12.573037,389.000
PNW69913,4491,4311.308,9.585760,286.476
PNW70499,2255,2075.308,1.946388,28.000
PNW70816,2763,2583.308,302.586925,5418.498
PNW70280,1313,1133.308,5.857456,46.016
PNW70394,3757,3577.308,3.412833,84.630
PNW70086,6751,6571.308,15.281361,696.092
PNW70465,4017,3837.308,0.000000,0.000
PNW70983,2797,2617.308,120.155590,2179.974
PNW70347,4099,3919.308,3.964893,107.719
PNW70544,967,787.315,3363.069440,18354.264
PNW69954,11484,11304.308,0.791216,62.000
PNW69932,5970,5790.308,1.844499,74.034
PNW69933,6340,6160.308,0.000000,0.000
PNW70260,2828,2648.308,68.164945,1251.360
PNW70599,4488,4308.308,0.223278,6.668
PNW70601,1159,979.308,0.000000,0.000
PNW70600,6954,6774.308,0.000000,0.000
PNW70738,5429,5249.308,0.000000,0.000
PNW70259,3112,2932.308,3.345390,68.000
PNW70748,1275,1095.308,0.131726,1.000
PNW70864,3424,3244.308,12.405937,279.000
PNW70148,3883,3703.308,12.371310,317.584
PNW71047,5613,5433.308,0.531023,20.000
PNW70666,4235,4055.308,13.838583,389.016
PNW71001,1963,1783.308,107.179322,1324.921
PNW69872,2855,2675.308,4.870590,90.325
PNW70169,1312,1132.308,0.127404,1.000
PNW70100,2655,2475.308,0.000000,0.000
PNW70694,1662,1482.308,8.758938,90.000
PNW70204,2137,1957.308,1.433895,19.455
PNW70203,2087,1907.308,2.764113,36.545
PNW70857,7042,6862.308,0.336354,16.000
PNW70813,10047,9867.308,7.329483,501.331
PNW70253,522,342.961,0.000000,0.000
PNW70378,1608,1428.308,3.131030,31.000
PNW70377,1096,916.308,0.000000,0.000
PNW71117,1796,1616.308,18.935559,212.156
PNW69936,4237,4057.308,4.693378,132.001
PNW70958,988,808.313,3.034010,17.000
PNW70968,2288,2108.308,8.074645,118.008
PNW70402,2034,1854.308,20.840624,267.883
PNW70403,999,819.308,7.239329,41.115
PNW70495,3025,2845.308,8.264294,163.000
PNW70916,5316,5136.308,1.039198,37.000
PNW70901,6843,6663.308,8.923560,412.174
PNW70014,1329,1149.308,2.735465,21.793
PNW70750,1553,1373.308,0.000000,0.000
PNW70624,23784,23604.308,1.020662,167.004
PNW70630,8155,7975.308,4.015623,222.000
PNW70995,4136,3956.308,8.862240,243.045
PNW70933,2670,2490.308,6.782376,117.081
PNW70770,1350,1170.308,2.588609,21.000
PNW70978,976,796.314,10.569641,58.344
PNW70598,3688,3508.308,0.000000,0.000
PNW69902,2635,2455.308,2.198176,37.413
PNW70313,5392,5212.308,1.943619,70.225
PNW70561,222,67.761,0.000000,0.000
PNW70562,1475,1295.308,25.953657,233.037
PNW70672,1700,1520.308,8.729787,92.000
PNW70080,9280,9100.308,0.396307,25.000
PNW70809,2945,2765.308,25.724965,493.118
PNW70685,915,735.340,92.990590,474.002
PNW70540,3699,3519.308,13.568537,331.011
PNW70241,2220,2040.308,1.272695,18.000
PNW70463,3735,3555.308,2.069381,51.000
PNW70516,2165,1985.308,12.789592,176.010
PNW70343,1883,1703.308,0.084694,1.000
PNW70876,3446,3266.308,2.738306,62.000
PNW69922,2241,2061.308,30.808067,440.210
PNW70081,2692,2512.308,190.824121,3323.217
PNW70064,2177,1997.308,7.768636,107.558
PNW70059,3218,3038.308,0.000000,0.000
PNW70416,4288,4108.308,15.870725,451.973
PNW70451,5284,5104.308,6.698213,237.000
PNW70124,13362,13182.308,4.850314,443.214
PNW70125,13347,13167.308,0.000000,0.000
PNW70036,2552,2372.308,0.000000,0.000
PNW70310,1412,1232.308,0.000000,0.000
PNW69890,6783,6603.308,2.047419,93.718
PNW70724,2121,1941.308,444.147753,5976.880
PNW70404,1179,999.308,24.541262,170.000
PNW70762,1353,1173.308,22.377250,182.000
PNW71044,2800,2620.308,0.330329,6.000
PNW70164,1453,1273.308,89.567666,790.565
PNW71045,7277,7097.308,25.734609,1266.088
PNW70188,5537,5357.308,8.095169,300.625
PNW70814,3302,3122.308,0.323422,7.000
PNW70648,5714,5534.308,5.578249,214.000
PNW70149,1172,992.308,0.000000,0.000
PNW70002,1261,1081.308,2254.362962,16897.634
PNW70693,6329,6149.308,7.180125,306.063
PNW69966,1879,1699.308,1.867661,22.000
PNW69969,3652,3472.308,59.208453,1425.130
PNW70522,6522,6342.308,5.295877,232.829
PNW70918,2715,2535.308,16.444946,289.012
PNW70586,1434,1254.308,9.354962,81.339
PNW70262,3277,3097.308,0.046576,1.000
PNW70066,2296,2116.308,2.181316,32.000
PNW69953,2025,1845.308,18.764351,240.024
PNW70935,1690,1510.308,21.411654,224.165
PNW70212,7535,7355.308,0.666846,34.000
PNW70796,5836,5656.308,2.167922,85.002
PNW70711,1032,852.308,0.169259,1.000
PNW70459,7618,7438.308,3.380169,174.287
PNW70484,4261,4081.308,24.251768,686.112
PNW70682,1613,1433.308,24.515611,243.576
PNW70582,1905,1725.308,0.000000,0.000
PNW70794,4461,4281.308,0.000000,0.000
PNW70795,4411,4231.308,67.717959,1986.237
PNW70084,1279,1099.308,17.001275,129.555
PNW70083,1174,994.308,46.347121,319.445
PNW70346,3105,2925.308,0.898852,18.227
PNW70873,2368,2188.308,25.175578,381.892
PNW70053,1869,1689.308,118.709342,1390.101
PNW70960,2078,1898.308,5.547580,73.000
PNW70142,12817,12637.308,0.000000,0.000
PNW70663,7809,7629.308,5.521448,292.005
PNW69975,1704,1524.308,401.416801,4241.514
PNW70822,797,617.478,0.000000,0.000
PNW70945,9379,9199.308,1.944527,124.000
PNW70500,1288,1108.308,13.276606,102.000
PNW70774,1602,1422.308,12.308929,121.357
PNW69918,4980,4800.308,3.756618,125.002
PNW70589,2964,2784.308,2.331539,45.000
PNW70701,2186,2006.308,62.963374,875.665
PNW70842,3402,3222.308,3.626314,81.000
PNW70442,3893,3713.308,0.427350,11.000
PNW70532,2233,2053.308,34.971618,497.763
PNW70677,1339,1159.308,29.618658,238.022
PNW70970,1596,1416.308,3.259415,32.000
PNW70546,1555,1375.308,41.039514,391.250
PNW70517,2021,1841.308,12.779162,163.110
PNW70156,7564,7384.308,7.345570,376.000
PNW70758,3119,2939.308,0.659667,13.441
PNW70757,2304,2124.308,0.000000,0.000
PNW70696,3586,3406.308,0.000000,0.000
PNW70697,3733,3553.308,0.000000,0.000
PNW71120,1429,1249.308,3.464169,30.000
PNW70258,3738,3558.308,23.406761,577.348
PNW70485,2999,2819.308,11.615309,227.000
PNW70622,1518,1338.308,0.646759,6.000
PNW70865,1623,1443.308,0.000000,0.000
PNW70010,4647,4467.308,7.436344,230.281
PNW70469,2955,2775.308,2.287120,44.000
PNW70131,2383,2203.308,6.220078,95.000
PNW70621,2482,2302.308,3.383590,54.000
PNW70246,682,502.568,0.000000,0.000
PNW70554,1743,1563.308,19.655839,213.004
PNW70731,1092,912.308,63.282793,400.203
PNW70205,2321,2141.308,40.360672,599.087
PNW70840,11397,11217.308,0.462979,36.000
PNW69888,1464,1284.308,44.010646,391.814
PNW70240,4720,4540.308,6.231416,196.121
PNW70559,5366,5186.308,2.677747,96.268
PNW69972,3462,3282.308,2.153596,49.000
PNW71104,868,688.391,0.226169,1.079
PNW70887,7491,7311.308,0.000000,0.000
PNW70998,638,458.611,0.000000,0.000
PNW71022,1944,1764.308,0.000000,0.000
PNW70037,2462,2282.308,0.189626,3.000
PNW70135,3747,3567.308,8.151909,201.582
PNW70012,2186,2006.308,0.000000,0.000
PNW71013,1111,931.308,0.000000,0.000
PNW70040,1678,1498.308,0.000000,0.000
PNW70218,1455,1275.308,25.281758,223.499
PNW70219,2632,2452.308,50.479658,858.112
PNW70572,8758,8578.308,1.210817,72.000
PNW70058,1045,865.308,0.166716,1.000
PNW71023,6739,6559.308,0.300443,13.661
PNW70973,1770,1590.308,10.885475,120.000
PNW70705,2287,2107.308,30.192817,441.046
PNW70440,5932,5752.308,2.875193,114.647
PNW71098,3065,2885.308,84.379236,1687.642
PNW70225,1294,1114.308,3.896561,30.098
PNW70518,5363,5183.308,25.250333,907.249
PNW70013,930,750.330,0.000000,0.000
PNW70982,9022,8842.308,0.309981,19.000
PNW70365,4047,3867.308,0.373026,10.000
PNW69900,2162,1982.308,120.719389,1658.826
PNW70952,3382,3202.308,5.045479,112.000
PNW70912,2434,2254.308,3.482852,54.425
PNW70236,4168,3988.308,3.186583,88.098
PNW70849,6266,6086.308,1.456628,61.455
PNW70848,3684,3504.308,0.146297,3.554
PNW70184,1703,1523.308,19.792741,209.000
PNW71014,3158,2978.308,0.000000,0.000
PNW70765,5525,5345.308,2.080752,77.098
PNW70515,2287,2107.308,0.000000,0.000
PNW70811,4018,3838.308,20.284566,539.707
PNW70137,1843,1663.308,10.754657,124.000
PNW70245,426,248.065,0.000000,0.000
PNW70007,2618,2438.308,5.916434,100.000
PNW70332,1861,1681.308,2.488274,29.000
PNW69984,4515,4335.308,4.359120,131.000
PNW71128,2366,2186.308,2.750881,41.690
PNW71127,2285,2105.308,3.516787,51.323
PNW70744,1713,1533.308,2.069859,22.000
PNW70329,3018,2838.308,1.372308,27.000
PNW71114,2244,2064.308,1.537431,22.000
PNW71115,2247,2067.308,0.000000,0.000
PNW70628,7100,6920.308,6.391622,306.612
PNW70680,3604,3424.308,35.374767,839.690
PNW70229,1919,1739.308,19.078703,230.027
PNW70472,1763,1583.308,1.366700,15.000
PNW70524,5585,5405.308,6.778689,253.991
PNW70722,1561,1381.308,52.114358,499.000
PNW69937,2806,2626.308,0.000000,0.000
PNW70635,1723,1543.308,20.116015,215.202
PNW70239,1523,1343.308,2.891963,26.929
PNW71064,569,389.770,0.000000,0.000
PNW70458,1774,1594.308,1.990663,22.000
PNW70980,4748,4568.308,1.927058,61.024
PNW70230,1798,1618.308,2.495998,28.000
PNW70129,1941,1761.308,21.375165,260.974
PNW70904,776,596.492,4237.323031,17520.588
PNW69970,6107,5927.308,8.834046,362.969
PNW69965,2047,1867.308,0.000000,0.000
PNW70187,5742,5562.308,1.268591,48.914
PNW70151,3126,2946.308,8.862329,181.000
PNW71015,2484,2304.308,0.451744,7.216
PNW69917,1793,1613.308,2.503734,28.000
PNW69998,2842,2662.308,1.300470,24.000
PNW70553,2251,2071.308,6.631803,95.220
PNW71133,10102,9922.308,0.000000,0.000
PNW70208,436,257.860,0.559452,1.000
PNW70602,1829,1649.308,19.775529,226.091
PNW70128,3376,3196.308,18.046762,399.853
PNW70606,2267,2087.308,12.862703,186.111
PNW70619,1113,933.308,10.201553,66.000
PNW70716,1095,915.308,45.531432,288.889
PNW70772,3859,3679.308,0.000000,0.000
PNW70547,2227,2047.308,0.704635,10.000
PNW70157,2170,1990.308,0.712268,9.827
PNW70932,3391,3211.308,3.235185,72.017
PNW70271,8348,8168.308,4.397753,249.009
PNW69929,2483,2303.308,30.953994,494.221
PNW70860,6315,6135.308,0.000000,0.000
PNW70330,3401,3221.308,0.044783,1.000
PNW70088,1831,1651.308,10.619769,121.561
PNW70089,1970,1790.308,23.081725,286.450
PNW71054,836,656.432,7.700399,35.039
PNW70227,2051,1871.308,1.387633,18.000
PNW70324,1690,1510.308,316.507539,3313.616
PNW70331,1229,1049.308,89.744486,652.775
PNW70386,1506,1326.308,16.967880,156.000
PNW70573,1829,1649.308,150.210470,1717.333
PNW70254,1894,1714.308,0.000000,0.000
PNW70812,1552,1372.308,7.594337,72.243
PNW70470,2640,2460.308,61.798149,1053.944
PNW70126,1072,892.308,70.361041,435.211
PNW70902,2678,2498.308,7.346230,127.222
PNW70123,1896,1716.308,8.825544,105.000
PNW70838,4698,4518.308,1.532544,48.000
PNW70139,5850,5670.308,9.729974,382.447
PNW70008,3986,3806.308,11.877391,313.385
PNW70046,6087,5907.308,0.854724,35.000
PNW70153,1672,1492.308,7.056865,73.000
PNW71081,10403,10223.308,1.303363,92.365
PNW70035,3767,3587.308,1.809636,45.000
PNW70189,3881,3701.308,0.935433,24.001
PNW70395,2527,2347.308,6.944737,113.000
PNW70799,1182,1002.308,338.355023,2350.858
PNW70686,5883,5703.308,1.138258,45.001
PNW70155,2959,2779.308,3.262664,62.858
PNW70763,4138,3958.308,4.336954,119.000
PNW70481,1470,1290.308,132.795755,1187.764
PNW70725,1101,921.308,2459.865423,15709.735
PNW70829,2382,2202.308,0.327521,5.000
PNW70931,1787,1607.308,6.828432,76.080
PNW70879,2293,2113.308,15.973514,234.000
PNW70798,715,535.539,1120.270709,4158.786
PNW70684,2554,2374.308,9.097549,149.732
PNW70411,2392,2212.308,3.456076,53.001
PNW70353,1371,1191.308,0.157382,1.300
PNW69894,2002,1822.308,1.029127,13.000
PNW71037,10090,9910.308,3.770163,259.000
PNW69938,12527,12347.308,1.635698,140.000
PNW70631,4015,3835.308,26.579304,706.637
PNW70102,1688,1508.308,0.095644,1.000
PNW70866,11468,11288.308,2.811521,220.000
PNW71003,1092,912.308,141.514762,894.944
PNW70768,1232,1052.308,8.362465,61.000
PNW70921,10410,10230.308,4.145778,294.000
PNW70186,1379,1199.308,5.309275,44.139
PNW70407,2883,2703.308,10.565163,197.981
PNW70487,2138,1958.308,3.388631,46.000
PNW70526,3448,3268.308,53.467454,1211.337
PNW70020,2806,2626.308,1.812657,33.000
PNW70069,4138,3958.308,0.656010,18.000
PNW70568,2162,1982.308,19.913892,273.640
PNW70569,1841,1661.308,66.343665,764.016
PNW70654,4175,3995.308,3.863500,107.000
PNW69999,2399,2219.308,55.343684,851.409
PNW70926,1251,1071.308,16.293649,121.000
PNW70503,1682,1502.308,0.672181,7.000
PNW70528,3537,3357.308,6.898260,160.540
PNW70703,3018,2838.308,26.171277,514.917
PNW70976,1434,1254.308,50.134225,435.904
PNW70721,3256,3076.308,18.992085,405.000
PNW69923,1839,1659.308,6.708408,77.161
PNW71055,5324,5144.308,1.941476,69.233
PNW70892,836,656.432,0.439529,2.000
PNW70882,1024,844.308,0.000000,0.000
PNW70881,941,761.327,3.647858,19.251
PNW70387,3443,3263.308,7.868816,178.000
PNW70370,2415,2235.308,0.000000,0.000
PNW70281,1492,1312.308,0.219858,2.000
PNW70363,2637,2457.308,8.923422,152.000
PNW71091,3065,2885.308,2.049931,41.000
PNW70350,2128,1948.308,1.406836,19.000
PNW70374,4736,4556.308,16.058723,507.197
PNW70373,2067,1887.308,0.000000,0.000
PNW71026,920,740.337,2.190527,11.242
PNW71088,6918,6738.308,1.477222,69.000
PNW71089,5937,5757.308,0.000000,0.000
PNW69921,2111,1931.308,0.000000,0.000
PNW70925,3755,3575.308,25.869929,641.152
PNW70293,3298,3118.308,1.128140,24.386
PNW70290,6350,6170.308,1.543066,66.000
PNW71039,1817,1637.308,63.648767,722.392
PNW70471,883,703.368,756.953746,3690.663
PNW70825,4421,4241.308,2.040793,60.000
PNW70808,1594,1414.308,35.703058,350.027
PNW71008,1618,1438.308,43.489084,433.596
PNW69985,1244,1064.308,18.163533,134.005
PNW70439,2946,2766.308,0.379132,7.270
PNW70692,3148,2968.308,5.729168,117.884
PNW71070,4804,4624.308,5.415645,173.600
PNW71071,4822,4642.308,0.000000,0.000
PNW70071,1781,1601.308,3.693655,41.000
PNW70237,1696,1516.308,0.000000,0.000
PNW70335,3362,3182.308,0.725313,16.000
PNW70441,4417,4237.308,28.432839,835.147
PNW71021,1965,1785.308,3.906060,48.340
PNW70706,1734,1554.308,14.014812,151.000
PNW70238,2728,2548.308,0.000000,0.000
PNW70444,2973,2793.308,259.078869,5016.530
PNW70483,1437,1257.308,18.472750,161.000
PNW70234,3586,3406.308,0.000000,0.000
PNW70681,4376,4196.308,1.650180,48.001
PNW69964,4911,4731.308,0.159213,5.222
PNW70942,2295,2115.308,4.910280,72.000
PNW69971,2470,2290.308,13.678136,217.157
PNW70994,2508,2328.308,17.918418,289.196
PNW70929,6772,6592.308,1.597470,73.000
PNW70957,3342,3162.308,3.786355,83.000
PNW70062,3721,3541.308,4.019291,98.666
PNW70784,1192,1012.308,0.427519,3.000
PNW69880,3079,2899.308,8.878299,178.434
PNW70327,1332,1152.308,0.768506,6.139
PNW70326,2094,1914.308,61.987196,822.558
PNW70593,3545,3365.308,4.373491,102.025
PNW70786,6396,6216.308,3.110993,134.055
PNW69906,522,342.961,0.000000,0.000
PNW70613,1989,1809.308,105.365908,1321.494
PNW69992,3492,3312.308,24.273917,557.344
PNW70085,3939,3759.308,0.538760,14.040
PNW70548,6885,6705.308,5.546958,257.826
PNW70566,2582,2402.308,3.422895,57.000
PNW70041,2274,2094.308,9.367976,136.000
PNW70700,2869,2689.308,2.101649,39.179
PNW70874,2056,1876.308,0.076885,1.000
PNW70019,10149,9969.308,0.636700,44.000
PNW69909,2785,2605.308,0.000000,0.000
PNW70673,1973,1793.308,152.555729,1896.426
PNW70130,7349,7169.308,1.307928,65.000
PNW70850,5837,5657.308,0.101999,4.000
PNW70231,1655,1475.308,0.000000,0.000
PNW70861,2269,2089.308,1.457787,21.113
PNW70843,5540,5360.308,5.815648,216.093
PNW70991,1897,1717.308,162.325409,1932.357
PNW70283,811,631.465,0.000000,0.000
PNW70015,2340,2160.308,21.004115,314.538
PNW70502,1822,1642.308,1.054081,12.000
PNW70251,1750,1570.308,7.900927,86.003
PNW71056,4224,4044.308,3.103514,87.006
PNW70345,5950,5770.308,0.375007,15.000
PNW70997,2485,2305.308,105.352869,1683.557
PNW71063,3280,3100.308,7.445031,160.001
PNW71097,1798,1618.308,0.624000,7.000
PNW70042,1844,1664.308,6.674280,77.000
PNW70837,5937,5757.308,13.605918,543.000
PNW70745,1767,1587.308,10.727635,118.037
PNW70261,4774,4594.308,0.439598,14.000
PNW70211,839,659.428,0.000000,0.000
PNW70951,3503,3323.308,16.668613,383.992
PNW71030,1812,1632.308,0.000000,0.000
PNW71031,2800,2620.308,0.000000,0.000
PNW69967,4924,4744.308,0.638548,21.000
PNW70232,2672,2492.308,5.325173,92.000
PNW70542,1321,1141.308,16.684701,132.000
PNW70539,600,420.695,0.000000,0.000
PNW70905,1953,1773.308,17.411660,214.031
PNW70591,1608,1428.308,6.969069,69.000
PNW69950,1670,1490.308,8.905518,92.000
PNW70512,2004,1824.308,2.688701,34.001
PNW69903,3187,3007.308,2.830229,59.000
PNW70300,482,303.241,0.475729,1.000
PNW70109,3604,3424.308,0.968952,23.000
PNW70295,2548,2368.308,15.410962,253.000
PNW70513,6813,6633.308,5.197748,239.000
PNW70802,4269,4089.308,36.295758,1028.865
PNW69884,1752,1572.308,64.306119,700.878
PNW70288,6921,6741.308,1.433079,66.968
PNW71086,13386,13206.308,1.660636,152.023
PNW70405,2833,2653.308,0.163110,3.000
PNW70675,1666,1486.308,7.667710,79.000
PNW70775,1689,1509.308,0.382322,4.000
PNW70556,2284,2104.308,50.978342,743.614
PNW70649,3696,3516.308,6.318024,154.000
PNW70351,2024,1844.308,11.626419,148.639
PNW71020,4621,4441.308,3.425232,105.452
PNW70616,3894,3714.308,2.525636,65.028
PNW70939,5704,5524.308,3.839076,147.013
PNW70570,912,732.344,0.000000,0.000
PNW70296,1728,1548.308,31.948441,342.894
PNW70379,3731,3551.308,14.055141,346.000
PNW71038,2972,2792.308,19.273437,373.057
PNW70391,1552,1372.308,0.000000,0.000
PNW70390,1142,962.308,0.000000,0.000
PNW70163,1314,1134.308,61.226054,481.415
PNW70362,1430,1250.308,0.115380,1.000
PNW71053,1835,1655.308,10.371746,119.010
PNW70990,7986,7806.308,3.936238,213.000
PNW70915,2695,2515.308,1.261792,22.000
PNW69907,1576,1396.308,0.000000,0.000
PNW71052,1941,1761.308,3.358118,41.000
PNW71090,3561,3381.308,0.639962,15.000
PNW70180,840,660.427,0.000000,0.000
PNW70638,3524,3344.308,4.399885,102.000
PNW70819,5398,5218.308,0.187799,6.793
PNW70953,3292,3112.308,20.070301,433.001
PNW70618,1715,1535.308,24.999081,266.055
PNW70242,2094,1914.308,20.157585,267.487
PNW70147,2225,2045.308,3.738218,53.000
PNW70412,1796,1616.308,0.538463,6.033
PNW70764,4766,4586.308,2.885893,91.748
PNW70841,1389,1209.308,3.459461,29.000
PNW70195,720,540.534,23.486847,88.004
PNW70627,4655,4475.308,2.417607,75.000
PNW70162,1117,937.308,44.822736,291.228
PNW70161,1103,923.308,0.000000,0.000
PNW70789,3065,2885.308,0.102355,2.047
PNW70596,2582,2402.308,1.321117,22.000
PNW71048,2377,2197.308,4.661383,71.000
PNW70792,1781,1601.308,315.042584,3497.009
PNW70934,4074,3894.308,3.074883,83.006
PNW70938,4681,4501.308,0.192291,6.000
PNW70248,864,684.396,0.000000,0.000
PNW70249,678,498.572,13.888676,48.000
PNW70381,3157,2977.308,0.000000,0.000
PNW70122,1789,1609.308,1036.690264,11564.871
PNW70222,1024,844.308,0.000000,0.000
PNW70836,6411,6231.308,0.416717,18.000
PNW71119,3941,3761.308,5.830200,152.011
PNW70044,1608,1428.308,0.000000,0.000
PNW70026,1941,1761.308,16.708685,204.000
PNW70333,5476,5296.308,0.163469,6.002
PNW70197,8650,8470.308,0.000000,0.000
PNW70196,8653,8473.308,3.215770,188.882
PNW70527,2111,1931.308,292.621755,3917.516
PNW70667,1378,1198.308,0.000000,0.000
PNW70016,1602,1422.308,46.151836,455.025
PNW70309,486,307.202,0.000000,0.000
PNW70119,4345,4165.308,0.662821,19.138
PNW70908,4027,3847.308,0.449958,12.000
PNW70063,2422,2242.308,1.029371,16.000
PNW70325,5871,5691.308,53.712401,2119.040
PNW70224,2088,1908.308,6.752292,89.321
PNW70651,1741,1561.308,1.108766,12.000
PNW70883,852,672.416,0.000000,0.000
PNW70660,1838,1658.308,34.971042,402.000
PNW70714,1119,939.308,7.122161,46.374
PNW70846,6252,6072.308,0.308843,13.000
PNW70640,7075,6895.308,0.000000,0.000
PNW70641,6720,6540.308,0.088229,4.000
PNW69887,2579,2399.308,1.234679,20.535
PNW69886,2559,2379.308,0.000000,0.000
PNW70787,2138,1958.308,283.026138,3842.025
PNW70006,1608,1428.308,3.636008,36.000
PNW70279,3486,3306.308,98.744592,2263.128
PNW71042,501,322.082,1.400817,3.128
PNW71041,1657,1477.308,0.378151,3.872
PNW70937,1888,1708.308,0.000000,0.000
PNW71006,1234,1054.308,105.445866,770.637
PNW69898,1479,1299.308,14.103666,127.027
PNW70623,6821,6641.308,6.058891,278.933
PNW70320,1069,889.308,49.317511,304.023
PNW69993,3822,3642.308,25.161199,635.273
PNW70614,3279,3099.308,13.504407,290.130
PNW70783,2427,2247.308,17.534407,273.153
PNW70954,922,742.336,0.000000,0.000
PNW70519,3424,3244.308,0.489123,11.000
PNW70709,2622,2442.308,4.606273,77.984
PNW70967,6309,6129.308,6.094021,258.921
PNW69963,3066,2886.308,0.454258,9.089
PNW70464,1924,1744.308,2.232996,27.000
PNW70655,3534,3354.308,0.000000,0.000
PNW70055,3037,2857.308,0.000000,0.000
PNW70430,1806,1626.308,21.961054,247.576
PNW70508,2124,1944.308,100.318017,1352.062
PNW69948,8499,8319.308,1.682023,97.000
PNW70420,2651,2471.308,0.924069,15.830
PNW70060,2104,1924.308,0.000000,0.000
PNW69892,1558,1378.308,10.152496,97.000
PNW71058,1835,1655.308,0.000000,0.000
PNW71057,1608,1428.308,0.202002,2.000
PNW71096,1569,1389.308,0.207672,2.000
PNW69930,3632,3452.308,4.721892,113.000
PNW70632,883,703.368,11.075382,54.000
PNW70801,1485,1305.308,0.442326,4.002
PNW70782,1846,1666.308,2.856973,33.000
PNW69961,1868,1688.308,0.000000,0.000
PNW70853,5377,5197.308,0.000000,0.000
PNW70268,1651,1471.308,0.490246,5.000
PNW70557,2359,2179.308,0.397173,6.000
PNW71124,1702,1522.308,6.064917,64.000
PNW70009,3236,3056.308,0.000000,0.000
PNW70269,1469,1289.308,5.934753,53.041
PNW71074,4445,4265.308,0.541149,16.000
PNW70307,3269,3089.308,8.674454,185.762
PNW70054,9429,9249.308,5.818435,373.051
PNW70175,2874,2694.308,0.428358,8.000
PNW70525,1417,1237.308,51.067105,437.998
PNW70647,2573,2393.308,13.622551,226.001
PNW70913,5286,5106.308,1.271397,45.003
PNW71049,1217,1037.308,0.000000,0.000
PNW71000,2427,2247.308,7.641913,119.047
PNW69920,3761,3581.308,3.251344,80.716
PNW70356,1609,1429.308,0.000000,0.000
PNW70357,1209,1029.308,0.140153,1.000
PNW70413,2833,2653.308,19.246962,353.999
PNW70473,5183,5003.308,14.934217,517.955
PNW70963,3889,3709.308,2.761296,71.000
PNW70165,6671,6491.308,8.454291,380.419
PNW70868,788,608.486,0.000000,0.000
PNW70928,5187,5007.308,0.201670,7.000
PNW71062,1922,1742.308,2.815149,34.000
PNW69946,3741,3561.308,8.547255,211.003
PNW70475,3203,3023.308,99.911690,2093.877
PNW70073,1043,863.308,55.488151,332.062
PNW70674,1050,870.308,32.322798,195.000
PNW70389,2371,2191.308,94.889842,1441.371
PNW70533,2445,2265.308,19.678455,309.009
PNW70767,15543,15363.308,0.199285,21.223
PNW70384,3261,3081.308,0.000000,0.000
PNW70462,3754,3574.308,3.067390,76.000
PNW70018,1033,853.308,1.183422,7.000
PNW70121,3578,3398.308,1.485774,35.000
PNW70893,2304,2124.308,3.068132,45.180
PNW70894,3278,3098.308,0.046561,1.000
PNW70173,2921,2741.308,24.031898,456.666
PNW70468,2031,1851.308,2.695356,34.590
PNW71016,767,587.499,0.000000,0.000
PNW70349,2217,2037.308,1.454676,20.544
PNW69935,2547,2367.308,7.860855,128.996
PNW69968,1009,829.308,48.373349,278.083
PNW70030,16068,15888.308,0.826260,91.001
PNW70595,1113,933.308,26.586305,172.003
PNW70746,3115,2935.308,0.688079,14.001
PNW70021,1991,1811.308,0.079644,1.000
PNW71002,3200,3020.308,0.000000,0.000
PNW71046,4108,3928.308,0.000000,0.000
PNW70872,1294,1114.308,28.461511,219.845
PNW70969,1045,865.308,0.000000,0.000
PNW69878,5066,4886.308,6.879215,233.009
PNW70285,806,626.471,0.230275,1.000
PNW70625,3059,2879.308,3.156457,63.000
PNW70319,2390,2210.308,5.351906,82.000
PNW70779,10116,9936.308,0.609778,42.000
PNW70671,5540,5360.308,1.668589,62.000
PNW70972,1549,1369.308,23.690191,224.865
PNW70252,1872,1692.308,36.881762,432.657
PNW71121,12284,12104.308,0.286035,24.000
PNW70626,3806,3626.308,15.697068,394.581
PNW71084,11350,11170.308,1.131769,87.635
PNW70158,2685,2505.308,35.993207,625.078
PNW69945,5068,4888.308,84.127190,2850.674
PNW70235,1606,1426.308,6.380278,63.082
PNW71085,1798,1618.308,0.089143,1.000
PNW70617,2069,1889.308,120.353745,1576.213
PNW70737,9728,9548.308,1.420215,94.001
PNW70486,3021,2841.308,23.903889,470.803
PNW70736,7052,6872.308,0.000000,0.000
PNW70172,2769,2589.308,79.292900,1423.215
PNW70425,1720,1540.308,18.077234,193.015
PNW70068,1781,1601.308,9.459361,105.000
PNW70713,1340,1160.308,0.497250,3.999
PNW71113,2065,1885.308,2.601621,34.000
PNW70875,2086,1906.308,69.262443,915.258
PNW71118,2693,2513.308,1.779358,31.000
PNW69870,6669,6489.308,0.000000,0.000
PNW70478,1361,1181.308,26.650418,218.233
PNW70480,3399,3219.308,2.957528,66.000
PNW70761,2985,2805.308,16.712862,325.000
PNW70414,1880,1700.308,11.032201,130.030
PNW70264,3741,3561.308,17.129667,422.874
PNW70206,3313,3133.308,77.222771,1677.262
PNW70760,1504,1324.308,0.000000,0.000
PNW71073,5201,5021.308,6.694474,233.016
PNW70033,4696,4516.308,0.000000,0.000
PNW70656,11878,11698.308,0.209640,17.000
PNW71101,6056,5876.308,4.049501,164.952
PNW71102,6041,5861.308,2.952275,119.951
PNW69916,5346,5166.308,2.625405,94.022
PNW70339,4187,4007.308,1.440207,40.006
PNW70298,1572,1392.308,0.000000,0.000
PNW70311,436,257.860,0.000000,0.000
PNW70653,2033,1853.308,8.562340,110.000
PNW70185,5432,5252.308,3.021273,110.000
PNW71018,3074,2894.308,1.518508,30.466
PNW70504,4164,3984.308,3.666253,101.258
PNW70793,5324,5144.308,9.958572,355.121
PNW70715,640,460.610,4.071532,13.000
PNW70639,1701,1521.308,0.000000,0.000
PNW70421,742,562.517,0.807778,3.150
PNW70948,5038,4858.308,0.772033,26.000
PNW70964,1758,1578.308,29.797323,326.003
PNW70862,5264,5084.308,0.198616,7.000
PNW71004,1766,1586.308,6.006456,66.048
PNW70045,7316,7136.308,2.203436,109.000
PNW70024,2016,1836.308,0.000000,0.000
PNW70321,1810,1630.308,12.170516,137.541
PNW70270,2113,1933.308,21.415502,287.000
PNW70001,1061,881.308,0.000000,0.000
PNW70594,2183,2003.308,4.176822,58.002
PNW70664,1160,980.308,6.189940,42.063
PNW71092,4082,3902.308,1.330848,36.000
PNW70272,2238,2058.308,4.065042,58.000
PNW70906,1135,955.308,4.228263,28.000
PNW70399,3034,2854.308,1.111909,22.000
PNW70936,11447,11267.308,0.588959,46.000
PNW70511,2018,1838.308,5.964070,76.000
PNW71065,3927,3747.308,15.568405,404.405
PNW69895,970,790.315,3.762547,20.613
PNW69980,12030,11850.308,6.663893,547.407
PNW71095,1401,1221.308,2.716752,23.000
PNW70571,903,723.354,244.050691,1223.724
PNW70136,4604,4424.308,6.358357,195.004
PNW70150,2217,2037.308,66.762449,942.848
PNW70555,3764,3584.308,0.804956,20.000
PNW70815,3498,3318.308,0.821561,18.898
PNW70457,2704,2524.308,5.772002,101.000
PNW71109,8269,8089.308,2.925097,164.023
PNW70712,1012,832.308,19.886893,114.737
PNW70531,2343,2163.308,12.811455,192.119
PNW70688,9773,9593.308,5.064116,336.763
PNW70438,3737,3557.308,11.669216,287.750
PNW70810,2657,2477.308,10.010367,171.903
PNW70679,9361,9181.308,3.283895,209.000
PNW71123,3140,2960.308,2.485311,51.000
PNW70191,2748,2568.308,5.897794,105.000
PNW70845,1026,846.308,0.511376,3.000
PNW70436,1693,1513.308,1.050268,11.017
PNW69973,3058,2878.308,3.614539,72.118
PNW70171,2501,2321.308,0.000000,0.000
PNW70282,2467,2287.308,499.030125,7912.323
PNW70220,2399,2219.308,0.975037,15.000
PNW70708,4190,4010.308,2.014456,56.000
PNW70424,11050,10870.308,0.013271,1.000
PNW69904,1703,1523.308,4.072191,43.000
PNW70707,2680,2500.308,9.808506,170.000
PNW70400,1298,1118.308,33.023717,256.000
PNW71061,2660,2480.308,12.628911,217.132
PNW69899,4126,3946.308,13.891613,380.011
PNW70433,1601,1421.308,8.322868,82.000
PNW70398,5889,5709.308,2.956309,117.000
PNW70183,2020,1840.308,1.411008,18.000
PNW70118,1573,1393.308,6.833515,66.000
PNW71034,2843,2663.308,0.000000,0.000
PNW70076,4532,4352.308,3.514399,106.029
PNW70583,3402,3222.308,0.582001,13.000
PNW70291,2767,2587.308,0.167271,3.000
PNW70521,1948,1768.308,0.244743,3.000
PNW70306,3106,2926.308,1.084551,22.000
PNW69926,1257,1077.308,3.079891,23.000
PNW70669,6284,6104.308,0.283591,12.000
PNW70699,4353,4173.308,4.563006,132.003
PNW69910,3785,3605.308,1.080361,27.000
PNW70859,9423,9243.308,1.594235,102.149
PNW71032,3855,3675.308,8.635681,220.010
PNW70096,1502,1322.308,3.491120,32.000
PNW69893,14630,14450.308,4.070409,407.725
PNW70869,1402,1222.308,17.821615,151.001
PNW70592,1424,1244.308,27.581728,237.904
PNW71083,2593,2413.308,0.000000,0.000
PNW71122,2607,2427.308,1.366943,23.000
PNW70588,1234,1054.308,8.438305,61.670
PNW70665,8625,8445.308,2.784235,162.995
PNW70549,1107,927.308,93.508616,601.075
PNW69947,1203,1023.308,0.000000,0.000
PNW69897,3445,3265.308,11.398853,258.011
PNW70956,1196,1016.308,7.381172,52.000
PNW70043,5385,5205.308,0.000000,0.000
PNW70431,1890,1710.308,17.465201,207.062
PNW71036,2444,2264.308,0.000000,0.000
PNW70005,2918,2738.308,0.052682,1.000
PNW70375,2250,2070.308,17.322530,248.599
PNW71005,17275,17095.308,0.217714,25.800
PNW70278,3253,3073.308,6.072769,129.374
PNW70277,3383,3203.308,0.000000,0.000
PNW70636,1473,1293.308,48.742065,436.977
PNW70552,2205,2025.308,0.142458,2.000
PNW70116,3474,3294.308,8.407841,192.000
PNW70445,3187,3007.308,0.000000,0.000
PNW70776,1988,1808.308,0.000000,0.000
PNW70429,1708,1528.308,0.000000,0.000
PNW70388,3462,3282.308,13.596750,309.362
PNW69986,3454,3274.308,1.189575,27.000
PNW70493,2572,2392.308,62.576735,1037.726
PNW70773,3861,3681.308,0.117562,3.000
PNW70072,1706,1526.308,15.798674,167.153
PNW70910,7191,7011.308,8.429021,409.665
PNW71075,4327,4147.308,4.278448,123.000
PNW70986,2597,2417.308,0.000000,0.000
PNW70695,3041,2861.308,7.719750,153.116
PNW70800,1698,1518.308,63.940837,672.962
PNW70955,6277,6097.308,0.473194,20.000
PNW69882,624,444.635,0.000000,0.000
PNW70070,4032,3852.308,7.079682,189.055
PNW70501,1236,1056.308,0.000000,0.000
PNW70650,1973,1793.308,33.182061,412.488
PNW70406,3212,3032.308,0.570894,12.000
PNW70505,1657,1477.308,72.083342,738.174
PNW69959,3026,2846.308,0.152050,3.000
PNW70498,2454,2274.308,21.442056,338.040
PNW70659,1951,1771.308,85.950036,1055.341
PNW70683,1093,913.308,52.406076,331.781
PNW70113,1487,1307.308,1.103493,10.000
PNW70017,4389,4209.308,8.465180,247.001
PNW70338,11341,11161.308,0.323126,25.000
PNW70785,2296,2116.308,5.385123,79.000
PNW70884,2897,2717.308,0.159268,3.000
PNW69928,7268,7088.308,1.037947,51.000
PNW70133,4533,4353.308,1.226117,37.000
PNW70966,2594,2414.308,1.434056,24.000
PNW70854,7314,7134.308,1.233461,61.000
PNW70867,6729,6549.308,0.264322,12.000
PNW70689,6831,6651.308,0.195201,9.000
PNW70201,1801,1621.308,5.961904,67.004
PNW70213,4645,4465.308,0.452297,14.000
PNW69877,1364,1184.308,34.543407,283.584
PNW69962,1936,1756.308,7.885295,96.000
PNW70777,3568,3388.308,2.364018,55.525
PNW71040,5661,5481.308,4.342574,165.000
PNW69997,2422,2242.308,0.101270,1.574
PNW70266,2405,2225.308,3.707123,57.185
PNW70094,3837,3657.308,21.420916,543.065
PNW70159,956,776.322,0.185826,1.000
PNW70729,1942,1762.308,24.078180,294.143
PNW70909,1975,1795.308,1.848146,23.000
PNW70194,2424,2244.308,22.421663,348.821
PNW70580,3470,3290.308,23.991489,547.200
PNW70226,2628,2448.308,13.454935,228.350
PNW70428,3520,3340.308,4.059941,94.007
PNW70922,2150,1970.308,23.374432,319.248
PNW70788,2342,2162.308,3.602663,54.000
PNW69876,1747,1567.308,19.513244,212.000
PNW70426,4482,4302.308,2.548353,76.000
PNW70971,1659,1479.308,148.299745,1520.728
PNW70304,1082,902.308,84.167428,526.443
PNW70193,5644,5464.308,2.831773,107.262
PNW70759,387,210.307,2.743806,4.000
PNW70181,752,572.510,0.000000,0.000
PNW69833,1684,1504.308,6.137666,64.002
PNW69838,3554,3374.308,6.122129,143.199
PNW69853,3550,3370.308,6.543799,152.881
PNW69857,4204,4024.308,0.000000,0.000
PNW69860,1777,1597.308,15.624453,173.000
PNW69862,8049,7869.308,0.058988,3.218
PNW69863,6429,6249.308,1.564701,67.782
PNW69826,1217,1037.308,2.476988,17.811
PNW69839,1771,1591.308,3.535556,39.000
PNW69827,3286,3106.308,0.000000,0.000
PNW69835,1598,1418.308,13.121051,129.001
PNW69861,3599,3419.308,3.333008,79.000
PNW69836,4382,4202.308,3.196594,93.117
PNW69828,3275,3095.308,0.103234,2.215
PNW69842,1945,1765.308,3.187069,39.000
PNW69854,4542,4362.308,101.153534,3058.792
PNW69855,4712,4532.308,14.885430,467.663
PNW69859,2551,2371.308,13.528313,222.374
PNW69844,2116,1936.308,8.046309,108.000
PNW69834,3797,3617.308,1.754748,44.000
PNW69832,1955,1775.308,15.276858,188.001
PNW69852,1696,1516.308,7.706283,81.000
PNW69865,2716,2536.308,77.880406,1369.250
PNW69864,2976,2796.308,25.586971,495.971
PNW69868,3346,3166.308,1.442408,31.659
PNW69847,980,800.313,0.000000,0.000
PNW69851,771,591.497,0.000000,0.000
PNW69866,1309,1129.308,3.321301,26.000
PNW69845,1842,1662.308,1.128182,13.000
PNW69831,2933,2753.308,0.000000,0.000
PNW69840,2013,1833.308,3.777054,48.000
PNW69841,1143,963.308,0.000000,0.000
PNW69867,1992,1812.308,26.826503,337.015
PNW69830,2689,2509.308,0.585777,10.189
PNW69843,1970,1790.308,3.464879,43.000
PNW69846,2692,2512.308,6.316435,110.001
PNW69856,2264,2084.308,42.256291,610.528
PNW69837,1886,1706.308,0.000000,0.000
PNW69869,14454,14274.308,55.594283,5500.950
PNW69848,3025,2845.308,0.608414,12.000
PNW69849,8049,7869.308,1.686548,92.000
PNW69850,3437,3257.308,8.623241,194.707
PNW69829,1686,1506.308,0.687680,7.180
PNW69858,2383,2203.308,0.865970,13.226
PNW69801,4728,4548.308,10.672165,336.477
PNW69800,4752,4572.308,0.835347,26.476
PNW69805,2151,1971.308,26.782528,365.981
PNW69807,1395,1215.308,0.000000,0.000
PNW69806,2196,2016.308,0.000000,0.000
PNW69813,2404,2224.308,0.126063,1.944
PNW69811,1997,1817.308,57.552370,725.011
PNW69798,3208,3028.308,0.000000,0.000
PNW69797,3181,3001.308,56.325011,1171.829
PNW69795,3187,3007.308,0.000000,0.000
PNW69796,3232,3052.308,0.000000,0.000
PNW69790,2296,2116.308,0.340831,5.000
PNW69824,2719,2539.308,4.312997,75.918
PNW69812,1113,933.308,381.127057,2465.741
PNW69815,2210,2030.308,0.000000,0.000
PNW69816,1435,1255.308,0.000000,0.000
PNW69818,1703,1523.308,20.543559,216.928
PNW69817,2533,2353.308,16.505993,269.261
PNW69814,1795,1615.308,2.726838,30.533
PNW69819,1590,1410.308,0.000000,0.000
PNW69810,5884,5704.308,1.694413,67.000
PNW69825,1853,1673.308,15.949359,185.000
PNW69794,4050,3870.308,2.254570,60.487
PNW69804,8919,8739.308,4.384741,265.628
PNW69808,3180,3000.308,0.336573,7.000
PNW69809,3237,3057.308,0.000000,0.000
PNW69788,5996,5816.308,4.092464,165.000
PNW69793,11536,11356.308,3.036054,239.001
PNW69786,1317,1137.308,3.044251,24.000
PNW69823,2144,1964.308,5.940174,80.884
PNW69822,2135,1955.308,23.974072,324.945
PNW69821,5192,5012.308,4.533995,157.533
PNW69820,5183,5003.308,9.560103,331.568
PNW69789,2046,1866.308,52.799572,683.072
PNW69787,3270,3090.308,1.727219,37.000
PNW69791,1177,997.308,0.289300,2.000
PNW69792,2600,2420.308,6.854482,115.000
PNW69802,4848,4668.308,1.859443,60.172
PNW69803,4927,4747.308,2.964499,97.555
PNW69799,3514,3334.308,29.457422,680.852
PNW69778,3805,3625.308,0.105260,2.645
PNW69780,2066,1886.308,0.000000,0.000
PNW69782,5199,5019.308,0.115908,4.033
PNW69777,3317,3137.308,0.643646,13.998
PNW69784,8686,8506.308,1.729913,102.004
PNW69779,650,470.597,0.000000,0.000
PNW69781,1422,1242.308,0.371734,3.201
PNW69783,6080,5900.308,26.063694,1066.015
PNW69785,2427,2247.308,0.000000,0.000
PNW69748,5730,5550.308,0.000000,0.000
PNW69744,2677,2497.308,0.057768,1.000
PNW69751,4192,4012.308,5.788798,161.003
PNW69755,5302,5122.308,0.431486,15.321
PNW69764,872,692.386,0.818238,3.927
PNW69750,1713,1533.308,1.411267,15.000
PNW69761,6197,6017.308,0.000000,0.000
PNW69776,1121,941.308,0.000000,0.000
PNW69766,3780,3600.308,0.507898,12.676
PNW69752,3495,3315.308,19.515732,448.499
PNW69771,3130,2950.308,0.000000,0.000
PNW69770,1706,1526.308,0.000000,0.000
PNW69768,2045,1865.308,1.974464,25.530
PNW69769,1935,1755.308,0.000000,0.000
PNW69767,1595,1415.308,0.000000,0.000
PNW69760,1266,1086.308,21.198050,159.625
PNW69753,2356,2176.308,0.000000,0.000
PNW69775,1510,1330.308,43.692210,402.911
PNW69756,2658,2478.308,13.478314,231.549
PNW69763,1068,888.308,0.210776,1.298
PNW69759,1742,1562.308,0.096531,1.045
PNW69765,4643,4463.308,0.000000,0.000
PNW69749,1699,1519.308,39.128098,412.085
PNW69762,1974,1794.308,4.321521,53.751
PNW69747,1280,1100.308,0.272360,2.077
PNW69745,3900,3720.308,0.000000,0.000
PNW69757,4589,4409.308,4.457109,136.231
PNW69758,1781,1601.308,0.000000,0.000
PNW69772,2532,2352.308,0.000000,0.000
PNW69746,2494,2314.308,0.067929,1.090
PNW69773,4973,4793.308,0.000000,0.000
PNW69754,1407,1227.308,1.537007,13.076
PNW69774,1292,1112.308,0.000000,0.000
PNW69737,1987,1807.308,0.000000,0.000
PNW69733,1095,915.308,0.000000,0.000
PNW69726,1815,1635.308,0.000000,0.000
PNW69731,586,406.730,0.000000,0.000
PNW69740,4717,4537.308,0.031796,1.000
PNW69738,3118,2938.308,0.000000,0.000
PNW69730,1745,1565.308,0.000000,0.000
PNW69729,1625,1445.308,0.000000,0.000
PNW69732,1072,892.308,0.000000,0.000
PNW69724,1889,1709.308,0.000000,0.000
PNW69736,2307,2127.308,0.000000,0.000
PNW69735,3108,2928.308,0.000000,0.000
PNW69725,1970,1790.308,0.000000,0.000
PNW69739,1154,974.308,1.590362,10.741
PNW69742,3165,2985.308,2.512877,52.001
PNW69743,1895,1715.308,0.000000,0.000
PNW69734,2533,2353.308,6.961173,113.557
PNW69727,3115,2935.308,0.000000,0.000
PNW69728,3514,3334.308,0.043266,1.000
PNW69741,2816,2636.308,0.081801,1.495
PNW69721,3159,2979.308,0.490473,10.129
PNW69708,1644,1464.308,0.622201,6.316
PNW69714,1788,1608.308,4.268756,47.591
PNW69711,3759,3579.308,0.375468,9.316
PNW69712,2465,2285.308,0.000000,0.000
PNW69713,3108,2928.308,0.000000,0.000
PNW69715,2052,1872.308,0.000000,0.000
PNW69716,2362,2182.308,0.000000,0.000
PNW69718,2877,2697.308,0.500072,9.350
PNW69709,1426,1246.308,0.115750,1.000
PNW69720,804,624.474,0.462022,2.000
PNW69722,1520,1340.308,0.000000,0.000
PNW69710,1685,1505.308,0.000000,0.000
PNW69717,865,685.395,0.000000,0.000
PNW69719,1322,1142.308,0.000000,0.000
PNW69707,3800,3620.308,0.080840,2.029
PNW69723,732,552.525,0.000000,0.000
PNW69699,3443,3263.308,0.000000,0.000
PNW69698,3410,3230.308,0.982486,22.000
PNW69701,2190,2010.308,0.430562,6.000
PNW69688,1461,1281.308,159.644782,1417.950
PNW69702,3081,2901.308,2.138071,43.000
PNW69703,7017,6837.308,0.337584,16.000
PNW69695,647,467.600,0.000000,0.000
PNW69686,2567,2387.308,5.161146,85.410
PNW69697,2680,2500.308,6.058623,105.007
PNW69691,4333,4153.308,5.559771,160.068
PNW69700,5798,5618.308,2.028472,79.000
PNW69690,2714,2534.308,4.326151,76.000
PNW69692,1217,1037.308,4.728447,34.000
PNW69689,3051,2871.308,4.952265,98.568
PNW69687,1432,1252.308,0.000000,0.000
PNW69705,2692,2512.308,30.372741,528.944
PNW69693,1341,1161.308,25.962483,209.000
PNW69696,4178,3998.308,3.716280,103.000
PNW69706,4512,4332.308,0.765872,23.000
PNW69694,2224,2044.308,50.579975,716.766
PNW69704,2418,2238.308,2.644352,41.029
PNW69683,4219,4039.308,0.272896,7.641
PNW69682,5502,5322.308,0.000000,0.000
PNW69676,4142,3962.308,0.000000,0.000
PNW69678,2975,2795.308,0.264731,5.130
PNW69680,3910,3730.308,2.535649,65.567
PNW69677,1209,1029.308,0.000000,0.000
PNW69684,806,626.471,0.000000,0.000
PNW69681,1261,1081.308,2.001194,15.000
PNW69679,4814,4634.308,0.000000,0.000
PNW69685,2572,2392.308,0.180905,3.000
PNW69669,1558,1378.308,53.937989,515.340
PNW69668,1922,1742.308,0.165597,2.000
PNW69673,3805,3625.308,1.429881,35.933
PNW69674,1406,1226.308,0.000000,0.000
PNW69670,3168,2988.308,7.096421,147.000
PNW69671,6128,5948.308,3.710611,153.000
PNW69675,1416,1236.308,0.000000,0.000
PNW69666,1662,1482.308,10.706768,110.014
PNW69664,1980,1800.308,11.138210,139.000
PNW69667,685,505.564,9.131055,32.000
PNW69672,5650,5470.308,0.395573,15.000
PNW69665,5468,5288.308,2.427844,89.000
PNW69660,1076,896.308,0.000000,0.000
PNW69657,3215,3035.308,0.000000,0.000
PNW69658,6536,6356.308,0.229535,10.114
PNW69661,6330,6150.308,0.021495,0.916
PNW69662,3007,2827.308,0.000000,0.000
PNW69663,806,626.471,0.000000,0.000
PNW69659,2846,2666.308,0.000000,0.000
PNW69654,1366,1186.308,0.000000,0.000
PNW69652,3906,3726.308,0.070925,1.832
PNW69656,13728,13548.308,2.077135,195.075
PNW69653,766,586.500,0.000000,0.000
PNW69655,1980,1800.308,0.158053,1.972
PNW69651,9637,9457.308,0.041193,2.700
PNW69648,961,781.320,0.000000,0.000
PNW69649,1852,1672.308,0.000000,0.000
PNW69647,5986,5806.308,0.050461,2.031
PNW69650,3186,3006.308,0.000000,0.000
PNW69642,6180,6000.308,1.142519,47.521
PNW69646,1333,1153.308,8.928509,71.380
PNW69645,3533,3353.308,5.429225,126.201
PNW69643,2293,2113.308,1.884546,27.607
PNW69640,4280,4100.308,0.451337,12.828
PNW69641,1639,1459.308,0.098859,1.000
PNW69644,2148,1968.308,0.333128,4.545
PNW69637,2826,2646.308,0.000000,0.000
PNW69636,1046,866.308,0.000000,0.000
PNW69639,3008,2828.308,0.000000,0.000
PNW69638,1552,1372.308,0.000000,0.000
PNW69632,2546,2366.308,0.000000,0.000
PNW69630,2114,1934.308,0.000000,0.000
PNW69634,942,762.326,0.000000,0.000
PNW69631,2657,2477.308,0.000000,0.000
PNW69633,3145,2965.308,0.097299,2.000
PNW69635,7902,7722.308,0.000000,0.000
PNW69624,4914,4734.308,0.000000,0.000
PNW69626,1590,1410.308,0.000000,0.000
PNW69625,2957,2777.308,0.000000,0.000
PNW69628,2523,2343.308,1.046568,17.000
PNW69627,3019,2839.308,2.125466,41.833
PNW69629,812,632.464,0.000000,0.000
PNW69623,2262,2082.308,2.524821,36.444
PNW69621,2266,2086.308,0.000000,0.000
PNW69622,1632,1452.308,4.773638,48.057
PNW69618,977,797.314,0.000000,0.000
PNW69620,759,579.504,0.497876,2.000
PNW69615,6844,6664.308,0.367996,17.000
PNW69619,4444,4264.308,1.928296,57.000
PNW69617,667,487.582,0.000000,0.000
PNW69616,2586,2406.308,0.299755,5.000
PNW69612,2187,2007.308,29.616286,412.095
PNW69610,1119,939.308,21.284065,138.585
PNW69614,1287,1107.308,16.806165,129.000
PNW69611,3884,3704.308,6.620546,170.002
PNW69613,4505,4325.308,0.733758,22.000
PNW69606,3400,3220.308,0.045495,1.016
PNW69609,3148,2968.308,0.000000,0.000
PNW69607,1531,1351.308,0.000000,0.000
PNW69608,4226,4046.308,2.416046,67.767
PNW69605,2866,2686.308,1.627047,30.298
PNW69604,2979,2799.308,0.000000,0.000
PNW69603,2901,2721.308,0.000000,0.000
PNW69602,3272,3092.308,0.061173,1.311
PNW69601,2742,2562.308,0.056301,1.000
PNW69600,1718,1538.308,6.658789,71.005
PNW69599,1815,1635.308,3.717688,42.143
PNW69598,5313,5133.308,0.000000,0.000
PNW69597,5654,5474.308,0.187025,7.097
PNW69596,1488,1308.308,12.009929,108.919
PNW69593,5312,5132.308,0.787033,28.000
PNW69594,1089,909.308,4.283513,27.000
PNW69595,2161,1981.308,4.295833,59.000
PNW69592,876,696.381,337.866212,1630.963
PNW69590,1821,1641.308,0.000000,0.000
PNW69591,3506,3326.308,4.206871,97.001
PNW69589,1066,886.308,0.000000,0.000
PNW69588,5321,5141.308,0.000000,0.000
PNW69587,1570,1390.308,0.000000,0.000
PNW69585,1502,1322.308,21.376989,195.944
PNW69586,2036,1856.308,5.712974,73.513
PNW69584,2934,2754.308,0.108245,2.067
PNW69583,2829,2649.308,0.000000,0.000
PNW69582,812,632.464,1.824742,8.000
PNW69580,1519,1339.308,70.413764,653.718
PNW69581,1923,1743.308,509.374819,6155.512
PNW69579,3020,2840.308,9.023473,177.661
PNW69578,702,522.549,4.969275,18.000
PNW69576,2822,2642.308,4.260923,78.044
PNW69577,3438,3258.308,12.093605,273.150
PNW69575,525,345.942,71.830528,172.252
PNW69574,4324,4144.308,0.156265,4.489
PNW69573,1296,1116.308,3.986242,30.846
PNW69572,1879,1699.308,0.509363,6.000
